0.9999999999747619
0.9999999999667679
0.9999999999656239
0.9999999998827281
0.9999999999683099
0.9999999999864897
0.9999999999342372
0.999999999957768
0.9999999999670531
0.9999999999280954
0.9999999999640777
0.9999999999462699
0.9999999999571789
0.9999999999172031
0.9999999999800163
0.999999999976213
0.9999999999722577
0.999999999910828
0.9999999999816238
0.9999999998533148
0.9999999999694578
0.9999999992816946
0.9999999998356255
0.9999999995518208
0.9999999998914586
0.9999999999385338
0.9999999999625945
0.9999999999855094
0.9999999996687349
0.9999999998748051
0.9999999999704229
0.9999999982584274
0.9999999999778334
0.9999999999081821
0.9999999999783863
0.9999999999456729
0.9999999999645076
0.9999999999785243
0.9999999999105972
0.9999999999800551
0.9999999999828342
0.9999999998899589
0.999999999893267
0.9999999999471084
0.999999999884171
0.9999999999055675
0.9999999999555593
0.9999999999331165
0.99999999969068
0.999999999983416
0.9999999999644311
0.999999999955942
0.999999999984787
0.999999999968745
0.9999999998319192
0.9999999999142749
0.9999999999468379
0.9999999972436342
0.9999999999641352
0.9999999999415017
0.9999999999400815
0.9999999998963308
0.9999999999874556
0.9999999999751199
0.9999999994120559
0.9999999999792195
0.9999999999520326
0.9999999999685901
0.9999999999426203
0.9999999997344409
0.9999999999661587
0.999999999916582
0.9999999999741446
0.9999999998838632
0.9999999999585731
0.9999999999745557
0.9999999998251653
0.9999999999322132
0.9999999998919084
0.9999999999476388
0.9999999999751618
0.9999999999805272
0.9999999999703076
0.9999999999536795
0.9999999999739889
0.9999999999606841
0.9999999999769624
0.99999999992203
0.9999999997641265
0.9999999997266455
0.9999999998246233
0.9999999999232504
0.9999999999684326
0.9999999999494076
0.9999999999276469
0.9999999990391082
0.9999999998723283
0.9999999998971905
0.9999999999252339
0.9999999999694899
0.9999999999697886
0.9999999999673485
0.9999999999666919
0.9999999999323262
0.9999999998584544
0.9999999998887006
0.9999999999512074
0.9999999999753699
0.9999999999202442
0.9999999999720195
0.9999999999440449
0.9999999999822398
0.9999999999392079
0.9999999999232017
0.9999999999687184
0.9999999999539115
0.9999999987076058
0.9999999998753184
0.9999999999777329
0.9999999998299375
0.9999999999646069
0.9999999999872433
0.9999999999797055
0.999999999930912
0.9999999997803458
0.9999999999633583
0.9999999981121659
0.9999999999493937
0.9999999978281858
0.9999999998851408
0.9999999999649398
0.999999999965782
0.9999999666182404
0.9999999999749744
0.9999999999536554
0.9999999999433147
0.9999999999292962
0.9999999999663142
0.9999999999549622
0.9999999999845487
0.999999999894667
0.9999999999168471
0.9999999999470205
0.999999999983679
0.9999999999522182
0.9999999999713695
0.9999999999160639
0.9999999999081012
0.9999999996117939
0.9999999999214025
0.9999999999549996
0.9999999989167271
0.9999999999587401
0.9999999999441019
0.9999999935951621
0.9999999999585185
0.9999999999734583
0.9999999985852914
0.9999999999083826
0.9999999932581032
0.9999999999337471
0.9999999999340442
0.9999999999715938
0.9999999999671869
0.999999999898414
0.9999999999387523
0.9999999998818793
0.999999999979708
0.9999999999320509
0.9999999999760186
0.9999999999548025
0.9999999999600541
0.9999999999723337
0.9999999999768712
0.9999999994010736
0.9999999999170296
0.9999999999439696
0.9999999999492484
0.9999999999429617
0.9999999999499906
0.9999999999224266
0.9999999997564217
0.9999999999167692
0.9999999999604711
0.9999999839182792
0.9999999998834717
0.9999999999766196
0.9999999681962564
0.9999999999525933
0.9999999999640627
0.9999999984522305
0.9999999999844242
0.9999999999521044
0.9999999999846266
0.9999999999462075
0.9999999968660291
0.9999999999240927
0.9999999999570668
0.9999999999395883
0.9999999999021544
0.9999999998564031
0.9999999999168478
0.9999999998736854
0.9999999999598089
0.9999999999813399
0.9999999999634974
0.9999999999463779
0.9999999999769026
0.9999999999713641
0.9999999999299751
0.9999999999557815
0.9999999998636221
0.9999999999325963
0.9999999999806913
0.9999999999681753
0.9999999999157679
0.9999999998284897
0.9999999999650508
0.9999999998985263
0.999999999933132
0.999999999913749
0.9999999999202365
0.9999999999540158
0.9999999999824822
0.9999999999496374
0.9999999999609759
0.9999999999763826
0.9999999999416703
0.9999999999473506
0.9999999999810171
0.9999999999332831
0.9999999996366937
0.9999999993460195
0.9999999996982175
0.9999999998915596
0.9999999997184713
0.9999999999407115
0.9999999999815997
0.9999999999337802
0.9999999997405408
0.9999999998059829
0.9999999997853285
0.9999999991861026
0.9999999999456379
0.9999999984838832
0.9999999998910548
0.9999999999760452
0.9999999999289519
0.9999999999622047
0.9999999999707627
0.9999999999599617
0.9999999994506801
0.9999999999517006
0.999999999727594
0.9999999999083318
0.9999999999813579
0.9999999999796337
0.9999999998809097
0.9999999999342328
0.9999999999499144
0.9999999998456788
0.9999999999781432
0.9999999998602922
0.999999999953226
0.999999999133295
0.999999999932745
0.9999999999490653
0.9999999997669929
0.9999999999770909
0.9999999994194666
0.999999999955766
0.9999999999613564
0.9999999999697761
0.9999999999737424
0.9999999999869841
0.9999999999641463
0.9999999997403564
0.9999999999235546
0.9999999998686969
0.9999999999866621
0.9999999999112681
0.9999999999612434
0.9999999999516425
0.9999999999653736
0.9999999999413108
0.9999999999808302
0.999999999707607
0.9999999999554899
0.9999999999568179
0.9999999999681543
0.9999999999545469
0.9999999999705316
0.9999999999701388
0.9999999999776555
0.9999999967761765
0.9999999999183738
0.999999999967242
0.9999999998898014
0.9999999999242133
0.999999999647411
0.9999999999692699
0.999999999937074
0.999999999972024
0.9999999999162343
0.9999999991818682
0.9999999999817185
0.9999999996693826
0.9999999998804778
0.9999999995781179
0.9999999999717601
0.9999999999411773
0.9999999999558253
0.999999999958068
0.9999999989463174
0.999999999981565
0.9999999998100809
0.9999999999760061
0.9999999999496381
0.9999999999807174
0.9999999999526991
0.9999999997941257
0.9999999999281479
0.9999999999198061
0.9999999999821679
0.999999999906917
0.9999999999772269
0.9999999999730415
0.9999999994071872
0.9999999999600719
0.9999999999174328
0.9999999995514359
0.9999999999717817
0.9999999999752047
0.9999999999835908
0.9999999997080873
0.999999999570619
0.9999999999838445
0.9999999999237204
0.999999999984649
0.9999999997999315
0.9999999999548049
0.9999999998090033
0.9999999998809638
0.9999999997344289
0.9999999999577301
0.9999999998877218
0.999999999905351
0.9999999999260792
0.9999999999351575
0.9999999999739388
0.9999999999233021
0.9999999995820598
0.9999999998464281
0.9999999999010915
0.9999999999769363
0.9999999999530046
0.9999999999519293
0.9999999998453294
0.9999999998989955
0.9999999998946283
0.9999999999562477
0.999999999969513
0.9999999999678156
0.999999999976381
0.9999999996865659
0.9999999999452481
0.9999999999823529
0.9999999992611034
0.9999999999617111
0.9999999999639163
0.9999999999395897
0.999999999969654
0.9999999998241819
0.9999999999791761
0.9999999999771694
0.999999999766722
0.9999999999197475
0.9999999999487295
0.9999999999727901
0.9999999999244001
0.9999999999072507
0.999999999898507
0.9999999999471256
0.9999999999804652
0.9999999999190284
0.9999999996883719
0.999999999933051
0.9999999999789694
0.9999999999437795
0.9999999998905778
0.9999999999816173
0.9999999997944105
0.9999999999584556
0.9999999995790433
0.9999999994095582
0.9999999999413877
0.9999999999656273
0.9999999998722333
0.9999999999812079
0.9999999999296039
0.9999999999793903
0.9999999998816448
0.9999999998999203
0.9999999999707547
0.9999999999732315
0.999999999934598
0.9999999999443562
0.9999999999260137
0.9999999999359171
0.9999999999085306
0.99999999992747
0.9999999999419864
0.9999999999817114
0.9999999999778203
0.9999999999831083
0.9999999997635527
0.9999999999646022
0.9999999999872878
0.9999999998140142
0.9999999997646764
0.9999999995914318
0.9999999998897954
0.9999999999836702
0.999999999978056
0.999999999958666
0.9999999997740918
0.9999999999411009
0.9999999999074748
0.9999999999346003
0.9999999999274222
0.9999999996609242
0.9999999999785957
0.9999999998614618
0.9999999999237981
0.9999999997109728
0.9999999999681615
0.9999999999572452
0.9999999998766299
0.9999999998837097
0.9999999994619936
0.9999999999284023
0.9999999993657387
0.9999999999255504
0.9999999998795827
0.9999999998975667
0.9999999999889345
0.9999999999801622
0.9999999999434372
0.9999999999550695
0.9999999999720264
0.9999999982933216
0.9999999997338225
0.9999999999702294
0.9999999999527676
0.9999999994764237
0.9999999985919599
0.999999999980601
0.9999999999774856
0.9999999999611101
0.9999999998546748
0.9999999998692846
0.9999999999740617
0.9999999999325969
0.9999999999594272
0.999999999972733
0.9999999999010344
0.9999999998849946
0.9999999998259284
0.9999999999810941
0.9999999999733337
0.9999999999718119
0.9999999998414589
0.9999999999800968
0.9999999999775238
0.9999999999375642
0.9999999998847605
0.999999999960378
0.999999999960432
0.9999999998988912
0.9999999999579123
0.999999999899276
0.9999999998053773
0.9999999999782954
0.99999999997946
0.9999999998670879
0.9999999999757647
0.9999999997974426
0.9999999998626121
0.9999999999412486
0.9999999999698421
0.9999999999669131
0.999999999912677
0.9999999999478489
0.9999999999484342
0.9999999999758895
0.9999999999575176
0.9999999998350435
0.9999999999580453
0.9999999999165753
0.9999999996677593
0.9999999998429598
0.9999999997485347
0.9999999999718692
0.9999999999119193
0.9999999999797673
0.9999999999887713
0.9999999999837479
0.9999999999599705
0.9999999999202358
0.9999999998635007
0.9999999999307494
0.9999999999626346
0.9999999999722503
0.9999999999470001
0.9999999999813362
0.9999999999391697
0.9999999998836925
0.9999999999809761
0.9999999999664868
0.9999999986830984
0.9999999999229267
0.999999999592142
0.9999999998335196
0.9999999999764323
0.999999999956857
0.9999999999663157
0.999999999950595
0.9999999999735004
0.9999999999796905
0.9999999999564526
0.999999999884214
0.9999999999496902
0.9999999999719663
0.9999999998623182
0.9999999999508064
0.9999999999750947
0.9999999999584681
0.9999999993827773
0.9999999999353238
0.9999999999678135
0.9999999999517734
0.999999999873661
0.9999999999716463
0.9999999999694468
0.9999999999794402
0.9999999999099285
0.9999999999610028
0.9999999999062572
0.9999999999616742
0.9999999998561131
0.9999999999676642
0.9999999998952865
0.9999999999146126
0.9999999998445597
0.9999999999140704
0.9999999999072862
0.9999999999729302
0.9999999992301646
0.9999999999843698
0.9999999999127483
0.999999999958226
0.9999999999474776
0.9999999999114195
0.9999999999118754
0.9999999999826275
0.9999999999754078
0.9999999999598947
0.9999999999184652
0.9999999999736487
0.9999999999728325
0.9999999999809723
0.9999999999870286
0.9999999998202255
0.9999999999644954
0.9999999999227718
0.999999999983029
0.99999999994721
0.9999999999492611
0.9999999999651482
0.9999999998045664
0.9999999997140657
0.9999999809443167
0.999999999985427
0.9999999999644568
0.999999999653476
0.9999999999563935
0.9999999999638092
0.9999999997399787
0.999999999964843
0.999999999821641
0.9999999992825723
0.9999999998812302
0.9999999999026548
0.9999999999465987
0.9999999999727918
0.999999999967416
0.9999999999523879
0.9999999999537601
0.9999999996880709
0.9999999999770097
0.9999999999790277
0.9999999999748685
0.9999999999159497
0.9999999999576
0.9999999999789512
0.9999999997538702
0.9999999989168498
0.9999999999760517
0.9999999995538974
0.9999999999655946
0.999999999981064
0.9999999998730054
0.999999999973814
0.9999999999611612
0.9999999998181307
0.9999999999318567
0.9999999999000665
0.99999999988679
0.9999999999441416
0.99999999996423
0.999999999751015
0.9999999998741794
0.9999999999187302
0.9999999999856967
0.9999999999608181
0.999999999962955
0.9999999999425709
0.9999999999761414
0.9999999980239969
0.9999999999802964
0.9999999998338708
0.999999999978011
0.9999999998395198
0.9999999996435313
0.9999999998999353
0.9999999992582719
0.9999999998943551
0.9999999997480533
0.9999999999501922
0.9999999998350303
0.9999999999401432
0.9999999995508791
0.9999999996279896
0.9999999999840663
0.9999999990484932
0.9999999998882165
0.999999999269562
0.9999999999586281
0.9999999999733886
0.9999999999718863
0.9999999996225005
0.9999999999695908
0.999999999848002
0.9999999999678001
0.9999999999421829
0.9999999999720446
0.9999999998689036
0.9999999999727917
0.9999999999598889
0.9999999999720299
0.9999999999601613
0.9999999998740204
0.9999999999073814
0.999999999932146
0.9999999998878317
0.9999999999094477
0.9999999999756941
0.9999999998776933
0.9999999999695982
0.9999999999777078
0.9999999999661419
0.999999999967567
0.9999999998979883
0.9999999998767227
0.9999999998612651
0.9999999998894189
0.9999999999603888
0.9999999999223425
0.9999999999866181
0.9999999999316157
0.9999999999333284
0.9999999995693226
0.99999999997402
0.999999999962552
0.9999999999212698
0.9999999999802528
0.9999999999705341
0.9999999999766132
0.9999999999608876
0.999999999872301
0.9999999999433852
0.9999999997732621
0.999999999963393
0.9999999997151431
0.9999999999658196
0.9999999999701101
0.9999999999602395
0.9999999999728437
0.9999999998943151
0.9999999999837683
0.9999999998934858
0.9999999999597758
0.9999999998191589
0.9999999999615394
0.9999999983871469
0.9999999999134193
0.9999999998313653
0.999999999956743
0.9999999995561251
0.9999999998815498
0.9999999996684226
0.9999999999451026
0.9999999998416033
0.9999999999597615
0.9999999999564895
0.9999999999810925
0.9999999999055021
0.9999999999731619
0.9999999996821403
0.9999999999758814
0.9999999999639816
0.9999999999332406
0.9999999992300794
0.9999999998132852
0.999999999931885
0.9999999999795668
0.999999999962844
0.9999999999548101
0.9999999999604131
0.9999999998105664
0.9999999999848377
0.9999999999498606
0.9999999998535687
0.9999999997915231
0.9999999999514685
0.9999999999627676
0.9999999999810563
0.9999999999803059
0.9999999999576249
0.9999999999730365
0.9999999999550542
0.9999999999541661
0.9999999999475206
0.9999999999805118
0.9999999999576897
0.999999999863639
0.9999999999842736
0.9999999999798587
0.9999999996546076
0.9999999982424959
0.999999999955446
0.9999999999794008
0.9999999999746013
0.9999999999413958
0.999999999938595
0.999999999862454
0.9999999999759798
0.9999999999811874
0.9999999998888702
0.9999999999631443
0.9999999998737226
0.9999999999520375
0.9999999999839868
0.9999999999667674
0.9999999999777033
0.9999999999452909
0.9999999999133746
0.9999999999171101
0.9999999999304237
0.9999999998664566
0.9999999999236698
0.9999999999435221
0.9999999999890761
0.9999999998358935
0.9999999997414907
0.9999999999694572
0.9999999999826613
0.9999999946953356
0.9999999999727
0.9999999999027539
0.9999999998753586
0.9999999998627356
0.9999999999717176
0.9999999996666121
0.9999999999725595
0.9999999999129592
0.9999999999445219
0.9999999999710039
0.9999999999767758
0.9999999999868902
0.9999999999189044
0.99999999993362
0.9999999999628612
0.9999999999049412
0.9999999999755796
0.9999999997095017
0.9999999994062173
0.9999999999714416
0.999999999167677
0.9999999999726352
0.9999999999771321
0.9999999999817069
0.9999999998386289
0.9999999996345165
0.9999999999745351
0.9999999999486757
0.9999999999600768
0.9999999996402082
0.9999999998764982
0.9999999999727677
0.9999999999025433
0.9999999999852814
0.9999999999483177
0.9999999998786924
0.9999999999630848
0.9999999998358868
0.9999999998468276
0.9999999996567459
0.9999999999153987
0.9999999997693269
0.9999999999626358
0.9999999999831571
0.9999999999466135
0.9999999999460285
0.9999999999716318
0.9999999999754725
0.9999999999339437
0.999999999981919
0.9999999999621509
0.9999999999128334
0.9999999999314987
0.9999999999340037
0.9999999995579225
0.9999999999764468
0.9999999999734894
0.9999999998987347
0.9999999999883132
0.999999999988542
0.9999999999586415
0.9999999999821241
0.999999999958742
0.9999999999619339
0.9999999999695209
0.999999999771582
0.9999999998950486
0.9999999999313786
0.999999999977909
0.9999999999618567
0.999999999901043
0.9999999999795581
0.99999999997162
0.9999999999855981
0.9999999997385862
0.9999999998526491
0.9999999999688088
0.9999999999618968
0.9999999999755765
0.9999999999787961
0.9999999999640794
0.9999999999505661
0.9999999998170398
0.9999999995121783
0.9999999999699952
0.9999999999637739
0.999999999976964
0.9999999999869357
0.9999999999140484
0.9999999998332438
0.9999999998969923
0.9999999999045004
0.9999999999509818
0.999999999744421
0.9999999999319865
0.9999999999587195
0.9999999999702355
0.9999999999398987
0.9999999999083967
0.9999999999443947
0.9999999999832362
0.9999999999439876
0.9999999999359204
0.9999999999834855
0.9999999999631064
0.9999999999829401
0.9999999999668693
0.9999999999693363
0.9999999999849333
0.9999999998333893
0.9999999997214553
0.9999999999763431
0.9999999999745872
0.9999999999407385
0.9999999999839803
0.9999999998435298
0.9999999999643919
0.9999999994576386
0.9999999998893186
0.9999999995693432
0.9999999999712854
0.9999999999226394
0.9999999998111272
0.9999999995874485
0.9999999996944037
0.9999999999219893
0.9999999999838777
0.9999999999434147
0.9999999999637237
0.9999999998513992
0.9999999999587029
0.9999999999319169
0.9999999947988385
0.9999999999782636
0.9999999998501736
0.9999999999137942
0.999999999981349
0.9999999999344208
0.999999999980052
0.999999999936554
0.9999999999741863
0.9999999996601986
0.9999999999694735
0.9999999999675658
0.9999999999682382
0.9999999999578616
0.9999999999771865
0.9999999999877581
0.9999999999058691
0.9999999999720135
0.9999999999246593
0.9999999998119974
0.9999999999529106
0.9999999999551965
0.9999999998294191
0.9999999998505135
0.9999999999163001
0.9999999998938172
0.9999999997956776
0.9999999999761687
0.9999999999723383
0.9999999999810424
0.999999999951405
0.9999999999787903
0.9999999999716451
0.9999999999341042
0.9999999999183776
0.9999999999825031
0.9999999999607955
0.9999999999415637
0.9999999999810791
0.9999999999332194
0.9999999993936581
0.9999999999550067
0.9999999997594431
0.9999999999862654
0.9999999999722787
0.9999999999084322
0.9999999998919668
0.9999999999259461
0.9999999998165926
0.9999999999590441
0.9999999999511942
0.9999999999263551
0.9999999999087528
0.9999999999157588
0.9999999999814282
0.999999999954595
0.9999999998583418
0.9999999997555623
0.9999999988407676
0.999999999935794
0.999999999918701
0.9999999999821305
0.9999999999688
0.999999999894241
0.9999999999670913
0.9999999999720114
0.9999999999260815
0.9999999999739747
0.9999999999283921
0.9999999999352182
0.9999999998856852
0.9999999999402936
0.9999999999561519
0.9999999999787629
0.9999999999406092
0.9999999999056901
0.9999999999622173
0.9999999999841797
0.9999999999663384
0.9999999999616398
0.9999999998879272
0.9999999999717495
0.9999999995900383
0.99999999996721
0.9999999988202026
0.9999999998587579
0.9999999998550178
0.999999999710638
0.9999999999223738
0.9999999999026148
