0.9999999934235405
0.99999999244608
1.0000000018820032
0.9999999535391018
0.999999987821511
1.0000000028549803
0.9999999990919723
1.0000000099636484
1.0000000003589546
1.0000000005916019
1.0000000143743732
0.9999999760268936
0.9999999976828651
0.9999999797480339
1.0000000042352073
0.9999999996299148
1.000000011122793
1.0000000196299896
1.0000000020733726
1.0000000205709223
1.0000000048972844
1.0000000522943246
0.9999999421554319
0.9999995768315624
1.0000000150922055
0.9999999964431298
0.9999999699679449
0.9999999988519171
1.0000000735100065
1.0000000013012325
1.000000012772364
1.00000046331002
1.0000000054219753
0.999999961649962
1.0000000025145823
1.000000005447141
1.000000005249591
1.0000000020760782
0.9999999653425846
1.0000000017488981
1.000000003673222
0.9999999579090959
0.9999999105256318
0.9999999677220883
1.000000017372466
1.0000000053609401
0.9999999906421263
1.0000000150858275
1.0000000546576568
1.0000000013060077
1.00000000434779
0.9999999891672107
0.9999999979207137
0.9999999786834508
0.9999999494685456
0.9999999206110384
1.0000000023907576
0.9999981204994832
0.9999999992828871
0.9999999732642445
0.9999999925692903
0.9999999207033662
1.0000000016800392
1.0000000035878638
0.9999996528589217
1.0000000060918681
1.0000000099123245
1.000000013739267
0.9999999892988994
1.0000000381551155
1.0000000078777176
0.9999999760334873
1.0000000039963477
0.9999999030593156
1.0000000063351722
1.0000000080697444
0.9999999639998969
0.9999999621780393
1.0000000176469463
0.99999997766636
1.0000000068093837
1.0000000027569504
0.9999999997819117
1.0000000048348232
1.0000000080308413
0.999999990942048
1.0000000024210463
0.9999999795400807
1.0000000700683416
0.9999999334932587
0.9999999561827982
0.9999999562778517
1.0000000041829977
1.0000000009756387
0.9999999771493199
0.9999992377375971
1.0000000249503291
1.0000000014897275
0.9999999473713704
1.000000007710959
1.0000000037297778
1.0000000093957413
1.000000005818419
0.999999950982269
0.9999999315871226
0.9999999894200191
1.0000000044457815
0.9999999956215668
1.000000002495317
1.0000000008454493
1.000000003828587
0.9999999972735472
0.9999999710227087
0.9999999996547085
1.0000000118382093
1.0000000070384358
1.0000001991614056
0.9999999498850126
0.999999998345074
1.0000000481003612
1.000000003557093
1.0000000010017416
1.0000000029691378
0.9999999783838708
0.999999985791759
1.0000000103565123
1.0000007356307727
0.9999999988835669
1.0000001078468828
0.9999999989366972
1.0000000034981982
1.0000000085967355
1.0000245124086473
0.9999999991732242
1.0000000025460458
0.9999999931063412
0.9999999707905036
1.0000000041029464
1.0000000161909155
1.0000000015750226
0.999999969136938
1.000000022241933
0.9999999768627612
0.9999999986529687
0.9999999880147074
1.0000000065431365
1.0000000058740743
0.9999999798915387
0.999999933977666
0.9999999748694877
0.9999999811790912
0.999999509440226
1.0000000105225795
0.999999976490201
0.9999972114385868
1.0000000085574043
1.0000000102734388
1.0000002971182538
0.9999999805026091
0.9999957747133048
1.0000000126570285
0.9999999762486929
1.0000000073861384
1.000000008445484
1.0000000220006762
1.0000000069318224
0.9999999770941441
1.0000000014707513
0.9999999706274603
0.9999999941969454
0.9999999832195002
0.9999999862273417
0.9999999989676717
1.0000000066430703
0.9999999927645368
0.9999999715961273
0.999999978218336
0.9999999959913305
1.000000013856812
0.9999999988978299
1.000000015385498
0.9999999014373788
0.9999999820084466
0.9999999981023755
1.000007037241799
0.9999999925280874
1.000000004271031
1.0000126471108717
1.0000000095203345
1.000000002110025
1.0000005865450634
1.0000000034150571
1.0000000083561997
1.000000001509378
0.9999999820291141
1.0000002661446874
0.9999999917380118
0.9999999891723571
0.9999999894385773
0.9999999760704005
1.0000000437564418
0.9999999622055946
0.9999999543011395
0.999999998157471
1.000000001295433
1.0000000054557148
0.9999999987784657
1.0000000020229833
1.000000004895894
0.999999969533262
0.9999999908323818
0.9999999535410974
0.9999999766678866
1.0000000012376837
1.000000000424739
1.0000000033248813
0.999999997055618
0.9999999922345378
1.0000000088911396
0.999999981553812
0.9999999924846656
1.0000000146206713
0.9999999949985867
1.0000000025767801
1.0000000139287264
1.0000000111717031
1.00000000017673
0.9999999926264264
1.0000000048281767
1.0000000044028985
0.9999999837226655
0.9999999617123906
1.0000002342699632
0.9999999571778957
1.000000009654466
0.9999999527600139
0.9999999838149647
1.00000000082799
0.999999998054794
0.9999999698073938
0.9999999552899318
0.9999999830012202
0.9999997870276487
1.000000008479266
0.9999992255125868
1.0000000043634398
1.0000000057092968
1.0000000028193023
0.9999999847235935
1.0000000090693124
0.9999999985698653
0.999999710640004
1.0000000035420977
0.9999998965169622
1.0000000033341039
1.0000000015154047
0.9999999988634125
0.999999969509185
0.9999999834936333
1.0000000069895005
1.000000041709532
1.000000003209061
1.0000000107135916
0.9999999895288552
0.9999997075918685
1.0000000161974207
0.9999999934679529
0.9999999401867243
1.0000000055959763
0.9999999159829036
1.0000000060446241
1.0000000034924397
1.0000000054814353
1.0000000064555643
0.999999999739028
0.9999999945158597
0.9999999571936639
0.9999999872146943
1.0000000413353798
1.0000000006163543
0.9999999642981657
1.000000000116408
1.0000000106023692
1.0000000012284092
1.0000000012179258
1.0000000014437134
0.9999999772956512
1.0000000079027964
1.000000000748578
1.000000002387536
0.9999999946932254
1.0000000027237297
0.999999997497774
1.0000000041012873
0.9999996320403581
1.0000000167796654
0.9999999974252108
0.9999999947864457
0.9999999932688375
1.000000035590548
1.000000008984861
0.9999999864389688
1.000000005347616
1.0000000210671491
0.9999996645837027
0.9999999996971602
0.9999999496333933
0.9999999682143208
1.000000058754586
0.9999999962499163
1.0000000013506634
0.9999999922172487
1.000000008107791
1.0000000459164393
1.0000000045686825
0.9999999339451804
1.0000000048255047
0.9999999973259938
1.000000003828254
1.000000004751873
0.9999999990972571
1.0000000140246021
0.999999988228798
1.0000000019821527
0.9999999986092898
1.0000000023340088
1.0000000060803373
0.999999978049823
0.9999999919580973
1.000000014121565
0.9999999477767828
1.000000001088768
1.0000000035866607
1.0000000039446082
1.0000000343725206
0.9999998711841218
0.9999999990271262
0.9999999917610884
1.0000000017314352
0.9999999593199418
1.0000000069951334
0.9999999367330034
0.9999999940057261
0.9999999215833616
1.0000000012611658
0.9999999778672733
0.9999999842064966
1.0000000061142367
0.9999999917167147
0.9999999993059655
0.999999983104626
0.999999862128403
0.9999999940078331
1.0000000082533012
0.9999999999521949
1.000000011938539
0.9999999913375742
0.9999999745035455
0.9999999769424581
1.000000009028948
1.0000000013450008
0.9999999985172493
0.9999999966488058
1.0000000029796599
0.9999999145467285
1.0000000038182795
1.000000000976724
0.9999998782586106
1.0000000063462366
0.9999999966495627
1.0000000160544138
1.0000000078282356
1.0000000139448273
1.0000000016327066
1.0000000014305748
0.9999999677788224
1.0000000041963715
0.9999999771209113
1.0000000020038902
0.999999980924819
0.9999999993820449
1.000000020508628
1.000000003834868
0.999999996388546
1.0000000038510028
0.999999934249592
1.0000000137148204
1.00000000188102
0.9999999888042964
1.000000005413627
1.0000000019824118
0.9999999512197704
1.0000000069073705
0.9999998997333471
0.9999997632005015
1.0000000025735802
1.000000002158345
0.9999999395047049
1.0000000005519012
1.0000000144333503
1.0000000039965018
0.999999960187496
1.0000000291941078
1.0000000014510984
1.0000000008790457
1.0000000000983227
0.9999999966078494
0.9999999655136479
1.0000000024193418
0.9999999889343447
0.99999999359378
0.9999999953406514
1.0000000019170878
1.0000000029357006
1.0000000008566763
0.9999999194575256
1.0000000037483485
1.00000000164215
0.99999995131044
1.0000000554989918
1.0000000829274986
0.99999995148929
1.0000000013434776
1.00000000057322
1.0000000119635553
1.000000037743993
1.0000000069245847
0.9999999848888781
1.0000000144323482
0.9999999907224266
0.9999999389983953
0.9999999998905523
1.0000000095806472
0.999999997901923
0.9999999191045044
1.0000000020815918
0.9999999929845829
0.9999999791646443
1.0000000286695376
0.9999998201904463
1.000000006420742
0.999999973699778
1.0000000206546609
0.9999999446472113
0.9999999928381303
1.0000000009250385
1.000000000502436
0.9999999912175486
0.9999999918619875
1.0000000017205006
1.0000001403979686
0.9999998970867894
1.0000000010973975
0.999999991151289
0.9999999301216896
0.9999999134042303
0.9999999997182307
1.000000001298187
1.000000003843971
0.9999999789498941
1.0000000187113098
1.0000000033564314
1.0000000082535858
0.9999999912332775
1.0000000010570953
0.9999999689615408
0.9999999856736564
1.0000000178447104
1.0000000023620268
1.0000000011092574
1.0000000005423932
0.9999999666399014
1.0000000010957317
1.0000000052475253
0.9999999914715828
1.0000000049594076
1.0000000020194881
0.9999999910572366
1.0000000097200337
1.0000000049632007
0.9999999976494762
0.9999999513376696
1.0000000023290232
1.0000000027488514
0.9999999904178091
1.000000004779986
0.999999950989244
0.9999999790083871
0.9999999892707416
1.00000000101073
0.999999995789129
1.0000000112845284
1.0000000077657254
1.0000000081323372
0.9999999979736099
1.0000000102346753
1.0000000157735767
1.0000000114980836
0.9999999835454244
1.0000000426556428
0.999999986388498
1.000000078901089
1.0000000025890703
1.000000006102728
1.0000000006395242
1.000000001631642
1.000000001594686
1.0000000070418191
0.9999999772813268
0.9999999447117595
0.9999999832698642
1.0000000082585987
1.0000000027218547
1.0000000131474618
1.000000002935535
1.0000000060453118
1.000000008624118
1.0000000022065847
1.000000003808219
0.9999999568091271
0.9999999879698577
1.0000000449733377
0.9999999614410352
1.0000000002912082
1.000000004925503
1.0000000032717657
0.9999999997431247
1.0000000049389242
1.0000000033234022
1.0000000046303936
0.9999999929384866
0.999999988290508
1.0000000017442914
1.0000000017763875
0.9999999890642254
1.0000000018193136
1.0000000032473884
0.9999998138765999
0.9999999835891351
1.0000000031349816
1.0000000110813714
0.999999969916801
1.0000000017263821
1.0000000028358282
1.0000000055519436
0.9999999986083594
0.9999999917899218
1.0000000122240624
1.000000005939885
1.0000000048284723
1.000000001815979
1.0000000008799361
1.000000005460042
1.0000000347003464
0.9999999671053678
1.0000000054166973
0.9999999981718068
0.9999997436631605
1.000000001396459
0.9999999797476192
1.0000000018707662
0.9999999940407565
0.9999999778148593
1.000000009304927
0.9999999996008749
1.0000000025550133
0.999999999350616
1.0000000029440776
1.0000000041731671
1.0000000025781266
1.0000000025076499
1.0000000004197072
0.999999988662436
1.0000000027320328
1.0000000076675273
1.000000000765573
0.9999999896140686
0.999999991646406
1.0000000080145905
0.9999999352884876
1.0000000597950522
1.0000004233746553
1.0000000027333464
1.0000000040438488
0.9999999134655931
1.0000000013587405
1.0000000006001044
0.9999999990762369
0.9999999990713195
1.0000000293734241
0.9999999813554534
0.9999999791697312
0.9999999874063095
1.0000000003796392
1.0000000005521896
1.000000002830735
1.0000000035478156
1.0000000013738395
1.0000000167732117
1.000000004626868
1.0000000018674833
0.9999999974664818
1.0000000044217139
0.9999999939183409
0.9999999972678197
0.9999999961025198
1.0000000036311032
1.0000000005171992
1.0000000552549766
1.0000000048643563
1.0000000019113078
1.0000000060851861
1.0000000029107963
1.0000000095386032
0.9999999973414795
0.9999999989106901
0.9999999859036579
0.999999971383793
0.9999999943450155
1.0000000022406075
1.0000000247390195
0.9999999732961004
0.9999999909048356
1.0000000012811254
1.0000000022191597
0.99999999373099
0.9999999946076231
1.0000000013950354
0.9999996412222517
1.0000000004080534
0.9999999369268542
1.0000000017909203
1.0000000188319609
1.0000000168187029
0.99999995972183
1.0000000649479495
0.9999999949443293
1.0000000213592801
0.9999999797214436
0.9999999556042303
0.9999999779366193
1.0000000230714674
0.999999973074947
1.0000000006085294
0.9999995163519158
0.9999999755952639
1.0000000661594814
1.0000000036345167
1.0000000002242473
1.000000006172929
0.9999999789775921
1.0000000035155439
1.000000013309758
1.0000000043779855
1.0000000024664721
1.0000000024395679
0.9999999977368508
1.0000000041511516
1.000000007914656
0.9999999999223385
1.0000000007863517
0.9999999734001087
0.9999999894529282
1.0000000019793391
0.9999999728830539
0.9999999788492178
1.0000000002630485
1.0000000046071007
0.9999999986386848
1.000000005706984
1.000000002126961
1.0000000031989469
0.9999999956011998
1.0000000084225293
1.0000000201606016
0.9999999815416827
0.9999999934279827
0.9999999895352757
1.0000000021779636
1.0000000061844423
1.0000000084852323
1.0000000394040824
1.0000000005831553
0.999999987997838
1.0000000072774533
1.000000001504149
1.000000003344945
1.0000000041047228
1.00000000339322
0.9999999937362672
0.9999999938822192
0.999999949791942
0.9999999947784797
1.0000000222320284
1.000000008459448
1.0000000020652806
0.9999999974986788
1.000000002756205
0.9999999515853355
1.000000001573647
0.9999999664141422
0.9999999951538647
1.0000000271818812
1.0000000056534493
0.9999992570473628
1.0000000038251693
0.9999999805284043
1.0000000018989108
0.9999998860382813
0.9999999801659384
0.9999998874203456
0.9999999831927817
0.9999999894558582
1.0000000040729242
1.0000000040779708
0.9999999993589589
1.0000000025109541
1.0000000069912491
1.0000000049002058
1.0000000010219459
1.0000000053163856
0.999999986315279
0.9999998952640281
0.9999999980686831
1.0000000060601844
1.0000000017251285
1.0000000065863197
0.9999999837135273
1.0000000057115441
0.9999999454679479
1.000000001315454
1.000000002883637
0.999999935780715
0.9999999745377206
1.0000000021434887
1.0000000032513372
1.0000000029517533
1.0000000015993775
0.9999999940387319
1.0000000057011713
0.999999991421261
0.9999999947066849
1.0000000021737239
1.0000000028238674
1.0000000036539356
0.999999951006271
1.0000000023005728
1.0000000010750822
1.0000000245744345
1.000000439759073
1.0000000098786594
1.0000000023062952
1.000000000729567
0.9999999843294245
0.9999999825860726
1.0000000286262491
0.9999999954249226
1.0000000021110864
1.0000000109059273
1.0000000066900296
0.9999999566870649
1.000000001673367
1.0000000001309233
1.0000000081052094
1.0000000022274569
1.0000000083955245
0.9999999852195088
0.9999999728387904
1.0000000117922985
1.000000036516236
0.9999999845576725
0.999999975996323
1.0000000011090011
1.0000000058365657
1.0000000016147255
0.9999999995250403
1.000000001757476
1.0000002107646138
1.000000004839526
1.0000000209078332
0.9999999729800716
0.9999999780262259
0.9999999974290485
1.0000000703953764
1.0000000026354903
0.999999975344467
1.0000000030141696
1.0000000045650086
1.0000000051253015
1.0000000005850465
0.9999999693978666
0.9999999980447688
0.9999999975466689
0.9999999777655987
1.000000000250622
0.9999999733637729
1.000000117529749
1.0000000015606154
1.0000001241935845
1.0000000040329138
1.0000000013455204
1.000000003729146
0.9999999750805646
1.0000000179617297
0.9999999934739935
1.0000000053613158
0.9999999814283811
1.000000056919543
0.999999962895302
1.000000002344452
0.9999999795844831
1.0000000015875026
1.0000000105915885
1.0000000069479993
1.0000000017549957
0.9999999682839746
0.9999999961983859
0.9999999658479825
1.000000014744207
1.0000000105633668
0.99999999734366
1.000000002332641
1.0000000011645152
1.0000000094807324
1.0000000049811992
1.000000000987394
0.999999978302019
1.0000000006372063
1.000000010977218
0.9999999905878604
0.9999999932301201
1.000000001402043
0.9999997806948857
1.000000001500391
1.0000000021213789
1.0000000144498944
1.000000001004912
1.000000000887044
0.9999999990884607
1.0000000013716077
0.9999999936888294
1.0000000051256661
0.9999999977225159
0.9999999267411275
1.0000000060693088
0.9999999847144535
1.0000000015816666
1.0000000030326393
0.9999999737342762
1.0000000005096952
1.0000000045657442
1.0000000006496497
0.9999999630131402
1.0000000073897646
1.0000000050783966
0.9999999946460222
1.0000000048363116
1.0000000041882673
1.0000000040079897
1.0000000040965424
1.0000000282265322
1.000000000382886
1.0000000001152762
1.0000000085925005
0.9999999963756443
1.000000002517323
1.0000000076988629
1.000000019645323
0.9999999799402878
0.9999999633460079
1.0000000086441074
0.9999999552859202
0.9999999876918341
1.0000000043198158
0.9999999927497518
1.0000000122039094
0.9999999637480779
1.0000000106833005
1.0000000012777084
1.0000000024177262
0.9999999865064119
1.0000000010118069
1.0000000050097482
1.0000000010372427
0.9999999959587799
1.000000002228881
1.0000000009225563
1.0000000133498403
0.9999999493739007
1.0000000033917733
1.0000000033377976
0.9999999997321959
1.0000000037628975
1.0000000339409945
1.000000006523786
0.9999999973768405
1.0000000043364847
0.9999998835681203
1.000000003900756
0.9999999892836644
1.0000000095019768
1.0000000554621442
1.0000000123032315
1.0000000131113058
1.0000000009711203
0.9999999971384084
1.0000000002586125
0.9999999514860457
1.0000000032755922
1.0000000031225205
0.9999983461661357
1.000000002247347
0.9999999359763827
0.9999999805655106
1.0000000023179003
1.0000000037968149
1.000000003091016
0.9999999739010546
1.0000000048090574
0.9999999573401893
1.0000000002882365
1.00000000840691
0.9999999951002932
0.9999999951187042
0.9999999996444133
1.0000000000703626
1.0000000057477048
1.0000000007418548
1.0000000058848582
1.0000000148020207
1.0000000040327555
0.9999999994410746
1.0000000074802133
0.9999999760025459
0.999999981629338
1.0000000041819699
0.9999999117743621
1.0000000010647245
0.99999999846766
1.000000003035774
0.999999978624475
0.9999999978256204
1.0000000002655764
1.0000000014711858
0.9999999999329563
1.00000000106638
1.0000000009568724
1.000000004820211
1.0000000007611485
0.9999999801365405
0.9999999063040348
0.9999999958462209
0.9999999489906308
1.0000000010447108
1.0000000045354824
1.0000000105366607
1.0000000192959846
0.9999999981289883
0.9999999765339044
1.0000000029905782
1.0000000043017747
0.9999999947248518
0.999999998179959
0.9999999747198108
1.000000000760503
1.0000000012947465
1.0000000019884525
0.9999999226358441
0.9999999864996529
0.9999999865538646
0.9999999984981517
1.0000000026591327
1.0000000052419953
0.9999999829852663
1.0000000064437644
1.0000000012898935
1.0000000155634174
0.9999999970245876
1.0000000079028135
1.0000000047965456
1.0000000238741031
1.0000000008989667
1.0000000036762762
1.000000004009575
0.9999999883064208
1.0000000205978283
1.0000000088433818
1.000000002026714
1.0000000034216434
0.999999992047541
0.9999999637881158
1.0000000027255234
1.000000029881665
0.9999999959719823
1.0000000439220251
0.9999999935095374
1.000000005039958
0.9999999107206136
0.9999999636517962
1.0000000040180597
