0.9999758683182607
0.9999682255914365
0.9999671309245626
0.9998878659643441
0.9999696994610201
0.9999870817602079
0.9999371184425935
0.9999596168973058
0.9999684966853302
0.9999312447310867
0.9999656524389617
0.9999486235643171
0.999959054828515
0.9999208297780086
0.9999808923180695
0.9999772552867164
0.9999734733432636
0.9999147337625953
0.9999824277042207
0.9998597406592221
0.9999707944057078
0.9993131618567581
0.9998428273217017
0.9995714573302192
0.9998962140179901
0.999941227445427
0.9999642340461585
0.9999861450098252
0.9996832484150194
0.9998802910877204
0.9999717189457236
0.9983347234080647
0.9999788040255132
0.9999122046030772
0.9999793328386257
0.9999480523037204
0.9999660619441348
0.9999794638585958
0.999914515301298
0.9999809270705458
0.9999835876171287
0.9998947794752172
0.999897943869372
0.9999494249646949
0.9998892448278834
0.9999097042859042
0.9999575073003845
0.9999360457835085
0.9997042303445481
0.9999841430713499
0.9999659886765292
0.9999578723916476
0.9999854536428933
0.9999701130890257
0.9998392820523145
0.9999180304692475
0.9999491687402158
0.9973643979358496
0.9999657065728041
0.9999440654608879
0.9999427071166426
0.999900870983123
0.9999880058671646
0.9999762094038356
0.9994378153559378
0.9999801292516892
0.9999541335281692
0.999969966173273
0.9999451350587214
0.999746075145387
0.9999676411138059
0.99992023687169
0.9999752765776345
0.9998889515915725
0.9999603901205599
0.9999756718621743
0.9998328262769317
0.9999351841084931
0.9998966433889178
0.999949934479607
0.9999762502471315
0.9999813809125587
0.9999716080467881
0.9999557097179994
0.9999751284705778
0.9999624051079372
0.9999779710897384
0.9999254472483148
0.9997744599882942
0.9997386214467949
0.9998323076259007
0.9999266125665779
0.9999698168502912
0.9999516243126972
0.9999308154001368
0.9990812058457765
0.9998779245112411
0.9999016947437251
0.9999285091548819
0.9999708272147817
0.9999711122530948
0.9999687789176952
0.9999681512465078
0.9999352895821306
0.9998646561070315
0.9998935766954531
0.9999533435695328
0.9999764491429464
0.9999237365052247
0.999973245727212
0.9999464960080849
0.9999830195709696
0.9999418728421083
0.9999265681155786
0.9999700901892471
0.9999559314093406
0.9987642374058912
0.9998807801156052
0.999978707410817
0.9998373859632508
0.9999661562509504
0.9999878010948867
0.9999805943239217
0.9999339379348785
0.9997899689450087
0.9999649628510247
0.998194873825883
0.9999516108905294
0.9979233290202831
0.9998901729439088
0.9999664780254023
0.9999672811847778
0.9680806561397546
0.9999760710224291
0.9999556866752397
0.9999457987987685
0.9999323932542087
0.999967788943825
0.999956934543034
0.9999852263645161
0.9998992828639499
0.9999204888509283
0.9999493414303396
0.9999843932350049
0.9999543137812208
0.9999726240415499
0.9999197414665038
0.999912127676344
0.9996288016557473
0.9999248459644536
0.9999569686165121
0.9989641883227642
0.9999605475268987
0.9999465503913915
0.9938757587429681
0.9999603370651404
0.9999746233304272
0.9986472651823427
0.9999123960709926
0.9935534732548644
0.9999366505675295
0.9999369339601537
0.9999728393704365
0.9999686231374929
0.999902864824879
0.9999414366336635
0.9998870544711342
0.9999805969534443
0.999935027125809
0.9999770702961749
0.9999567828892691
0.9999618044868481
0.9999735457035503
0.9999778849323545
0.9994273110724624
0.9999206645045216
0.9999464243187949
0.9999514716881254
0.9999454612127145
0.9999521820278696
0.9999258255649665
0.9997670919419406
0.9999204158944633
0.9999622010659445
0.9846227897573474
0.9998885756541893
0.9999776431652464
0.969589545848244
0.9999546719541741
0.9999656365435607
0.9985200416300402
0.9999851062867692
0.9999542014388996
0.9999853013463406
0.9999485623700759
0.9970033166943771
0.9999274169247604
0.9999589478654011
0.9999422341221694
0.9999064427905591
0.9998626928911695
0.9999204902538786
0.9998792188651258
0.9999615687571098
0.9999821579172649
0.9999650959940575
0.9999487269614757
0.9999779136117871
0.999972619041939
0.9999330432516937
0.999957719062053
0.9998695960828252
0.9999355498659354
0.9999815391956643
0.9999695687110655
0.9999194581329668
0.999836004694917
0.9999665822069924
0.9999029722299504
0.9999360607859181
0.9999175272023518
0.999923731390218
0.9999560295224452
0.9999832498496906
0.9999518426202838
0.9999626850005353
0.9999774161729108
0.9999442257342758
0.999949656945624
0.9999818493622172
0.9999362056233029
0.9996526092938338
0.9993746696968817
0.999711439265098
0.9998963105507829
0.9997308045690575
0.9999433083522422
0.9999824056358485
0.9999366796573406
0.9997519076579046
0.9998144830361605
0.9997947309342174
0.9992217592095896
0.9999480178844994
0.9985503063325311
0.9998958271819994
0.9999770948198675
0.9999320652227095
0.999963860327264
0.9999720437430389
0.9999617152820831
0.9994747454488269
0.9999538169925521
0.9997395291968612
0.9999123466051733
0.9999821750651519
0.9999805263212682
0.999886127716225
0.9999371145658562
0.9999521083908073
0.9998524398156541
0.9999791003026923
0.999866412771534
0.999955275667425
0.9991712657759033
0.999935689829523
0.9999512967463179
0.9997772015101808
0.9999780944267794
0.9994448998124694
0.9999577029485863
0.9999630497632245
0.999971100187762
0.9999748924752417
0.999987553670536
0.9999657162795141
0.9997517322881577
0.9999269032628787
0.9998744494742572
0.999987245267735
0.999915153654188
0.99996294089359
0.9999537620754593
0.9999668905819755
0.9999438826786214
0.9999816696618511
0.9997204172787966
0.9999574401044998
0.9999587097213846
0.9999695498204428
0.999956538487952
0.9999718219478554
0.9999714465515659
0.9999786351743518
0.9969174043490846
0.9999219503230444
0.9999686768378832
0.9998946286976069
0.9999275327544515
0.9996628582435162
0.9999706169029696
0.9999398278214401
0.9999732497776
0.9999199038086776
0.9992177092018842
0.999982518937046
0.9996838661692837
0.9998857144984278
0.9995965985097593
0.9999729982231205
0.9999437551723347
0.9999577605301443
0.9999599042175839
0.9989924728279193
0.9999823722096275
0.9998184013614555
0.999977058511235
0.9999518447597416
0.9999815615045391
0.9999547720931242
0.9998031430779601
0.9999312975779858
0.9999233199924795
0.9999829484107806
0.9999109953177944
0.9999782255439124
0.9999742212785263
0.9994331571238293
0.9999618212399408
0.9999210504933485
0.999571084598263
0.9999730182007371
0.9999762901784357
0.9999843093939234
0.9997208747215179
0.9995894278779827
0.9999845531725512
0.9999270625546987
0.9999853218268662
0.9998086977079307
0.9999567845950293
0.9998173703459895
0.9998861798540473
0.9997460637636103
0.9999595834102115
0.9998926406439343
0.999909498061005
0.9999293180521046
0.9999379983442122
0.9999750809867661
0.9999266621486242
0.9996003697185576
0.9998531557250477
0.9999054221818446
0.9999779469501574
0.999955063296876
0.9999540354853024
0.9998521056455634
0.9999034200850282
0.9998992444426965
0.9999581640488209
0.9999708479118131
0.9999692257218119
0.9999774166119826
0.9997002989716746
0.9999476476536078
0.9999831249662291
0.9992934722059966
0.999963388796087
0.9999654961860374
0.9999422376607927
0.9999709819560015
0.9998318848567401
0.99998008815406
0.9999781684656439
0.999776942417188
0.9999232643560431
0.9999509746816215
0.9999739804965663
0.9999277120167789
0.9999113136699187
0.9999029512441567
0.9999494417933675
0.9999813214076102
0.9999225749422537
0.999702024827156
0.9999359835330476
0.9999798878203577
0.9999462421216501
0.9998953709543071
0.9999824209214231
0.9998034170767339
0.9999602755674526
0.9995974861318507
0.9994354268293517
0.9999439554138736
0.9999671335658653
0.999877830244023
0.9999820317748745
0.9999326890760163
0.9999802944655211
0.9998868303007382
0.9999043043074065
0.9999720367406507
0.999974405093849
0.9999374616889194
0.9999467939775373
0.9999292545567692
0.9999387251461257
0.9999125378779846
0.9999306472402044
0.9999445284239247
0.999982512553422
0.9999787921615456
0.9999838487385623
0.9997739105519876
0.9999661537705526
0.9999878443442737
0.9998221636043044
0.9997749862460011
0.999609329387696
0.9998946228283533
0.9999843865355794
0.9999790164765435
0.9999604773951262
0.999783989305135
0.9999436813526426
0.9999115279063221
0.9999374655979517
0.9999305998478637
0.9996757794113484
0.9999795335744486
0.999867530464954
0.9999271353928932
0.9997236353167606
0.99996955514236
0.999959117945293
0.9998820335885907
0.999888803934681
0.9994855636191797
0.9999315387511409
0.9993935252037256
0.999928811392226
0.9998848583301152
0.9999020524178807
0.9999894201032358
0.9999810320017571
0.9999459144229574
0.9999570378670232
0.9999732515535582
0.9983680734708562
0.9997454831994164
0.9999715331016287
0.999954837116045
0.9994993616650981
0.9986536489377957
0.9999814504141418
0.9999784717744296
0.9999628134381626
0.9998610405886578
0.9998750120810237
0.9999751984203745
0.9999355488755655
0.9999612054846793
0.9999739278920122
0.9999053700737129
0.9998900339193754
0.9998335549436607
0.9999819228497641
0.9999745024790259
0.9999730467535964
0.9998484034385154
0.9999809688742655
0.9999785088754763
0.9999402997417588
0.9998898085390626
0.9999621133170059
0.9999621657481655
0.9999033201289278
0.9999597557697671
0.9999036893449417
0.9998139037397723
0.9999792465945315
0.99998036022065
0.9998729097894025
0.9999768262445065
0.9998063158093118
0.9998686313471273
0.9999438234449477
0.9999711628599435
0.9999683634174754
0.9999165021700381
0.999950134220461
0.9999506933110494
0.9999769454075622
0.9999593791801861
0.9998422708837114
0.9999598839759534
0.9999202317546534
0.9996823126955066
0.9998498397557755
0.9997595522257732
0.9999731016265297
0.9999157780002949
0.9999806543978189
0.999989263558495
0.9999844618088841
0.9999617233736078
0.9999237302225852
0.999869479990058
0.9999337833236537
0.9999642718058448
0.9999734663488917
0.9999493218094203
0.9999821530652674
0.9999418344844854
0.9998887877495196
0.9999818090745406
0.9999679543731467
0.9987407900887275
0.9999263037711758
0.9996100086271084
0.9998408125671235
0.9999774644516455
0.9999587464892677
0.9999677911707188
0.9999527593755506
0.9999746612547732
0.9999805804656057
0.9999583607521576
0.9998892887331192
0.9999518938211153
0.9999731942254458
0.9998683493295469
0.9999529620978428
0.9999761861137448
0.9999602874086182
0.9994098167070788
0.9999381574187118
0.9999692234286525
0.9999538860753091
0.9998791960368132
0.9999728894846389
0.9999707854578831
0.9999803411355922
0.9999138747189023
0.9999627119243389
0.9999103642939554
0.9999633542867105
0.9998624167172784
0.9999690816213617
0.999899872302524
0.9999183542243417
0.9998513700276592
0.9999178356336479
0.9999113483031462
0.999974115129031
0.9992638888466127
0.9999850534416547
0.99991657013305
0.9999600564837277
0.9999497787008826
0.9999152994429659
0.999915735374791
0.9999833877766161
0.9999764856706174
0.9999616519144624
0.999922037426672
0.9999748028826565
0.9999740224146839
0.9999818055188068
0.9999875965770342
0.9998281023014829
0.9999660506829231
0.9999261555923831
0.9999837730113748
0.9999495230698681
0.9999514838943612
0.9999666759015461
0.9998131274651613
0.9997265919375822
0.9817792087872235
0.9999860664024467
0.9999660147403202
0.9996686569984204
0.9999583033639825
0.9999653947645017
0.9997513685693624
0.9999663835446696
0.999829454030528
0.9993140073210695
0.9998864329959996
0.9999069199156787
0.9999489388341363
0.9999739834898885
0.9999688429766458
0.9999544739318562
0.9999557853878682
0.9997017360404299
0.9999780182225878
0.999979947730031
0.9999759695163238
0.999919631910694
0.9999594582267409
0.9999798727860025
0.9997646532923204
0.9989643045428146
0.9999770997472904
0.9995734426637545
0.9999671008682334
0.9999818937738512
0.9998785699089963
0.9999749618732512
0.99996286296637
0.9998260976248926
0.9999348413578615
0.9999044440405581
0.9998917489091992
0.9999465885948419
0.9999657974862792
0.999761924235359
0.9998796925435736
0.9999222908010589
0.9999863237538962
0.9999625334265977
0.9999645776373579
0.9999450882541155
0.9999771868681518
0.9981105665421259
0.9999811594011307
0.9998411483704961
0.9999789743678027
0.9998465502532623
0.9996591476838234
0.9999043181486398
0.9992907654629607
0.9998989834733122
0.9997590904134812
0.9999523745627574
0.9998422559698769
0.9999427652057424
0.9995705496739524
0.9996442876304773
0.9999847654331202
0.999090176868724
0.9998931148246923
0.9993015637410723
0.9999604404481609
0.9999745545550962
0.9999731180015429
0.9996390387921491
0.9999709223789793
0.9998546612199228
0.9999692103316468
0.9999447156278327
0.9999732693411072
0.9998746477905891
0.9999739835050949
0.9999616456555883
0.9999732551238878
0.9999619065090152
0.9998795404171628
0.9999114372607943
0.999935119113859
0.9998927452157473
0.9999134143631946
0.9999767582195259
0.9998830521542968
0.9999709299902956
0.9999786845898493
0.999967625828215
0.9999689876777251
0.9999024580083788
0.9998821236317099
0.9998673419897126
0.9998942627690941
0.9999621237784085
0.9999257450896517
0.9999872052693599
0.999934611241931
0.9999362485099108
0.9995881886438568
0.9999751592055853
0.9999641927858828
0.9999247192253445
0.9999811174248258
0.9999718256891135
0.9999776377797579
0.9999626003034329
0.9998778943535601
0.9999458652363971
0.999783195561118
0.9999649968862241
0.9997276236967321
0.9999673168794689
0.999971419508783
0.9999619813552725
0.9999740325671344
0.9998989440916987
0.9999844793880529
0.9998981524545048
0.9999615381082662
0.9998270826102296
0.9999632234634187
0.9984578086326213
0.9999172122257414
0.9998387530683644
0.9999586377375024
0.9995755708786266
0.999886739292616
0.9996829497375513
0.999947508421859
0.9998485429749226
0.9999615243347901
0.9999583958183784
0.9999819206727638
0.9999096434026215
0.9999743367317656
0.9996960656548719
0.9999769391310375
0.9999655596338446
0.999936165698544
0.9992638099741853
0.9998214640548032
0.9999348694170003
0.9999804612583119
0.999964471175091
0.9999567905779089
0.9999621474620631
0.9998188662734425
0.9999855017992502
0.9999520572449585
0.9998599842345729
0.9998006570688623
0.9999535944058487
0.9999643982985355
0.9999818865625033
0.9999811686004888
0.9999594815746937
0.9999742176871947
0.9999570235678418
0.9999561740070978
0.999949820002462
0.9999813662149252
0.9999595431113765
0.9998696134519425
0.999984962639819
0.9999807410554836
0.9996697382356132
0.9983194925263833
0.9999573977468056
0.9999803025566957
0.9999757134754839
0.9999439630572442
0.9999412851699043
0.9998684791169951
0.9999770322514008
0.9999820115401483
0.999893738812065
0.9999647594431038
0.9998792555084403
0.9999541383624604
0.9999846882398605
0.9999682229924656
0.9999786801481879
0.9999476877065651
0.9999171692363639
0.9999207411270183
0.9999334716447519
0.999872306531798
0.9999270130562298
0.9999459968940488
0.9999895535828645
0.9998430839177175
0.9997528155355551
0.999970796827918
0.9999834201235273
0.9949277181129871
0.9999738954244918
0.9999070147888538
0.9998808194922323
0.9998687495178846
0.9999729566782811
0.9996812191781035
0.9999737611321989
0.9999167721268712
0.9999469526093137
0.9999722739823488
0.9999777933251968
0.9999874642247103
0.9999224579621064
0.9999365288668669
0.9999644875155985
0.9999091066502883
0.9999766488564938
0.9997222298356448
0.9994322296064788
0.9999726928328242
0.9992041380308957
0.999973833590422
0.9999781335764228
0.9999825083941647
0.999845698085256
0.9996505296537848
0.9999756504123747
0.9999509242055336
0.9999618263405416
0.999655971403341
0.9998819098096676
0.9999739607919921
0.9999068129059184
0.999985927138741
0.9999505812947639
0.9998840080416507
0.9999647011294769
0.9998430771727689
0.9998535379482165
0.9996717852455383
0.9999191051795447
0.9997794323693635
0.9999642729943528
0.9999838945867381
0.9999489519624317
0.999948393244619
0.9999728745896359
0.9999765472119236
0.9999368376483553
0.9999827109103788
0.9999638083400553
0.9999166517700133
0.9999344995250145
0.9999368941651552
0.9995772924024614
0.9999774785943997
0.9999746506345392
0.9999031707950383
0.9999888261807479
0.9999890438174149
0.9999604532424224
0.9999829086388557
0.9999605497763826
0.9999636016034094
0.999970855866692
0.9997815888155371
0.9998996461984208
0.9999343853962485
0.9999788769331149
0.9999635280002401
0.9999053780410047
0.9999804531888874
0.99997286387473
0.999986229237464
0.9997500384047109
0.9998591032372635
0.9999701754075411
0.9999635658339731
0.9999766461300291
0.9999797250842903
0.9999656526754579
0.9999527316777388
0.9998250556714284
0.999533548600935
0.9999713092088506
0.9999653610003509
0.9999779732513204
0.9999875090925665
0.9999178140194136
0.9998405491020323
0.9999015062035521
0.9999086842487337
0.9999531295148487
0.9997556175754085
0.9999349663045428
0.9999605276219882
0.9999715394094539
0.9999425313837743
0.999912410193497
0.9999468312816265
0.9999839709069412
0.9999464411717042
0.9999387274137855
0.9999842087896168
0.9999647225797678
0.9999836874704291
0.9999683211872851
0.9999706792879001
0.9999855931784727
0.9998406883581561
0.9997336584596487
0.9999773800635905
0.9999757008056387
0.9999433349295815
0.9999846821624737
0.9998503836687609
0.9999659519388653
0.9994813988279736
0.9998941685022518
0.9995882101972167
0.9999725442637968
0.9999260284262935
0.9998194010377507
0.9996055223088648
0.9997077892047582
0.999925407271431
0.9999845840440491
0.9999458934587255
0.9999653129245809
0.9998579091324528
0.999960511791163
0.9999348989375616
0.9950267100667176
0.9999792159931373
0.9998567375820779
0.999917570956968
0.999982166246413
0.9999372940471577
0.9999809259426271
0.9999393340349403
0.999975316846238
0.9996750849594013
0.9999708106106929
0.9999689863963015
0.99996962968572
0.9999597076983163
0.9999781859996343
0.9999882945399355
0.9999099929468998
0.999973239629157
0.9999279601473351
0.999820233851433
0.999954973846166
0.9999571592342973
0.999836891361241
0.9998570628442996
0.9999199667368346
0.9998984682355381
0.9998046291996955
0.9999772129190038
0.9999735499232892
0.999981873010004
0.9999535344283532
0.9999797191661053
0.9999728876371506
0.999936991647589
0.9999219535097744
0.9999832694261571
0.9999625128993278
0.9999441238205441
0.9999819084597403
0.9999361451879742
0.999420220524745
0.9999569779851534
0.9997699816392168
0.9999868671029853
0.9999734932505259
0.999912443762421
0.9998966993970657
0.999929190042646
0.9998246279069091
0.9999608387058904
0.9999533321254787
0.9999295817532216
0.9999127509144552
0.9999194498440683
0.9999822420062717
0.9999565842244899
0.9998645485506096
0.9997662711474471
0.9988915552677603
0.9999386067516887
0.9999222629298153
0.9999829133386359
0.999970167120768
0.9998988744165946
0.9999685333528651
0.9999732374251864
0.9999293199001636
0.9999751149808611
0.999931528985697
0.9999380562021729
0.999890692859437
0.9999429090608756
0.9999580725455022
0.9999796931052323
0.9999432110329811
0.9999098218710499
0.9999638725228551
0.9999848728829414
0.999967812832773
0.9999633205263091
0.9998928373073481
0.9999729872883629
0.9996079974117406
0.9999686465394511
0.9988718906361633
0.999864945626685
0.9998613691336629
0.9997233149762589
0.9999257745014438
0.999906881124876
