1.0000017768788596
1.0000055187352317
1.0000008889827543
1.0000366378522296
1.0000042572877033
0.9999985138582743
1.0000112754661543
0.9999995104502788
0.9999975338306956
0.99999786568508
0.9999934458113812
1.0000194177700452
1.0000039607629432
1.0000172572886958
0.9999965389234164
1.0000019353947218
0.9999956374762299
0.9999901525382279
0.9999977402945298
0.9999917688373692
1.0000006804297772
1.0000606885339764
1.0000495014548252
1.0001964462990751
1.0000075174690022
0.9999994331109695
1.0000132484610347
0.9999996185321691
0.9999588804994217
1.0000266724509044
0.9999946033309094
0.9997470477646802
0.9999968028707563
1.0000313049090497
1.0000004415664132
0.9999946078194009
0.999996523934118
0.9999983320628123
1.000027916058494
0.999998452885932
0.999997403435368
1.0000253766951495
1.0000412921429704
1.0000151837156632
0.9999886910890823
1.0000167443606292
1.000003347787078
0.9999901233934512
0.9999654530097801
0.9999996289351651
0.9999967987494617
1.0000051526559868
1.000000222392796
1.0000093178714096
1.0000152134051485
1.0000374062531203
0.9999995054160776
1.0011214302678142
0.9999991496171926
1.0000209128067188
1.0000101437401172
1.0000366121323805
0.9999987289913989
0.9999973126738109
1.000157049454457
0.9999986858347313
0.9999962946519828
0.9999936375952198
1.0000030509981856
0.9999693911189592
0.9999971094387617
1.0000097679716935
0.9999981646536266
1.0000443726264372
0.9999955685921702
0.9999957443910102
1.000030613328738
1.0000192042278622
0.9999866514337313
1.00000915974319
0.9999962783194078
0.9999984497438554
1.0000027187578617
1.0000033878481023
0.9999958974696197
1.0000025311037382
0.9999980599086602
1.0000177438234223
0.9999611474261954
1.0000645015538698
1.0000136548816627
1.0000202913800165
0.999997052130399
0.9999968521208598
1.000017411231654
1.0003450130284846
0.9999839083661347
0.9999942585911322
1.0000246765125682
0.9999963379217347
1.0000000705784169
0.9999988618314645
0.9999962698509708
1.0000223884341664
1.0000407439798509
1.000015962433417
0.9999970847178093
1.0000038198381573
0.9999933293123567
0.9999992243279343
0.999997208081117
1.0000006806481185
1.0000127634893343
0.9999945566194246
0.9999945896201241
0.999997097043704
0.9998614526752237
1.0000360687760375
0.999999992814705
0.9999752261772257
1.000002040491962
0.9999988411412801
0.9999980388973546
1.0000179026924443
1.0000501235925856
0.9999941484525326
0.9996288898059917
0.9999964229729691
1.0002914467503181
0.9999939754114552
0.9999966709927068
0.9999957109190841
0.9782861280462533
0.9999995132494842
0.9999985878450374
1.0000057546342842
1.0000257735483224
1.0000007315902704
0.9999928376470095
0.9999988182455612
1.0000361347050981
0.9999880886394932
1.0000205773388728
1.0000013023171372
1.0000113947545473
0.9999961799256487
1.0000066713740854
1.0000221084690393
1.0000781080127215
1.0000224740801822
1.0000128724244624
1.0004225080348232
0.9999935928003028
1.0000199581081044
1.0021197655673564
0.9999982095168611
0.9999950331797215
1.0000712022096507
1.0000164114705863
1.0027957888489012
0.9999897253876492
1.0000231506635038
0.9999946973576518
0.9999940365495432
0.9999851732191529
0.9999949778793323
1.0000235968290503
0.9999983228871477
1.0000286253961643
1.0000015450903577
1.0000086026875283
1.000004578993455
1.0000014968123203
0.9999956273681581
0.999984869372344
1.0000092804133627
1.0000167573455805
1.000011904465789
0.9999921776186471
0.9999965692291672
0.9999887185663168
1.0000865123006188
1.0000126759960752
1.0000016576306037
0.9947195323502961
1.0000105399888868
0.9999971014596853
0.981050923809231
0.99999357561403
1.0000020962773741
0.9996270611362281
0.9999980059096122
0.9999941604731185
0.9999983973354909
1.0000160613450209
1.000361627676522
1.0000056322291908
1.0000101723507775
1.0000167263558655
1.0000331990344409
0.999973426113502
1.00003386936854
1.0000392459083942
1.0000057953452304
0.9999984134431137
0.9999990015755756
1.000001841810683
0.9999981546864449
0.9999961856908337
1.0000277815239582
1.0000109675698623
1.0000514774315483
1.0000217448083952
0.9999987082928907
1.0000033805945812
0.9999952816780516
1.0000152601444847
1.0000111674202024
0.9999892829248096
1.0000265991671664
1.000003947414567
0.999988379682524
1.0000031905826394
0.9999980786698766
0.9999901222373434
0.999993604263814
0.9999990180658166
1.000014957035847
0.9999958766864301
0.9999969256232896
1.0000117139201796
1.0000271591426677
0.9998439013815763
1.0000671280033613
0.9999937320532063
1.000064867199155
1.0000173025498091
0.9999994001863265
0.9999990008723968
1.0000369602998573
1.000071706840848
1.0000127604628182
1.0002666009217704
0.9999957644931836
1.0006891228621413
0.9999904727070557
0.999995785384665
0.9999967389117694
1.000013331186529
0.9999933417262223
1.0000010356926143
1.0002545891048351
0.9999965185507411
1.000093276700618
0.999994459647811
0.9999986707160969
1.0000011264424329
1.0000272814133997
1.000022920977321
1.000002709196164
0.9999728437269744
0.999997181642642
0.9999905524374781
1.0000074148210234
1.0003811637186768
0.9999882744092652
1.000009536278872
1.0000891550295699
0.9999965101689201
1.000159714642764
0.9999991365978099
0.9999960307995354
0.9999953159775261
0.999996158993541
0.9999995699867757
1.0000030951481618
1.000081085167234
1.0000116583291654
0.9999768412088221
0.9999987292353003
1.000031380254924
1.000005766113903
0.9999934633173899
1.0000048574546434
0.9999973542535731
0.9999986661189133
1.0000224268254132
0.9999934078073802
1.0000055865632531
0.9999976798470998
1.0000045150320813
0.999996930443788
1.0000022308606336
0.9999966993280147
1.0005694539601158
0.9999883618118671
1.0000047252456128
0.9999992116977504
1.0000057221763907
0.9999625900331316
0.9999938582588777
1.0000179631175283
0.9999958669383597
0.9999857425086074
1.000294804935695
0.9999998578034163
1.0000380024617848
1.0000288689528296
0.9999472544912202
1.0000060245198428
1.0000093798631418
1.0000131931484595
0.999992464345759
0.9999486308957256
0.9999973366203031
1.000057691163967
0.999996240969334
1.0000016349542356
0.999997020384903
1.0000041349946733
1.0000159365826549
0.9999892199871978
1.000015975755328
0.9999981829410849
1.000008165094173
1.0000002489010749
0.9999952099349528
1.0001494876505446
1.0000123680082122
0.9999939940485749
1.0001239149448584
0.9999990103069871
0.9999970874412611
0.9999974381972495
0.9999684395066375
1.00011162468817
0.9999999292574191
1.0000145983993087
0.999998533452493
1.000056434375747
0.9999947779843513
1.0000550708240827
1.0000057892710057
1.0000919748811974
1.000006743691863
1.0000352310768692
1.000026261340288
1.0000072220682787
1.0000142530345055
1.000000297154757
1.0000271968793621
1.0001206428363711
1.000002120503134
1.0000003009094
0.9999988397242873
0.9999910137953191
1.00001353413649
1.00003690635649
1.0000322447234617
0.9999911190466328
1.0000056646530533
1.0000033811141795
1.0000060729121019
0.9999977572753037
1.000113408201092
0.9999968416557147
0.9999989278065045
1.000179435078011
1.000001323787603
1.0000029020931938
0.999989119431747
0.9999950061020458
1.0000105567632294
0.9999983732551273
1.0000006934499068
1.0000143966936756
0.9999971565456933
1.000021001218584
0.9999968846343811
1.000023097512574
1.0000178298837674
0.9999838496278326
0.9999971478559695
1.000003126434947
1.0000091590164943
1.0000931559758386
0.9999878807874694
0.9999985795169719
1.0000093188791177
0.9999907396122375
0.9999977285009097
1.0000762240327568
0.9999947525221023
1.0001472854251159
1.0002097096892175
0.9999986948027944
0.9999975740308064
1.0000540491888914
0.9999983773696013
0.9999881432455665
0.9999968855843635
1.0000341201230756
0.9999789097663297
0.9999974581146609
0.9999984072097505
1.0000139425289756
1.0000022302334446
1.000030828915919
0.9999955759931145
1.0000169818467544
1.0000042486185752
1.0000097771530336
0.9999977510348066
0.9999972064218197
0.9999986568017709
1.0000694165918846
0.9999956872822618
0.999998469589983
1.0000753725492841
0.9999632401227164
0.9999385621707149
1.000042234530096
0.9999983530593893
0.9999988441673014
0.9999911257946125
0.9999692587934682
0.9999934570105745
1.0000076927693322
0.9999891242661308
1.0000210155525255
1.0000495805240734
0.9999984383950277
0.9999939478542177
1.0000088168837216
1.0001158040762974
0.999998601802625
1.0000095682392345
1.0000171525329113
0.9999771551582374
1.0001622250007036
0.9999954923919216
1.0000219189806239
0.9999844027162345
1.0000567285973232
1.0000074473872915
0.999998980211767
0.999998995505844
1.0000141285056958
1.00001312324568
1.000000887661082
0.9998509295465339
1.0001017040786218
0.9999978126735469
1.000007419230712
1.0001047867836146
1.0000514634090962
0.9999990435296359
0.9999982233742937
0.9999963612030777
1.000045184585995
0.9999806135702456
0.9999969322442956
0.9999980366221443
1.0000077033026726
0.9999995872830172
1.0000277701554618
1.0000085608867284
0.9999886078618888
0.9999976099986118
0.9999997744685475
0.9999982308489003
1.0000482819697956
0.9999985468657168
0.9999965324412569
1.000017678860742
1.0000231760461407
1.000001634708632
1.0000062169507415
0.9999985849615322
1.0000023095740636
1.0000028910417293
1.0000640499350646
0.9999982211831552
0.9999976101588406
1.000034438614786
0.9999967720734418
1.0000477479853025
1.0000460753022447
1.0000098096388337
0.9999984478368996
1.0000068378849687
0.9999903605485566
0.9999926989830277
0.9999932942824271
1.000001908158839
0.9999945884398512
0.999986563339701
0.9999925693682871
1.0000262213038957
0.9999694278501918
1.0000097616789123
0.9999514722710648
0.999996307431578
1.0000089884774976
0.9999994221550887
0.9999986525605232
0.9999983734675
0.9999947465699679
1.0000179627311696
1.0000465196941062
1.000019120891124
0.9999932501000485
0.9999974934396426
0.9999896033604342
0.9999975866748789
0.9999950658458664
0.9999969371621578
0.9999979220692975
0.9999957871496569
1.000194579428096
1.000018228556308
0.9999844903772638
1.0000496168102648
1.000001781121289
1.0000031407751142
1.000000695343127
1.0000018521263334
0.9999963188364185
0.9999972622245104
0.9999956861767296
0.9999998702838977
1.000007512636147
0.9999982774313317
1.0000256403703343
1.0000095728838159
0.999997338890841
0.9999959506446454
1.0001774568942963
1.0000234161232104
0.999996556835003
0.9999938174234018
1.0000417424571986
0.9999978208858777
0.9999965447709511
0.9999958709385279
0.9999989183004455
1.0000124077778412
0.9999888723216455
0.999994900917735
0.999989916671977
0.9999971439484184
0.9999942924707649
0.9999934501132867
0.9999723414082932
1.0000284637195758
0.9999932006050095
1.0000033216902111
1.000238578080927
0.9999980437779589
1.000027363172853
0.9999985719813621
1.000004066606178
1.0000196732124984
0.9999890234559929
0.9999998681768149
0.9999984171175471
1.000005694378185
1.0000010870200289
0.9999966504608154
0.9999971303949012
0.9999980306008318
0.9999993752733128
1.0000058690264508
0.9999971720856149
0.9999941159611496
0.9999988888353396
1.0000170021154193
1.0000058179599094
0.9999940940146522
1.0000725415652458
0.9999511164012124
0.9924716855110753
0.9999978083864193
0.9999965590038179
1.0000632305573616
0.9999980453022831
1.0000017195281994
1.000015342180801
0.9999996740073791
0.9999839270559386
1.000012747762676
1.00002708655592
1.0000238072420058
1.0000088688229065
0.9999993485224081
0.9999977418584914
0.9999960550709975
1.0000068628037735
0.9999756278159847
0.999996275335952
0.999997769288179
1.0000038090195245
1.0000088622019325
1.0000046650070624
1.000001626435992
0.9999951437412524
0.9999377925351063
1.0000029396151684
0.999993953285691
0.9999981930824831
0.9999977752914724
0.9999940021041105
0.9999970484088581
0.9999942502094634
1.0000112366969123
0.9999990813168319
1.0000084960978908
1.0000393268557848
1.000002730342401
0.9999968753658077
0.999969482603033
1.000041928932708
1.0000232120071935
0.9999824296553064
0.9999963142596351
1.0000041550794723
1.0000132486209903
1.0000012730385006
1.000594043561687
0.9999991671490696
1.000055187933877
1.0000009747719347
0.9999849715541491
1.0000526568616455
1.0000454878295306
0.9999345770782706
1.0000222728739
0.9999791214992068
1.0000213147761372
1.0000564096513636
1.000018683950982
0.9999754654430701
1.0000607650413265
0.9999988942746137
1.000439265228998
1.0000165555957443
0.9999819039251763
0.9999985764256376
0.9999985852319413
0.9999948174357789
1.000026545501258
0.9999960945993288
0.9999875099674986
0.9999964143268328
1.0000039160215284
1.0000002407836182
0.9999929815800901
0.9999962073573042
0.9999939171958961
0.9999996931734841
0.9999977593424854
1.000017922526046
1.000020083077499
0.9999997637363286
1.0000209422760473
1.0000206533431701
0.9999990483132336
0.9999941395243669
0.9999997002452041
0.9999954674541869
1.0000009973650887
0.9999954157553135
1.0000022488710791
0.9999911686009112
0.9999848920392131
1.0000129576860184
1.0000055079269106
1.0000175906951763
0.999998108665935
0.9999966640392902
0.9999923542604423
0.9999486909523122
0.999999214312715
1.0000105935897314
0.9999901065385657
0.9999978325673352
0.999995930603239
0.9999966291099094
0.9999949467135187
1.0000128466736948
1.0000107455682277
1.000036560093664
1.0000041373017656
0.9999721720845128
0.9999940775030027
0.9999987463482392
1.00000706348388
0.9999970510261015
1.0000508354199524
0.9999982761954591
1.0000375265650938
1.0000030440989773
0.9999931044427239
0.9999961919355017
1.0006530628795134
1.0000126040695818
1.0000487910530997
1.0000040155586989
1.0001416188771761
1.000017179715095
1.0001340452520455
1.000015467942567
1.0000250837762557
0.9999944668919807
1.0000024245458126
1.0000007020504444
0.9999904721937658
0.9999947177743075
1.000042396536797
0.9999983427211828
0.999995708230958
1.000021775943589
1.0001872496132218
0.9999933255237764
0.9999937102432624
0.9999976927680088
0.999994425075648
1.000012175541676
0.9999949939417099
1.000048254658105
0.9999988205766992
0.9999938694124584
1.0000560025375276
1.0000565960428345
0.9999956353809198
0.999996101853069
0.9999972862983245
0.9999980612663604
1.0000106432566631
0.9999956507526259
1.0000107939197138
1.0000130489825354
0.999995369888247
0.9999980655610969
0.999996143868646
1.0000381481042808
0.9999973896491662
0.9999981611190619
0.9999585670558215
0.9996323895081171
0.9999975331856077
0.999997303982362
0.9999986887555937
1.0000234278148696
1.000016455949246
0.9999879973404362
1.0000027998936183
0.9999977432334503
0.9999869665949669
0.9999941494319429
1.000035133689219
0.9999967140466278
0.9999987682419531
0.9999937351801451
0.9999972541628409
0.9999910510059584
1.0000255968163367
1.0000295298168744
0.9999890602834142
0.999978523343357
1.0000234448240386
1.0000207153506506
0.9999986981486932
0.9999863867641686
1.0000090549236011
0.9999998477490815
0.999997896501261
0.9995031741959917
0.9999949956142463
0.9999817910593399
1.0000230686594553
1.0000373290846551
1.0000010417266583
0.9999415865606649
0.9999968120238688
1.0000305852747542
0.9999939803252043
0.9999954843696724
0.999996407896368
0.9999992376466447
1.0000268988281296
1.0000029362694125
1.0000046008322865
1.0000149094858404
0.9999981915754916
1.0000195081424075
0.9998922233092886
0.9999973693641767
0.9998807338301514
0.9999967553661551
0.9999980108911306
0.999996952522377
1.0000152791498644
0.9999794112400365
1.0000060536220663
0.9999937383773344
1.000016218120435
0.9999522060257564
1.000055963597526
0.9999974303131995
1.0000155371771828
0.9999977778683306
0.9999925650339703
0.9999923579603973
0.9999978150158727
1.000043244950035
1.0000275754378827
1.0000076402919948
0.9999861619821029
1.000009550351565
1.000006111169941
0.9999981811017403
0.9999960561999531
0.9999908348487145
0.9999958250326392
0.9999993223831013
1.0000240794154538
0.9999993580102147
0.9999924749048265
1.0000092255007191
1.0000029955792213
1.000011091901287
1.0001932135742522
0.9999975308401424
0.9999978289424828
1.0000015381460126
0.9999984302589852
0.9999987152018563
0.9999982483378265
0.9999985848977723
1.0000104019143965
0.9999962035698935
1.000001093948118
1.0000587889514916
1.0000080927498403
1.0000246103311605
0.9999980410363852
0.9999963152330197
1.0000402686212937
0.9999991940813525
0.9999966538001696
0.9999989760328534
1.0000564619672927
1.0000249044489664
0.9999951887061629
1.000003610097501
0.9999963663104403
0.9999968233985037
0.9999999533934567
0.9999943250742178
0.9999772100101971
1.000056257241142
1.0000037941673428
0.9999941906311415
1.000002152786445
0.9999976731746297
0.9999897062122768
1.0000096973348527
1.0000295282564913
1.0000308188851252
0.9999914115315109
1.000057604288776
1.0000205881966595
0.9999971424798946
1.0000058573539894
0.9999890832688509
1.0000300974616751
0.9999925988649481
0.9999983205638825
0.9999969044785194
1.0000217486500242
0.9999985643247756
0.9999956864874633
0.9999983239909618
1.0000043076250509
0.9999978164952789
0.9999987953291689
0.999989737102064
1.000084954504057
0.9999969336639328
0.9999971105420487
0.9999994457389875
0.9999968226875652
0.9999936089898627
0.9999943896312835
1.0000030173186223
1.0000065827875062
1.0001101238914605
0.9999962046741596
1.0000111113824488
1.000021473059713
0.9999370280981615
0.9999879344639093
0.9999858943418859
0.9999984630820181
1.0000101901365863
1.0000020945922397
1.000043471734005
0.9999951924081242
0.9999940596386215
1.001381161613901
0.9999974311181535
1.000055938177942
1.0000232781726546
0.9999974800309921
0.9999954289801757
0.9999967869212472
1.000023457187691
0.9999959249564138
1.000026055118732
1.0000044067088105
0.9999934001419978
1.0000084747374556
1.0000076054635898
1.0000010772891648
0.9999977900915579
0.9999913708648581
0.9999984826502932
0.9999921347760651
0.9999821259547295
0.9999952624384129
1.0000005647620196
0.9999829050443367
1.000041706630091
1.0000273214637885
1.0000166179393302
1.0000774765669707
0.999999217714314
1.0000012232894595
0.999997423347739
1.0000180747256853
1.0000011800895114
1.0000007571665335
0.9999964274508905
1.000015341611778
0.9999986579676966
1.0000080347897544
1.0000022802559576
0.999998796532875
1.0000168658054982
1.0001535930162624
1.000007299427942
1.000069125180201
0.9999987150025255
0.9999952856396385
1.0000042722260072
0.9999818404114661
1.0000014464987768
1.0000411346408145
0.9999948879792838
0.9999966992723056
1.0000104575914188
1.0000014580912235
1.0000324651796804
0.9999981861513183
0.9999959906772872
1.0000118169092094
1.0000829071751245
1.0000837201433497
1.0000221073990594
0.9999976048882538
0.9999973897470226
0.9999994657022458
1.000008511208839
0.9999946780205722
0.999998413982781
0.9999850930835625
1.000001818048491
0.9999954593602447
0.9999925852557198
0.9999785030998507
1.00001082755504
0.9999947703125333
0.9999965671612568
1.0000101651311755
0.9999815044237499
0.9999928068351405
0.9999979716871132
0.9999959096068495
1.0000066317870946
1.0000375698137298
0.9999957230557647
0.9999757138435242
1.0000065942129697
1.000058085213003
1.0000058855705856
0.9999839774558752
1.0001195194314163
1.0000315711722283
0.9999917274426745
