0.9999997550526432
0.9999996774755485
0.9999996663641906
0.999998861789412
0.9999996924359846
0.9999998688740906
0.9999993617240828
0.999999590093457
0.9999996802272737
0.999999302103286
0.9999996513569024
0.9999994785062141
0.9999995843882069
0.9999991963868583
0.999999806048488
0.999999769130993
0.9999997307425762
0.9999991345095783
0.9999998216333432
0.999998576304994
0.9999997035501633
0.9999930282858243
0.9999984046270564
0.9999956501003378
0.9999989465258886
0.9999994034322987
0.9999996369595797
0.9999998593656576
0.9999967848298221
0.9999987849010298
0.9999997129346577
0.9999830966981965
0.999999784851385
0.999999108837477
0.999999790219074
0.9999994727076622
0.9999996555135625
0.9999997915489864
0.9999991322920975
0.9999998064012422
0.9999998334069765
0.9999989319646395
0.9999989640846538
0.9999994866407848
0.9999988757854965
0.9999990834581386
0.9999995686801052
0.9999993508361137
0.9999969978057817
0.9999998390450856
0.9999996547698634
0.9999995723859426
0.9999998523479731
0.9999996966344944
0.9999983686409895
0.9999991679726201
0.9999994840399905
0.9999732474609025
0.9999996519063851
0.9999994322394248
0.9999994184516213
0.9999989937961665
0.9999998782541898
0.9999997585148143
0.9999942935745605
0.9999997983030228
0.9999995344348094
0.9999996951432343
0.9999994430963219
0.99999742254922
0.9999996715428401
0.9999991903685932
0.9999997490462121
0.9999988728090146
0.9999995979420162
0.9999997530585243
0.9999983031119817
0.9999993420897272
0.9999989508841967
0.9999994918125873
0.9999997589293913
0.9999998110079387
0.999999711808984
0.9999995504338385
0.9999997475428578
0.9999996183950418
0.999999776396713
0.9999992432562446
0.9999977106680613
0.9999973468908459
0.9999982978474414
0.9999992550847454
0.9999996936275378
0.9999995089651494
0.9999992977453859
0.9999906738286265
0.9999987608792192
0.9999990021577047
0.9999992743359656
0.9999997038831904
0.9999997067764551
0.9999996830920581
0.9999996767209158
0.9999993431603321
0.9999986261989863
0.9999989197558863
0.9999995264163756
0.9999997609482728
0.9999992258914385
0.999999728432171
0.999999456910566
0.9999998276410537
0.9999994099833632
0.9999992546335493
0.9999996964020491
0.9999995526841045
0.9999874564572718
0.999998789864881
0.9999997838707031
0.9999983493948393
0.9999996564708188
0.9999998761756603
0.9999998030237134
0.9999993294405092
0.9999978680909065
0.9999996443572764
0.9999816771624205
0.9999995088289098
0.9999789208612698
0.9999988852062865
0.9999996597369717
0.9999996678894001
0.9996760043915813
0.9999997571101812
0.9999995501999444
0.999999449833578
0.9999993137613097
0.9999996730433831
0.9999995628663622
0.9999998500409955
0.9999989776760492
0.9999991929262954
0.999999485792872
0.9999998415843584
0.9999995362644567
0.9999997221217842
0.9999991853400096
0.9999991080566348
0.9999962321708757
0.999999237152944
0.9999995632122236
0.9999894860484602
0.9999995995397624
0.9999994574625809
0.9999378362136517
0.9999995974034808
0.9999997424154587
0.9999862691369198
0.9999991107809614
0.9999345648718796
0.9999993569749427
0.9999993598515031
0.9999997243074688
0.9999996815108215
0.9999990140345525
0.9999994055556533
0.9999988535523939
0.9999998030504034
0.9999993404962848
0.999999767253256
0.9999995613270072
0.9999996122984677
0.9999997314770664
0.9999997755221772
0.9999941869513904
0.9999991947092571
0.9999994561828862
0.999999507415941
0.9999994464069285
0.9999995146262067
0.999999247096327
0.9999976358790983
0.999999192185753
0.9999996163239241
0.999843914442339
0.9999988689930837
0.9999997730681339
0.9996913202967406
0.9999995399000711
0.9999996511955583
0.9999849777609939
0.9999998488221529
0.9999995351241331
0.9999998508020944
0.9999994778850653
0.9999695823249186
0.9999992632493416
0.9999995833024832
0.9999994136505199
0.9999990503525029
0.9999986062714679
0.9999991929405355
0.9999987740174913
0.9999996099057057
0.9999998188948838
0.9999996457087366
0.9999994795557399
0.9999997758132864
0.9999997220710357
0.9999993203590747
0.9999995708295794
0.999998676341948
0.9999993458023289
0.9999998126145824
0.9999996911088131
0.999999182464047
0.9999983353743476
0.9999996607944627
0.99999901512476
0.9999993509883964
0.9999991628642383
0.9999992258395168
0.9999995536799984
0.9999998299784867
0.999999511181071
0.9999996212360769
0.9999997707640598
0.9999994338662705
0.9999994889954951
0.9999998157629132
0.9999993524585604
0.9999964738290461
0.9999936526178953
0.9999970709795525
0.9999989475057391
0.999997267546043
0.999999424554432
0.9999998214093382
0.9999993572702208
0.9999974817518281
0.99999811691989
0.9999979164272266
0.9999921005080961
0.9999994723582911
0.9999852849612508
0.9999989425993304
0.9999997675021827
0.9999993104316407
0.9999996331661661
0.9999997162314948
0.999999611392999
0.9999946684315117
0.9999995312218312
0.9999973561049132
0.9999991102788629
0.9999998190689434
0.9999998023334555
0.9999988441454183
0.9999993616847329
0.9999995138787582
0.9999985021981691
0.9999997878587297
0.9999986440299165
0.9999995460280321
0.9999915879771742
0.9999993472230245
0.9999995056402046
0.9999977384957353
0.9999997776486395
0.9999943654849646
0.9999995706660225
0.9999996249385796
0.9999997066539855
0.9999997451474008
0.9999998736641926
0.9999996520049123
0.9999974799717457
0.9999992580354431
0.9999987256060394
0.9999998705337658
0.9999991387716648
0.9999996238335036
0.9999995306643975
0.999999663924606
0.9999994303841022
0.9999998139388744
0.9999971621104027
0.9999995679980356
0.9999995808852145
0.9999996909170669
0.9999995588462238
0.9999997139801743
0.9999997101697343
0.9999997831374697
0.9999687102762028
0.9999992077608892
0.9999996820559022
0.9999989304341799
0.9999992644250643
0.9999965778604656
0.9999997017484313
0.9999993892254913
0.999999728473286
0.9999991869878561
0.9999920593987085
0.9999998225593959
0.999996791100304
0.9999988399510721
0.9999959052945504
0.9999997259198946
0.9999994290898574
0.9999995712504988
0.9999995930098863
0.999989773148831
0.9999998210700479
0.9999981566926416
0.9999997671336324
0.9999995112027846
0.999999812841029
0.9999995409165277
0.999998001814244
0.9999993026397038
0.9999992216636471
0.9999998269187481
0.9999990965626897
0.9999997789795372
0.9999997383344547
0.9999942462914251
0.9999996124685184
0.9999991986272159
0.9999956463169474
0.9999997261226773
0.9999997593347122
0.9999998407333338
0.9999971667536522
0.999995832509433
0.9999998432077956
0.999999259652326
0.9999998510099821
0.99999805819622
0.9999995613443233
0.9999981462273752
0.9999988446746388
0.9999974224336894
0.9999995897535461
0.999998910254545
0.9999990813648635
0.9999992825466336
0.9999993706554774
0.999999747060876
0.9999992555880256
0.9999959435740048
0.9999985094649682
0.99999903999287
0.9999997761516858
0.9999995438723757
0.9999995334396284
0.9999984988061916
0.9999990196706902
0.9999989772860541
0.9999995753463949
0.9999997040932745
0.9999996876273199
0.9999997707685161
0.9999969579005925
0.9999994686002809
0.9999998287108645
0.9999928284270643
0.9999996283799145
0.9999996497708661
0.9999994136864363
0.9999997054538834
0.9999982935561474
0.9999997978858621
0.9999997784001692
0.9999977358658252
0.999999221098912
0.9999995023711038
0.9999997358904096
0.9999992662446571
0.9999990997941058
0.999999014911748
0.9999994868116021
0.9999998104039381
0.9999992141010545
0.9999969754187977
0.9999993502042449
0.9999997958523877
0.9999994543335047
0.9999989379684168
0.9999998215644951
0.9999980045954547
0.9999995967792535
0.9999959143043119
0.999994269329948
0.9999994311224002
0.9999996663910014
0.9999987599223659
0.999999817614483
0.999999316764033
0.9999997999800161
0.9999988512769635
0.9999990286459446
0.9999997161604185
0.9999997402002612
0.9999993652081889
0.9999994599350888
0.9999992819021276
0.9999993780328437
0.9999991122203662
0.9999992960384874
0.9999994369387063
0.9999998224946006
0.9999997847309596
0.9999998360574761
0.9999977050910391
0.9999996564456407
0.9999998766146607
0.9999981948810885
0.9999977160098121
0.9999960345186543
0.9999989303746043
0.9999998415163559
0.9999997870078576
0.9999995988278929
0.9999978073948875
0.9999994283405546
0.999999101968702
0.9999993652478674
0.999999295557434
0.9999967090160944
0.9999997922566324
0.9999986553750032
0.999999260391669
0.9999971947749262
0.9999996909710873
0.9999995850288702
0.9999988025881926
0.9999988713102311
0.9999947782407786
0.9999993050877208
0.9999938440097211
0.9999992774038089
0.9999988312605809
0.9999990057882602
0.999999892609318
0.9999998074663384
0.9999994510072175
0.9999995639151458
0.9999997284913116
0.9999834352162553
0.9999974165407042
0.9999997110482578
0.9999995415765398
0.9999949182971105
0.9999863339348813
0.999999811713412
0.9999997814788868
0.9999996225397744
0.9999985894998601
0.9999987313167503
0.9999997482528798
0.9999993457922774
0.9999996062183278
0.9999997353564498
0.9999990394639485
0.999998883795125
0.9999983105082764
0.9999998165088428
0.9999997411887637
0.9999997264125008
0.999998461227137
0.999999806825567
0.9999997818554793
0.999999394015692
0.9999988815074161
0.9999996154332319
0.9999996159654317
0.9999990186560924
0.9999995915030742
0.999999022403799
0.9999981110397729
0.9999997893436574
0.9999998006474593
0.9999987099775528
0.9999997647760223
0.9999980340188878
0.9999986665494505
0.9999994297828535
0.9999997072901391
0.9999996788745452
0.9999991524597012
0.9999994938400485
0.9999994995150674
0.9999997659855815
0.9999995876805219
0.9999983989789614
0.9999995928044233
0.9999991903166531
0.9999967753318525
0.9999984758063973
0.9999975593476083
0.999999726969485
0.9999991451090553
0.9999998036334896
0.999999891020319
0.9999998422804132
0.9999996114751336
0.9999992258276673
0.9999986751635558
0.9999993278711362
0.9999996373428593
0.9999997306715804
0.9999994855937117
0.9999998188456345
0.9999994095940173
0.9999988711459447
0.9999998153539754
0.9999996747225638
0.9999872184565233
0.999999251950335
0.999996041413237
0.9999983841763972
0.9999997712541104
0.9999995812584255
0.9999996730659855
0.9999995204865451
0.9999997428004094
0.9999998028830466
0.9999995773430204
0.9999988762311505
0.9999995117007804
0.9999997279094063
0.9999986636868472
0.9999995225442658
0.9999997582784086
0.9999995968994468
0.9999940093757611
0.999999372270156
0.9999996876040446
0.9999995319230515
0.9999987737857725
0.9999997248161494
0.9999997034593389
0.9999998004537387
0.9999991257898979
0.9999996215093638
0.9999990901575156
0.9999996280296278
0.9999986034681807
0.999999686164635
0.9999989836591139
0.999999171258881
0.9999984913393404
0.9999991659949531
0.9999991001456497
0.9999997372569892
0.9999925281427451
0.999999848285752
0.9999991531495563
0.9999995945554543
0.9999994902313653
0.9999991402514833
0.9999991446763875
0.9999998313785068
0.9999997613190452
0.9999996107497894
0.9999992086450303
0.9999997442379955
0.9999997363158969
0.9999998153178823
0.999999874099713
0.9999982551615202
0.9999996553992554
0.9999992504462529
0.9999998352888109
0.9999994876365949
0.9999995075398401
0.9999996617455043
0.9999981031602382
0.9999972247859528
0.9998150508243029
0.9999998585677564
0.9999996550344228
0.9999966367204212
0.9999995767605061
0.9999996487413906
0.9999974762798379
0.9999996587779517
0.9999982688821748
0.9999930368676618
0.9999988472441445
0.9999990551955361
0.9999994817063416
0.9999997359207935
0.9999996837422863
0.9999995378900579
0.9999995512019229
0.9999969724874846
0.9999997768751326
0.9999997964604957
0.9999997560798495
0.9999991842279683
0.9999995884828784
0.9999997956997806
0.9999976111257153
0.9999894872281427
0.9999997675521984
0.9999956702523607
0.9999996660591062
0.9999998162137116
0.9999987674302951
0.999999745851821
0.9999996230425077
0.999998234813157
0.9999993386106557
0.9999990300642974
0.9999989012030405
0.9999994578503624
0.9999996528291967
0.9999975834245663
0.9999987788255387
0.9999992112168938
0.9999998611799887
0.9999996196975324
0.9999996404471853
0.999999442621233
0.9999997684365132
0.999980821405808
0.9999998087594996
0.9999983875849521
0.9999997865804339
0.999998442416478
0.9999965401966289
0.999999028786438
0.9999928009524157
0.999998974637099
0.9999975546600077
0.9999995165805229
0.9999983988275823
0.9999994190412546
0.9999956408872253
0.9999963893604432
0.9999998453623355
0.9999907648885197
0.9999989150676909
0.9999929105597645
0.9999995984528652
0.9999997417173588
0.9999997271356995
0.9999963360823882
0.9999997048491498
0.9999985247464118
0.9999996874711036
0.9999994388389104
0.9999997286718632
0.9999987276190402
0.9999997359209473
0.9999996106862602
0.9999997285275528
0.9999996133340388
0.9999987772813856
0.9999991010486097
0.9999993414300042
0.9999989113159963
0.999999121117081
0.9999997640855398
0.9999988129270883
0.9999997049264068
0.9999997836390583
0.999999671387685
0.9999996852110659
0.9999990099051822
0.9999988035021692
0.9999986534618979
0.9999989267198399
0.999999615539421
0.9999992462794669
0.9999998701277649
0.9999993362748766
0.9999993528938791
0.9999958199306535
0.9999997478548317
0.9999996365407708
0.9999992358664868
0.9999998083334213
0.9999997140181494
0.9999997730134682
0.9999996203763625
0.9999987605731064
0.9999994505079497
0.9999977993380316
0.9999996447027482
0.9999972352587678
0.9999996682517173
0.999999709895238
0.9999996140937609
0.9999997364189495
0.9999989742373594
0.9999998424588507
0.9999989662018859
0.9999996095946068
0.9999982448111968
0.999999626701714
0.999984346068248
0.9999991596670856
0.9999983632715649
0.9999995801545473
0.9999956918546955
0.9999988503531909
0.9999967817981112
0.9999994671870177
0.9999984626434929
0.9999996094547989
0.9999995776989591
0.9999998164867467
0.9999990828401445
0.9999997395063556
0.9999969149305371
0.9999997659218699
0.999999650414888
0.9999993520533053
0.9999925273421539
0.9999981877803503
0.999999338895468
0.9999998016730383
0.9999996393665449
0.9999995614050505
0.99999961577982
0.9999981614117069
0.999999852836782
0.9999995133596054
0.9999985787773915
0.9999979765801406
0.999999528962476
0.9999996386268163
0.9999998161405125
0.9999998088528769
0.9999995887198702
0.9999997382979999
0.9999995637700028
0.9999995551465811
0.9999994906505938
0.9999998108587518
0.9999995893444974
0.9999986765182531
0.9999998473640728
0.9999998045131038
0.9999966476954607
0.9999829420979404
0.9999995675680866
0.9999998000621451
0.99999975348092
0.9999994311999816
0.9999994040182286
0.9999986650042474
0.999999766867085
0.9999998174090917
0.9999989214014428
0.9999996422925947
0.9999987743894365
0.9999995344838789
0.9999998445787898
0.999999677449169
0.9999997835939742
0.9999994690068378
0.9999991592307239
0.9999991954870109
0.9999993247074559
0.9999987038542181
0.9999992591498952
0.999999451844334
0.9999998939641974
0.9999984072316214
0.999997490967192
0.9999997035747487
0.9999998317068429
0.9999485140714693
0.9999997350268893
0.9999990561585407
0.9999987902645707
0.9999986677489364
0.9999997254981957
0.9999967642321587
0.9999997336637637
0.9999991551998838
0.9999994615452719
0.9999997185685275
0.9999997745923239
0.9999998727562768
0.9999992129136526
0.999999355739626
0.9999996395324092
0.9999990773918702
0.9999997629754555
0.9999971805086657
0.9999942368767082
0.9999997228200468
0.9999919216452561
0.999999734399247
0.9999997780460268
0.9999998224523825
0.999998433766592
0.9999964527197679
0.9999997528408012
0.9999995018587488
0.9999996125202928
0.9999965079559612
0.9999988013317801
0.9999997356903989
0.9999990541093396
0.9999998571541672
0.9999994983780519
0.9999988226297746
0.9999996417006854
0.9999984071631565
0.999998513344705
0.9999966684735254
0.999999178881411
0.9999977611399543
0.999999637354922
0.9999998365228564
0.9999994818396001
0.999999476168364
0.9999997246649592
0.9999997619437172
0.9999993588738965
0.9999998245080118
0.9999996326384745
0.9999991539782088
0.9999993351409002
0.9999993594475681
0.9999957093289288
0.9999997713976656
0.9999997426926088
0.999999017140287
0.9999998865807403
0.999999888789849
0.9999995985827331
0.9999998265150442
0.9999995995625959
0.9999996305400036
0.9999997041740187
0.999997783028846
0.9999989813640555
0.999999333982441
0.999999785591429
0.9999996297928994
0.9999990395448192
0.9999998015911292
0.9999997245561983
0.9999998602206044
0.9999974627780717
0.9999985698348774
0.9999996972670536
0.9999996301769281
0.9999997629477807
0.9999997942005423
0.9999996513593017
0.9999995202053993
0.9999982242368638
0.9999952653097913
0.9999997087756458
0.9999996483986695
0.9999997764186551
0.9999998732117054
0.9999991657755599
0.9999983815021108
0.999999000243938
0.9999990731043058
0.9999995242436241
0.999997519409149
0.99999933987892
0.9999995993377184
0.9999997111122839
0.9999994166678566
0.9999991109243109
0.9999994603137417
0.99999983729754
0.9999994563539518
0.9999993780558604
0.9999998397121561
0.999999641918415
0.999999834420533
0.9999996784458903
0.9999997023816652
0.9999998537643219
0.9999983829156214
0.9999972965143079
0.9999997703975338
0.9999997533523151
0.9999994248242056
0.999999844517102
0.9999984813273592
0.9999996543969596
0.9999947359662819
0.9999989257629897
0.9999958201494288
0.9999997213120043
0.9999992491554609
0.9999981668398048
0.999995995875098
0.9999970339298079
0.9999992428504606
0.999999843521156
0.9999994507944201
0.999999647910679
0.9999985577141789
0.9999995991770292
0.9999993391951155
0.9999495188840698
0.9999997890330393
0.9999985458224183
0.9999991633083662
0.9999998189794289
0.9999993635065482
0.9999998063897916
0.9999993842133361
0.999999749454956
0.9999967019670982
0.9999997037146507
0.9999996851980595
0.9999996917277344
0.9999995910151267
0.9999997785781451
0.9999998811843471
0.9999990863881769
0.9999997283702736
0.9999992687632927
0.9999981752932364
0.9999995429644113
0.9999995651470777
0.9999983443744063
0.999998549123975
0.9999991876266037
0.9999989694072063
0.9999980168990444
0.9999997687009419
0.9999997315198977
0.9999998160029492
0.9999995283536771
0.9999997941404708
0.9999997247973973
0.9999993604370574
0.999999207793237
0.9999998301771968
0.9999996194891713
0.9999994328318019
0.9999998163627792
0.9999993518451145
0.9999941149791588
0.9999995633073177
0.9999976652108173
0.9999998666952248
0.9999997309446439
0.9999991112650501
0.9999989514527033
0.9999992812472804
0.9999982198948618
0.9999996024953592
0.9999995263002125
0.9999992852233174
0.9999991143827801
0.9999991823799104
0.9999998197484257
0.9999995593104715
0.9999986251072407
0.9999976275476679
0.999988748790482
0.9999993768310864
0.9999992109339882
0.999999826562749
0.9999996971829396
0.9999989735301243
0.9999996805994656
0.9999997283479024
0.9999992825653921
0.9999997474059321
0.9999993049885981
0.9999993712427622
0.9999988904836623
0.9999994205014481
0.9999995744175949
0.999999793875941
0.9999994235665995
0.9999990846516809
0.9999996332899577
0.9999998464530001
0.9999996732858646
0.9999996276869457
0.999998912250767
0.9999997258089018
0.999996020998501
0.9999996817483602
0.9999885491856855
0.99999862913774
0.9999985928347366
0.9999971915233284
0.9999992465780102
0.999999054801793
