0.9999994997412894
0.9999994235539068
1.0000001427353913
0.9999964575734348
0.99999907415922
1.0000002169946787
0.999999929803415
1.0000007582916217
1.000000027275007
1.0000000477767998
1.0000010955471812
0.999998171831322
0.9999998207286966
0.9999984536996361
1.0000003225750407
0.999999971167278
1.0000008474118498
1.000001492179001
1.0000001576927335
1.000001563481355
1.0000003716250094
1.0000039713967261
0.9999955871142929
0.9999678623882623
1.0000011460407299
0.9999997302195581
0.9999977192962045
0.999999912615496
1.0000055917660982
1.0000000958311488
1.0000009706610504
1.0000353584931363
1.0000004132094864
0.9999970755637264
1.0000001909932663
1.0000004146530936
1.000000398944134
1.000000158128698
0.9999973568653054
1.0000001331837092
1.000000279517001
0.9999968034867315
0.9999932034795612
0.9999975487921468
1.0000013197311755
1.0000004050819469
0.9999992881659953
1.0000011477744142
1.0000041538553348
1.0000000993240532
1.000000329932846
0.9999991783554343
0.999999841468733
0.9999983809820452
0.9999961552238444
0.9999939706226529
1.000000181626048
0.9998570470982302
0.9999999450657358
0.9999979614467731
0.9999994330222177
0.9999939777848217
1.0000001277906048
1.000000272514455
0.9999736355722516
1.0000004629716122
1.0000007553461068
1.0000010456711932
0.9999991857837498
1.0000029006843913
1.0000005997269275
0.9999981828335464
1.000000304551566
0.9999926378046754
1.0000004842415038
1.0000006153298109
0.9999972632356686
0.9999971266980234
1.0000013460553325
0.9999983043322618
1.0000005173107134
1.0000002097668172
0.9999999831994747
1.0000003680844665
1.0000006098734717
0.999999311836944
1.0000001840904138
0.999998438885813
1.0000053291480713
0.9999949266756961
0.999996667147102
0.9999966814569918
1.000000318385102
1.0000000737596588
0.999998265874321
0.9999421041852894
1.0000019054824951
1.0000001122598154
0.9999960034683172
1.0000005876459166
1.0000002834701096
1.000000714323964
1.0000004424187385
0.9999962775795403
0.9999947927374075
0.9999991903308127
1.0000003384871836
0.9999996653790973
1.0000001910089078
1.0000000645216311
1.0000002906679628
0.9999997929598455
0.999997799316256
0.9999999745993691
1.0000009001648047
1.0000005349973606
1.0000151541576696
0.9999961904892343
0.9999998743687053
1.0000036673319954
1.0000002700073147
1.000000076270463
1.0000002262881953
0.9999983575774327
0.9999989158922348
1.0000007899196004
1.0000561049433465
0.9999999160401968
1.0000081595613217
0.9999999211745588
1.000000265841909
1.0000006538390154
1.001862490541991
0.9999999368454435
1.0000001936377103
0.999999473225646
0.9999977810005957
1.0000003125507753
1.0000012312211846
1.0000001198476158
0.999997654494972
1.0000016949507462
0.9999982420622869
0.999999896872299
0.9999990896777576
1.0000004987746485
1.0000004453998628
0.9999984723770193
0.999994964225837
0.999998090594529
0.9999985659871846
0.9999626940839661
1.000000802738633
0.9999982099054462
0.9997873772252791
1.0000006503125822
1.0000007811166454
1.0000225611480953
0.9999985121874888
0.9996787093390875
1.000000964711586
0.9999981920073429
1.0000005622991945
1.0000006430597204
1.0000016737502335
1.0000005269396146
0.999998256409616
1.000000111917596
0.9999977599666642
0.9999995588818641
0.9999987226101101
0.9999989528631316
0.9999999213679326
1.0000005056283683
0.9999994499572029
0.9999978403990875
0.9999983393025234
0.9999996943137431
1.0000010527566352
0.9999999169207393
1.0000011703072789
0.999992510644507
0.9999986277344778
0.9999998547909528
1.000535102696984
0.9999994311510256
1.0000003247971305
1.0009635845574523
1.0000007237159951
1.0000001595120895
1.0000445902755684
1.0000002595879403
1.0000006355151263
1.0000001148368718
0.9999986345400398
1.00002018876499
0.9999993732601407
0.9999991781484384
0.9999991949774384
0.9999981784776553
1.00000332678479
0.999997128349521
0.999996528196997
0.9999998587900379
1.000000098737385
1.0000004147641957
0.9999999067796755
1.0000001536148175
1.0000003724484532
0.9999976851901482
0.9999993026208805
0.9999964660563752
0.9999982273520379
1.0000000942291112
1.00000003180683
1.000000253606725
0.9999997737348181
0.9999994083952625
1.0000006768355538
0.9999985949373995
0.9999994290639059
1.0000011144224132
0.9999996197131503
1.000000195876152
1.000001059432126
1.0000008490377679
1.0000000133924583
0.9999994378207021
1.0000003680152574
1.0000003347110247
0.9999987623112997
0.9999970869851734
1.000017823318337
0.9999967402785224
1.0000007315894157
0.9999964029921218
0.9999987701262686
1.0000000630250983
0.9999998515782542
0.9999977061223859
0.9999965932868008
0.9999987081943721
0.9999837804709232
1.000000643820908
0.9999411609476047
1.0000003334992094
1.0000004346000997
1.0000002142303792
0.999998839221382
1.0000006904233547
0.9999998911486764
0.9999780129494665
1.0000002695375483
0.9999921329556987
1.0000002538069477
1.000000115301874
0.9999999132884851
0.9999976838910815
0.9999987448772185
1.0000005303092896
1.0000031708987154
1.0000002447424678
1.000000814552227
0.9999992038329008
0.9999777545799202
1.0000012314293527
0.9999995028851014
0.9999954419354675
1.000000425152849
0.9999936058180781
1.0000004596533363
1.0000002656292608
1.0000004171136567
1.0000004907053912
0.9999999801646342
0.9999995829866886
0.9999967352218339
0.9999990285463513
1.0000031405062704
1.0000000468057237
0.9999972878626348
1.0000000082392468
1.0000008056487615
1.0000000929140482
1.0000000923167804
1.0000001097413564
0.9999982686541327
1.0000006024196177
1.0000000570751277
1.0000001811638983
0.9999995974227279
1.0000002076633494
0.9999998095949775
1.000000312039134
0.9999719599930724
1.000001276222012
0.9999998044267555
0.9999996034424187
0.9999994881003631
1.0000027109711185
1.0000006838122597
0.9999989680375739
1.0000004065964048
1.0000016021902565
0.9999745229947384
0.9999999768692173
0.9999961698147204
0.9999975856559145
1.0000044795294372
0.9999997140788928
1.0000001017573539
0.999999406691763
1.0000006166610986
1.0000034968457558
1.0000003470989756
0.9999949806692601
1.0000003672767468
0.9999997967643868
1.0000002915947057
1.0000003605712224
0.9999999288801671
1.000001067716594
0.9999991027969186
1.0000001508031928
0.9999998933083732
1.0000001772871754
1.0000004631363213
0.9999983144412964
0.999999387133428
1.0000010748798918
0.9999960154985107
1.000000082934572
1.0000002725308554
1.000000299667539
1.0000026152695658
0.9999902123824066
0.9999999259351122
0.9999993747081759
1.0000001315553293
0.9999969018787246
1.0000005316583434
0.9999951921111613
0.9999995430445463
0.9999940364037179
1.0000000950967665
0.9999983124921485
0.9999987967187957
1.000000463616839
0.9999993693081459
0.9999999470820938
0.9999987121854793
0.9999895252007407
0.9999995438872398
1.0000006267109842
0.9999999964347802
1.0000009081473833
0.9999993394687603
0.9999980579954223
0.9999982436783647
1.0000006861568584
1.0000001014422304
0.9999998870254295
0.9999997445968524
1.000000226415071
0.9999934911510319
1.00000029057286
1.0000000742025479
0.9999907250057849
1.000000481817764
0.9999997455766702
1.0000012208086255
1.0000005948608826
1.0000010582540244
1.0000001243471817
1.0000001083322774
0.9999975476415603
1.0000003177896162
0.9999982615927102
1.0000001526084652
0.9999985477430476
0.9999999511927731
1.0000015614322695
1.0000002914923427
0.9999997256268571
1.000000291384748
0.9999949957937124
1.0000010435989533
1.000000142956366
0.9999991494744427
1.0000004136132905
1.0000001511204517
0.9999962826091462
1.000000524841681
0.9999923599882325
0.9999820146294716
1.0000001955382936
1.0000001639685259
0.9999954034689816
1.0000000421408899
1.0000011003442149
1.0000003040875851
0.9999969749788291
1.0000022209485846
1.000000110432968
1.0000000666351985
1.0000000062000345
0.9999997424830048
0.9999973800424281
1.0000001840596662
0.9999991560374955
0.9999995136222513
0.9999996451652199
1.0000001459264256
1.0000002233799505
1.0000000652275869
0.9999938795082689
1.00000028519002
1.000000124855265
0.9999962898755888
1.0000042145945156
1.000006304937324
0.9999963143247332
1.0000001022941762
1.000000043799856
1.0000009098070952
1.0000028687166134
1.0000005262159597
0.9999988515576125
1.0000010978677716
0.9999992920438885
0.9999953713801615
0.9999999918234599
1.0000007275517564
0.9999998395192569
0.9999938374502061
1.000000158088194
0.9999994658727556
0.9999984174054293
1.0000021792097376
0.9999863381859396
1.0000004880570277
0.9999980015995512
1.0000015706126992
0.9999957915338425
0.9999994548936942
1.0000000703802048
1.0000000383183874
0.9999993306918393
0.9999993796303541
1.0000001301290993
1.0000106738232069
0.9999921750634397
1.0000000831585463
0.9999993277546729
0.9999946750420752
0.9999934414471816
0.9999999784957488
1.0000000987195785
1.0000002923204843
0.999998394046004
1.0000014252319598
1.000000255260095
1.0000006266710728
0.9999993343205379
1.0000000806123934
0.9999976430701536
0.9999989094938962
1.0000013554939933
1.000000179608075
1.0000000842380399
1.0000000414320267
0.9999974636816409
1.000000083072175
1.00000039900437
0.9999993493898488
1.0000003748773838
1.000000153212036
0.9999993200305173
1.0000007384721694
1.000000376601153
0.9999998212486885
0.9999962942904586
1.0000001770624671
1.0000002091890854
0.9999992681864691
1.0000003631792018
0.9999962754797678
0.9999983986721533
0.999999184471209
1.0000000768171906
0.9999996788738872
1.0000008573590193
1.0000005908334484
1.0000006187888562
0.9999998455856588
1.0000007772920434
1.0000011968773792
1.0000008740641317
0.9999987465900025
1.000003243446523
0.9999989651073109
1.0000059958615028
1.0000001973343633
1.0000004623154368
1.000000048585156
1.000000123998877
1.0000001212878402
1.0000005359425346
0.999998273736127
0.9999957983352753
0.9999987279020386
1.0000006291777992
1.0000002067272353
1.0000010012709528
1.0000002232320462
1.0000004597930792
1.0000006551740228
1.000000167842915
1.0000002903134773
0.9999966911593733
0.9999990847354858
1.0000034241131752
0.9999970635628961
1.0000000217920566
1.000000373903034
1.0000002481535855
0.9999999800252872
1.000000375716985
1.0000002524192224
1.0000003518432747
0.9999994618555014
0.9999991098119829
1.000000132568499
1.0000001324636594
0.9999991695386777
1.0000001382975328
1.000000247252709
0.9999858664030267
0.9999987496734898
1.0000002387176292
1.0000008416212975
0.9999977079452538
1.0000001312991202
1.0000002157427872
1.0000004221209755
0.9999998959003575
0.9999993742968221
1.0000009302636756
1.0000004513475942
1.0000003670188453
1.000000138573299
1.000000066104008
1.0000004140475702
1.0000026418066055
0.9999975006971062
1.0000004125237814
0.9999998605578198
0.999980516887763
1.0000001063120245
0.9999984586005981
1.000000141979232
0.9999995468038556
0.9999983154123695
1.0000007082769766
0.9999999694714075
1.0000001939457939
0.9999999500878061
1.0000002231687775
1.0000003174113559
1.0000001964377319
1.0000001908542786
1.000000031749153
0.9999991383867606
1.0000002074813976
1.0000005823655354
1.0000000581697546
0.9999992084587644
0.9999993645616618
1.000000609769081
0.9999950773946488
1.0000045462785891
1.000032438622649
1.0000002076785968
1.0000003072701793
0.9999934172069127
1.0000001033420958
1.000000045526888
0.9999999255943497
0.9999999298879269
1.0000022303378486
0.9999985816283999
0.9999984172996703
0.9999990400112578
1.0000000286133777
1.0000000421416488
1.0000002157744678
1.0000002696444557
1.0000001041440363
1.0000012754546301
1.000000351979932
1.000000142290508
0.9999998067882307
1.0000003350518598
0.9999995374774392
0.9999997923403684
0.9999997040403988
1.000000268986735
1.0000000392076542
1.0000041932304722
1.0000003695416713
1.0000001454940712
1.0000004630078472
1.0000002209204348
1.0000007247204448
0.9999997980842618
0.9999999164204781
0.9999989281702099
0.9999978249112659
0.9999995703805976
1.0000001705489898
1.0000018817646195
0.999997965175139
0.9999993059981317
1.0000000973082857
1.0000001685632314
0.9999995233287251
0.9999995900442163
1.0000001061349195
0.9999726531276121
1.0000000307911587
0.9999952079541423
1.0000001359991928
1.0000014324146391
1.0000012762891215
0.999996936027036
1.00000493923131
0.99999961038312
1.0000016221877837
0.9999984580475736
0.9999966229371673
0.9999983234674209
1.0000017529708927
0.9999979480699829
1.0000000462281908
0.9999632507727632
0.9999981443888342
1.0000050269393286
1.0000002757096929
1.0000000169448866
1.00000047005739
0.9999984027773439
1.0000002674379787
1.0000010121518905
1.0000003327487712
1.0000001880013307
1.0000001852616722
0.9999998265684579
1.0000003157052881
1.0000006022820107
0.9999999940625223
1.0000000596151501
0.9999979773807169
0.999999196223919
1.0000001497254816
0.9999979400815605
0.9999983932208028
1.0000000198640837
1.0000003496361822
0.9999998959887805
1.0000004339162483
1.0000001611012752
1.0000002434946909
0.9999996652291326
1.0000006421364123
1.0000015325300717
0.9999985959700742
0.9999995010737671
0.9999992019444872
1.0000001658265927
1.0000004695179048
1.00000064667276
1.0000029879442818
1.000000044582199
0.9999990884069729
1.0000005534945078
1.0000001145188169
1.0000002551208722
1.0000003121090688
1.0000002583171703
0.999999521485148
0.9999995333525932
0.9999961845274595
0.9999996032151218
1.0000016929723328
1.0000006432994524
1.0000001568903378
0.9999998083457153
1.0000002097523766
0.9999963186775674
1.0000001197219115
0.9999974446391219
0.9999996314742066
1.0000020667358556
1.0000004297589196
0.9999435632262431
1.0000002911302877
0.9999985146826272
1.0000001440977409
0.9999913380106351
0.9999984935975434
0.9999914316751376
0.9999987232592159
0.9999991979526407
1.0000003101992756
1.0000003097450574
0.9999999512979597
1.0000001911118883
1.0000005314545297
1.0000003690187516
1.0000000777499787
1.0000004042162265
0.9999989569050673
0.9999920154810312
0.9999998526388483
1.0000004612176516
1.0000001310522098
1.0000005006717723
0.9999987631729818
1.000000435211359
0.9999958576308456
1.0000000999986587
1.000000219522823
0.999995120528887
0.9999980577020402
1.0000001627111919
1.0000002472954714
1.0000002242511021
1.0000001215837784
0.9999995456612937
1.0000004335007773
0.9999993479756977
0.9999995964552179
1.0000001654249457
1.0000002145994231
1.0000002778969148
0.9999962769150658
1.000000174849666
1.0000000814963637
1.0000018696788349
1.0000334737741463
1.000000750986877
1.0000001754205825
1.000000055427106
0.9999988059320208
0.9999986766136284
1.0000021762421076
0.9999996519295966
1.0000001604346092
1.000000831503183
1.0000005097484752
0.9999967079492453
1.0000001269015149
1.0000000099252602
1.0000006162854964
1.0000001694432346
1.0000006379844826
0.9999988730199775
0.9999979356902489
1.000000896718364
1.0000027740406134
0.9999988231953865
0.9999981763526252
1.0000000843605812
1.0000004424153552
1.0000001229724498
0.9999999639574159
1.0000001337709878
1.0000160460301413
1.0000003688429004
1.000001590127072
0.9999979492880536
0.999998325543694
0.9999998045130083
1.0000053623352432
1.0000002003431416
0.9999981226175012
1.0000002294381736
1.0000003472509755
1.000000389272921
1.000000044389921
0.9999976747496088
0.9999998508646263
0.9999998126273786
0.9999983093293003
1.0000000196222036
0.9999979706613796
1.000008949537197
1.0000001185558784
1.0000094571619917
1.0000003066001784
1.0000001022414853
1.0000002835562183
0.9999981049212953
1.0000013666603773
0.9999995042919132
1.000000407798641
0.9999985888377114
1.0000043277166186
0.9999971726257865
1.0000001781261005
0.9999984490230964
1.0000001207838698
1.0000008046699453
1.0000005293256882
1.000000133062963
0.9999975840321125
0.9999997101256123
0.9999974028627637
1.0000011214113464
1.0000008011485162
0.9999997971193617
1.0000001772159672
1.0000000889918248
1.0000007222521439
1.0000003786580434
1.0000000749084428
0.9999983513087433
1.0000000484668572
1.0000008340776732
0.9999992856868322
0.9999994862787115
1.000000105916022
0.9999833376857319
1.0000001141461936
1.0000001607723636
1.000001098187113
1.0000000764820787
1.0000000675674259
0.999999930447687
1.0000001043443156
0.9999995188722871
1.0000003898910967
0.9999998267675201
0.9999944323466908
1.0000004609262636
0.9999988352719008
1.0000001202221593
1.0000002307132063
0.9999979984539686
1.0000000386412142
1.0000003469314267
1.0000000494275165
0.999997181315553
1.0000005602966042
1.0000003860309352
0.9999995929057345
1.0000003677289606
1.0000003182080766
1.0000003052183084
1.000000311816772
1.0000021451024708
1.0000000232504813
1.0000000087303897
1.000000653070635
0.9999997244724972
1.0000001913676082
1.0000005845765758
1.0000014933433146
0.9999984714007908
0.9999972147986981
1.0000006576275806
0.9999965933051532
0.9999990615348268
1.000000328192745
0.9999994492781719
1.0000009297538897
0.9999972454270956
1.000000812399843
1.000000097198209
1.0000001839694523
0.999998971706527
1.0000000770378246
1.0000003805574151
1.0000000789329286
0.9999996926020084
1.000000169521524
1.0000000701994187
1.0000010152475431
0.9999961399467278
1.000000257993316
1.0000002542222681
0.9999999790815455
1.0000002861546555
1.000002580408654
1.000000496681114
0.9999997953144207
1.0000003290250146
0.9999911563205628
1.0000002963517511
0.9999991861542735
1.0000007214726263
1.0000042183066356
1.0000009342883796
1.0000009973257178
1.000000073919842
0.9999997820843906
1.0000000193029572
0.9999963159896547
1.0000002492790798
1.0000002376124384
0.9998743798908035
1.0000001707891564
0.9999951357927489
0.9999985199131153
1.0000001762956447
1.0000002888133976
1.0000002349037411
0.9999980172264165
1.0000003654981222
0.9999967558405349
1.0000000216284342
1.0000006392084835
0.999999626343264
0.999999627769054
0.9999999726361913
1.0000000054438665
1.0000004373696965
1.0000000563645683
1.0000004479158386
1.000001126265658
1.0000003072978572
0.9999999573989835
1.0000005687683646
0.9999981702624113
0.9999986039525716
1.0000003168687217
0.9999932962987378
1.0000000808984393
0.999999883544759
1.0000002307845175
0.9999983756150953
0.9999998346531298
1.000000019843151
1.0000001122049138
0.9999999942575228
1.000000081090661
1.0000000724281712
1.000000366271433
1.00000005801695
0.9999984909642133
0.9999928543983103
0.9999996830508431
0.9999961140054577
1.0000000794518593
1.000000345440507
1.0000008019228
1.000001469880351
0.9999998575023442
0.9999982107762596
1.0000002276972302
1.000000326480278
0.9999995974495836
0.9999998611598195
0.9999980754472693
1.0000000577002894
1.0000000987011435
1.0000001470521613
0.9999941184242042
0.9999989809726825
0.9999989755535305
0.9999998863846283
1.0000002023092065
1.0000003983919157
0.99999870652312
1.0000004900962247
1.000000098245418
1.0000011848876635
0.9999997737521399
1.000000602489593
1.0000003647525506
1.0000018167399565
1.0000000679396164
1.000000279932975
1.0000003049294555
0.9999991113611517
1.0000015668220092
1.000000672442778
1.000000154072851
1.0000002609501826
0.9999993957908052
0.9999972490414336
1.0000002074827645
1.0000022691559305
0.9999996928043225
1.000003327837786
0.9999995079434533
1.0000003840564238
0.9999932031184264
0.9999972381007097
1.0000003058768714
