0.9999999999135322
0.9999999999007076
1.0000000000247493
0.9999999993892595
0.9999999998398696
1.0000000000375393
0.9999999999880717
1.0000000001309943
1.0000000000047218
1.0000000000077367
1.0000000001889633
0.9999999996848709
0.9999999999695798
0.9999999997338184
1.0000000000556786
0.9999999999951442
1.0000000001462224
1.0000000002581115
1.0000000000272633
1.0000000002704865
1.000000000064402
1.0000000006876058
0.9999999992396531
0.9999999944353977
1.0000000001984508
0.9999999999532216
0.9999999996050821
0.9999999999849063
1.000000000966512
1.00000000001714
1.000000000167945
1.000000006089875
1.0000000000712768
0.9999999994958831
1.000000000033065
1.0000000000716187
1.0000000000690281
1.0000000000272944
0.9999999995444285
1.000000000022994
1.0000000000482936
0.9999999994465092
0.9999999988234451
0.9999999995755482
1.0000000002284415
1.0000000000705156
0.9999999998769613
1.0000000001983471
1.000000000718694
1.000000000017171
1.0000000000571783
0.9999999998575348
0.9999999999726673
0.999999999719693
0.9999999993356297
0.9999999989560494
1.000000000031436
0.9999999752880846
0.9999999999905778
0.9999999996485522
0.999999999902327
0.9999999989572622
1.0000000000220888
1.0000000000471805
0.9999999954351578
1.000000000080102
1.0000000001303067
1.000000000180636
0.9999999998593068
1.0000000005016998
1.0000000001035687
0.9999999996847982
1.0000000000525369
0.9999999987252453
1.0000000000832594
1.000000000106079
0.9999999995266331
0.9999999995026606
1.000000000231969
0.9999999997063085
1.0000000000895395
1.0000000000362468
0.9999999999971344
1.0000000000635592
1.0000000001056055
0.9999999998808937
1.000000000031833
0.9999999997310646
1.000000000921269
0.9999999991257882
0.999999999423888
0.9999999994250303
1.0000000000549956
1.0000000000128357
0.9999999996994946
0.9999999899764433
1.000000000327938
1.0000000000196059
0.9999999993079363
1.0000000001013682
1.0000000000490423
1.0000000001235398
1.0000000000765028
0.9999999993554195
0.9999999991005561
0.9999999998609673
1.0000000000584486
0.9999999999424549
1.000000000032796
1.0000000000111127
1.0000000000503464
0.9999999999641452
0.9999999996189519
0.9999999999954511
1.0000000001556533
1.0000000000925453
1.0000000026185045
0.9999999993410398
0.9999999999782379
1.000000000632304
1.000000000046776
1.0000000000131704
1.0000000000390312
0.99999999971576
0.9999999998132156
1.0000000001361378
1.0000000096698451
0.9999999999853085
1.00000000141848
0.999999999985989
1.0000000000459979
1.000000000113031
1.000000322321145
0.9999999999891332
1.0000000000334768
0.9999999999093989
0.9999999996159091
1.0000000000539369
1.000000000212884
1.0000000000207072
0.9999999995941737
1.000000000292392
0.9999999996957608
0.9999999999823007
0.9999999998423965
1.0000000000860128
1.00000000007725
0.9999999997355851
0.9999999991321412
0.9999999996695516
0.9999999997525798
0.9999999935499843
1.0000000001383167
0.9999999996909209
0.9999999633436325
1.0000000001125215
1.0000000001350797
1.0000000039070007
0.9999999997437191
0.9999999444441554
1.000000000166385
0.9999999996877349
1.0000000000971065
1.0000000001110319
1.000000000289262
1.0000000000911424
0.9999999996988422
1.0000000000193365
0.9999999996138943
0.9999999999236969
0.9999999997793835
0.9999999998189089
0.9999999999864283
1.0000000000873388
0.9999999999048779
0.9999999996265309
0.9999999997136728
0.9999999999472996
1.0000000001822098
0.9999999999855006
1.0000000002022873
0.9999999987039782
0.9999999997635063
0.9999999999750643
1.0000000925287578
0.9999999999017654
1.000000000056156
1.0000001662608733
1.0000000001251796
1.000000000027758
1.0000000077123068
1.0000000000449045
1.0000000001098708
1.0000000000198446
0.9999999997636966
1.0000000034997978
0.9999999998913449
0.999999999857611
0.9999999998611638
0.9999999996853898
1.0000000005753344
0.9999999995030294
0.9999999993990853
0.9999999999757913
1.00000000001703
1.000000000071736
0.9999999999839441
1.0000000000266016
1.00000000006437
0.999999999599381
0.999999999879465
0.9999999993891568
0.9999999996931953
1.0000000000162703
1.0000000000055886
1.000000000043705
0.9999999999613147
0.9999999998979143
1.0000000001168954
0.9999999997574991
0.9999999999011772
1.0000000001921971
0.9999999999342409
1.000000000033881
1.000000000183138
1.0000000001468987
1.000000000002325
0.9999999999030713
1.0000000000634703
1.0000000000578928
0.9999999997859778
0.9999999994966063
1.0000000030801441
0.9999999994369883
1.0000000001269782
0.9999999993789447
0.9999999997871792
1.0000000000108844
0.9999999999744326
0.9999999996029829
0.9999999994122408
0.9999999997764835
0.999999997200131
1.0000000001115041
0.9999999898159181
1.0000000000573508
1.0000000000750622
1.0000000000370701
0.9999999997991268
1.0000000001192346
0.9999999999811983
0.9999999961951351
1.0000000000465705
0.9999999986393341
1.0000000000438365
1.0000000000199247
0.9999999999850606
0.9999999995990585
0.9999999997829615
1.000000000091914
1.0000000005484257
1.0000000000421845
1.0000000001408682
0.9999999998623202
0.9999999961554301
1.0000000002129772
0.9999999999141185
0.9999999992137002
1.0000000000735831
0.999999998895337
1.0000000000794749
1.0000000000459202
1.0000000000720672
1.0000000000848837
0.9999999999965693
0.9999999999278931
0.9999999994373132
0.999999999831883
1.000000000543535
1.0000000000081066
0.9999999995305376
1.0000000000015374
1.0000000001394131
1.0000000000161557
1.0000000000160185
1.0000000000189828
0.9999999997015473
1.0000000001038865
1.0000000000098368
1.000000000031398
0.9999999999302092
1.0000000000358058
0.9999999999671014
1.0000000000539226
0.999999995162828
1.0000000002206226
0.9999999999661409
0.9999999999314513
0.9999999999114969
1.0000000004678904
1.0000000001181273
0.9999999998217062
1.0000000000703149
1.0000000002769969
0.9999999955893889
0.999999999996019
0.9999999993377648
0.9999999995820309
1.0000000007723568
0.9999999999507034
1.0000000000177656
0.9999999998976917
1.0000000001066036
1.0000000006036398
1.0000000000600766
0.9999999991314319
1.0000000000634404
0.9999999999648389
1.000000000050329
1.0000000000624862
0.9999999999881574
1.0000000001843798
0.9999999998452598
1.0000000000260607
0.999999999981723
1.0000000000306897
1.0000000000799347
0.9999999997115736
0.9999999998942817
1.0000000001856566
0.9999999993135261
1.0000000000143139
1.0000000000471623
1.0000000000518694
1.0000000004519196
0.9999999983061651
0.9999999999872087
0.9999999998916486
1.0000000000227685
0.9999999994651954
1.0000000000919795
0.999999999168095
0.9999999999212021
0.9999999989689561
1.0000000000165898
0.9999999997090592
0.9999999997923757
1.0000000000804061
0.9999999998910947
0.9999999999908779
0.9999999997778992
0.9999999981870704
0.9999999999212213
1.0000000001085267
0.999999999999371
1.000000000156967
0.99999999988613
0.9999999996648157
0.999999999696875
1.0000000001187226
1.0000000000176927
0.9999999999805063
0.9999999999559421
1.0000000000391793
0.9999999988765895
1.0000000000501992
1.0000000000128435
0.9999999983995667
1.0000000000834512
0.9999999999559431
1.0000000002110891
1.0000000001029363
1.000000000183373
1.0000000000214655
1.0000000000188165
0.9999999995763775
1.0000000000551945
0.9999999996991576
1.0000000000263447
0.9999999997492186
0.9999999999918904
1.0000000002696274
1.0000000000504234
0.999999999952511
1.0000000000506495
0.9999999991355549
1.0000000001803202
1.0000000000247347
0.9999999998527831
1.000000000071154
1.000000000026061
0.9999999993587408
1.0000000000908278
0.999999998681894
0.9999999968861447
1.0000000000338434
1.0000000000283809
0.9999999992045288
1.0000000000072533
1.0000000001897325
1.000000000052544
0.9999999994764933
1.0000000003838414
1.0000000000190787
1.000000000011561
1.0000000000013047
0.9999999999553917
0.9999999995465231
1.0000000000318094
0.9999999998545446
0.999999999915758
0.9999999999387414
1.000000000025205
1.0000000000385973
1.000000000011263
0.9999999989409348
1.0000000000492826
1.000000000021592
0.9999999993599266
1.000000000729807
1.0000000010903816
0.9999999993621148
1.0000000000176625
1.0000000000075346
1.0000000001573
1.0000000004962957
1.0000000000910532
0.9999999998013047
1.000000000189757
0.9999999998780492
0.9999999991977762
0.9999999999985594
1.0000000001259814
0.9999999999724236
0.9999999989365236
1.0000000000273732
0.9999999999077694
0.9999999997260225
1.0000000003769722
0.9999999976356247
1.0000000000844258
0.999999999654173
1.0000000002715779
0.999999999272191
0.9999999999058434
1.0000000000121618
1.000000000006605
0.9999999998845469
0.9999999998930214
1.0000000000226323
1.0000000018460886
0.9999999986468473
1.0000000000144331
0.9999999998836439
0.9999999990813754
0.9999999988609988
0.9999999999962966
1.0000000000170695
1.000000000050542
0.9999999997232969
1.0000000002459883
1.00000000004413
1.000000000108537
0.9999999998847164
1.0000000000138958
0.9999999995918436
0.99999999981165
1.0000000002346483
1.0000000000310547
1.000000000014586
1.0000000000071294
0.9999999995613508
1.0000000000144107
1.0000000000689966
0.9999999998878948
1.0000000000652263
1.0000000000265554
0.9999999998824166
1.000000000127814
1.000000000065267
0.9999999999690964
0.9999999993602502
1.0000000000306237
1.0000000000361404
0.9999999998740481
1.0000000000628542
0.9999999993555538
0.9999999997240626
0.9999999998589217
1.0000000000132911
0.9999999999446479
1.000000000148384
1.0000000001021034
1.0000000001069218
0.9999999999733621
1.0000000001345837
1.000000000207437
1.0000000001511868
0.9999999997836819
1.000000000560857
0.9999999998210303
1.0000000010374783
1.0000000000340357
1.00000000008026
1.0000000000084086
1.0000000000214544
1.0000000000209663
1.0000000000925824
0.9999999997012664
0.9999999992730102
0.9999999997800216
1.0000000001085698
1.000000000035791
1.000000000172844
1.0000000000385973
1.0000000000794844
1.0000000001134026
1.0000000000290123
1.0000000000500626
0.9999999994323644
0.9999999998418255
1.0000000005912484
0.9999999994930785
1.0000000000038325
1.000000000064768
1.000000000043027
0.9999999999966298
1.0000000000649358
1.0000000000437037
1.0000000000608857
0.9999999999071693
0.9999999998460365
1.000000000022936
1.0000000000233809
0.9999999998561949
1.000000000023921
1.0000000000426938
0.9999999975524746
0.9999999997842604
1.0000000000412146
1.000000000145716
0.9999999996045215
1.0000000000226987
1.0000000000372855
1.0000000000729996
0.9999999999816761
0.9999999998920708
1.0000000001607159
1.0000000000781035
1.00000000006349
1.00000000002387
1.0000000000115852
1.0000000000718083
1.0000000004562066
0.9999999995674574
1.0000000000712115
0.9999999999759694
0.9999999966294426
1.0000000000183602
0.9999999997337341
1.0000000000246014
0.9999999999216462
0.9999999997082645
1.0000000001223355
0.9999999999947553
1.000000000033599
0.9999999999914658
1.0000000000387161
1.0000000000548699
1.0000000000338918
1.000000000032969
1.0000000000055214
0.999999999850922
1.0000000000359255
1.0000000001008258
1.000000000010066
0.9999999998634682
0.9999999998901666
1.0000000001053726
0.999999999149176
1.000000000786218
1.0000000055643243
1.0000000000359415
1.000000000053173
0.9999999988622504
1.0000000000178664
1.0000000000078924
0.9999999999879201
0.9999999999877807
1.0000000003862624
0.9999999997548589
0.9999999997260972
0.9999999998344475
1.000000000004994
1.0000000000072595
1.0000000000372111
1.0000000000466507
1.0000000000180673
1.0000000002205485
1.0000000000608318
1.000000000024549
0.9999999999666965
1.0000000000581544
0.9999999999200362
0.9999999999640761
0.9999999999487503
1.0000000000478688
1.0000000000068023
1.0000000007266425
1.000000000063964
1.0000000000251292
1.000000000080006
1.0000000000382787
1.0000000001254268
0.999999999965041
0.999999999985688
0.9999999998146551
0.9999999996237262
0.9999999999256403
1.0000000000294582
1.0000000003252718
0.9999999996489496
0.9999999998804483
1.0000000000168454
1.0000000000291824
0.9999999999175718
0.9999999999290955
1.0000000000183396
0.9999999952836387
1.0000000000053688
0.9999999991706265
1.0000000000235507
1.0000000002476035
1.0000000002211669
0.9999999994704247
1.000000000853954
0.9999999999336043
1.000000000280876
0.9999999997333687
0.9999999994162849
0.9999999997098844
1.0000000003033744
0.9999999996460476
1.000000000008002
0.9999999936403797
0.9999999996791136
1.000000000869937
1.0000000000477975
1.0000000000029505
1.0000000000811538
0.999999999723568
1.000000000046223
1.0000000001750011
1.0000000000575668
1.0000000000324223
1.0000000000320792
0.9999999999702638
1.0000000000545801
1.0000000001040588
0.9999999999989795
1.0000000000103426
0.9999999996502511
0.9999999998613507
1.0000000000260394
0.9999999996434266
0.9999999997218779
1.0000000000034615
1.000000000060584
0.9999999999821084
1.0000000000750395
1.0000000000279756
1.000000000042059
0.999999999942168
1.0000000001107179
1.0000000002650882
0.999999999757309
0.9999999999135769
0.9999999998624393
1.0000000000286338
1.0000000000813258
1.0000000001115463
1.0000000005182301
1.0000000000076634
0.9999999998421742
1.0000000000956868
1.0000000000197762
1.0000000000439688
1.0000000000539708
1.0000000000446119
0.9999999999176749
0.999999999919583
0.9999999993398084
0.9999999999313411
1.0000000002922815
1.000000000111228
1.0000000000271585
0.999999999967134
1.0000000000362388
0.9999999993634221
1.0000000000206901
0.9999999995584219
0.9999999999362819
1.0000000003573977
1.0000000000743365
0.999999990230483
1.0000000000502887
0.9999999997440462
1.0000000000249711
0.9999999985015202
0.9999999997391856
0.9999999985198738
0.999999999778992
0.9999999998613627
1.0000000000535452
1.0000000000536224
0.9999999999915706
1.000000000033014
1.0000000000919265
1.0000000000644769
1.0000000000134364
1.0000000000699023
0.9999999998201053
0.9999999986231938
0.9999999999746131
1.000000000079676
1.0000000000226854
1.0000000000866016
0.9999999997858348
1.0000000000750844
0.9999999992829262
1.000000000017297
1.0000000000379121
0.99999999915556
0.9999999996653025
1.0000000000281881
1.0000000000427496
1.0000000000388147
1.00000000002103
0.9999999999216337
1.0000000000749611
0.9999999998871977
0.999999999930416
1.0000000000285791
1.000000000037131
1.0000000000480433
0.9999999993557758
1.0000000000302505
1.0000000000141394
1.000000000323107
1.0000000057816243
1.0000000001298912
1.000000000030324
1.000000000009593
0.9999999997939941
0.9999999997710228
1.0000000003763965
0.9999999999398478
1.0000000000277591
1.0000000001433635
1.000000000087947
0.9999999994304805
1.0000000000220077
1.0000000000017224
1.0000000001065714
1.0000000000292866
1.000000000110395
0.9999999998057072
0.9999999996428569
1.0000000001550495
1.0000000004801692
0.9999999997969969
0.9999999996843654
1.0000000000145821
1.0000000000767622
1.000000000021228
0.9999999999937531
1.0000000000231062
1.000000002771021
1.0000000000636198
1.0000000002749025
0.9999999996446717
0.9999999997111332
0.9999999999661958
1.0000000009254426
1.0000000000346534
0.9999999996758577
1.0000000000396285
1.0000000000600215
1.0000000000673965
1.0000000000076943
0.9999999995976043
0.999999999974299
0.9999999999677557
0.9999999997076525
1.0000000000032867
0.9999999996498345
1.0000000015451405
1.000000000020522
1.0000000016327462
1.0000000000530282
1.000000000017693
1.0000000000490326
0.9999999996723538
1.0000000002361547
0.9999999999141856
1.0000000000704914
0.9999999997557971
1.0000000007484098
0.9999999995122212
1.0000000000308282
0.9999999997315476
1.0000000000208715
1.0000000001392737
1.0000000000913414
1.0000000000230818
0.999999999583049
0.9999999999500228
0.9999999995509611
1.000000000193859
1.0000000001389204
0.9999999999650864
1.000000000030673
1.0000000000153069
1.000000000124636
1.0000000000654963
1.000000000012985
0.9999999997146868
1.0000000000083782
1.0000000001443434
0.9999999998762246
0.9999999999109714
1.0000000000184437
0.9999999971162749
1.0000000000197273
1.0000000000279008
1.00000000019
1.000000000013212
1.0000000000116618
0.999999999988019
1.0000000000180334
0.9999999999170364
1.0000000000673919
0.9999999999700554
0.999999999036719
1.0000000000798084
0.9999999997990553
1.0000000000207971
1.0000000000398725
0.9999999996547125
1.0000000000067035
1.000000000060036
1.0000000000085412
0.999999999513777
1.0000000000971838
1.0000000000667753
0.9999999999296032
1.0000000000635907
1.0000000000550728
1.0000000000526912
1.000000000053859
1.000000000371153
1.0000000000051255
1.0000000000015163
1.0000000001129832
0.9999999999523442
1.0000000000330993
1.0000000001012415
1.0000000002583087
0.9999999997362956
0.9999999995180286
1.0000000001136515
0.9999999994121822
0.9999999998382054
1.0000000000568026
0.9999999999046618
1.0000000001604357
0.9999999995233144
1.0000000001404679
1.0000000000167995
1.0000000000317881
0.9999999998226142
1.0000000000133022
1.0000000000658764
1.0000000000136373
0.9999999999468655
1.0000000000293061
1.0000000000121294
1.0000000001755276
0.9999999993345051
1.0000000000445948
1.0000000000438805
0.9999999999964869
1.0000000000494758
1.0000000004462746
1.0000000000857685
0.9999999999655899
1.000000000057027
0.9999999984689572
1.0000000000512927
0.9999999998590807
1.0000000001249458
1.0000000007292262
1.0000000001617868
1.0000000001723874
1.0000000000127678
0.999999999962378
1.000000000003405
0.9999999993620425
1.0000000000430662
1.0000000000410543
0.9999999782526419
1.0000000000295506
0.9999999991581278
0.9999999997445016
1.0000000000304763
1.0000000000499203
1.0000000000406442
0.9999999996568125
1.000000000063234
0.9999999994390989
1.000000000003794
1.0000000001105382
0.9999999999355931
0.9999999999358345
0.9999999999953294
1.0000000000009235
1.0000000000755696
1.0000000000097546
1.0000000000773703
1.000000000194614
1.0000000000530147
0.9999999999926523
1.0000000000983573
0.9999999996845461
0.9999999997584397
1.0000000000550002
0.9999999988398961
1.0000000000140004
0.9999999999798511
1.000000000039916
0.9999999997189302
0.9999999999714108
1.0000000000034972
1.0000000000193383
0.9999999999991251
1.0000000000140215
1.000000000012585
1.000000000063381
1.0000000000100058
0.9999999997388057
0.9999999987683653
0.9999999999454007
0.9999999993294194
1.0000000000137363
1.000000000059626
1.0000000001385267
1.0000000002536718
0.9999999999754028
0.9999999996915317
1.0000000000393177
1.000000000056571
0.9999999999306619
0.9999999999760752
0.9999999996676397
1.0000000000100016
1.0000000000170213
1.000000000026208
0.9999999989827666
0.9999999998223663
0.9999999998232346
0.9999999999802454
1.0000000000349618
1.000000000068926
0.9999999997762794
1.0000000000847242
1.0000000000169575
1.000000000204613
0.9999999999608783
1.0000000001038858
1.000000000063067
1.000000000313886
1.0000000000118243
1.0000000000483318
1.0000000000527192
0.9999999998462399
1.0000000002708211
1.0000000001162768
1.0000000000266485
1.0000000000449782
0.9999999998954302
0.9999999995238303
1.0000000000358331
1.000000000392943
0.9999999999470514
1.0000000005776593
0.9999999999146393
1.000000000066259
0.999999998826239
0.999999999522048
1.0000000000528282
