1.0000000198943273
1.0000000569966707
0.9999999946961191
1.0000003735642802
1.0000000457394023
0.9999999851614919
1.0000000434425267
0.999999969948786
0.999999980888235
0.9999999827847553
0.9999999365250146
1.0000001936343472
1.0000000379594713
1.0000001779486685
0.9999999667688774
1.000000018817174
0.9999999557691642
0.9999998951553043
0.9999999799106681
0.9999999153370024
0.9999999875011364
1.0000000187939766
1.0000004919733483
1.0000021286934855
0.9999999838051672
0.9999999981682957
1.0000001473999747
0.9999999978743465
0.9999996031385742
1.0000001037475952
0.9999999441062258
0.9999976304481628
0.9999999695401356
1.0000003094204373
0.9999999913340716
0.9999999574513535
0.9999999657752547
0.9999999867486156
1.0000002797575565
0.9999999845033863
0.9999999743906791
1.0000002693549745
1.0000004446991582
1.0000001655043183
0.9999998873064659
1.000000052410658
1.0000000352646619
0.9999999123830733
0.9999996482222506
0.9999999934663801
0.999999971127461
1.0000000588681925
1.0000000030664513
1.0000001010942419
1.0000001653070232
1.0000004036246712
0.9999999883766132
1.0000116756811512
0.9999999915428424
1.000000212245591
1.0000001021804255
1.0000003959462413
0.999999987301929
0.9999999762292879
1.0000017226341011
0.9999999786486604
0.9999999613961993
0.9999999375445624
1.0000000308743848
0.9999997222335498
0.9999999685434292
1.0000001146190212
0.9999999809713789
1.0000004836508931
0.9999999621083973
0.999999959186004
1.00000020914124
1.0000002065125244
0.9999998785990993
1.000000102509218
0.999999961384532
0.9999999820808183
1.0000000105720634
0.9999999978301309
0.9999999576759728
1.0000000287730133
0.9999999824713588
1.0000001774335008
0.9999995970658154
1.0000006468028986
1.0000001485333905
1.0000002242896806
0.9999999738441689
0.9999999723300543
1.0000001431831553
1.0000037200969776
0.9999998642044222
0.9999999505183885
1.0000002701953379
0.9999999616978578
0.999999984954326
0.9999999713594638
0.9999999619979918
1.0000002429120798
1.0000004161541407
1.000000155095781
0.999999969826429
1.000000034488782
0.9999999544543429
0.9999999924236572
0.9999999682265781
1.000000008867864
1.0000001395107192
0.9999999645598996
0.9999999463469688
0.9999999614632811
0.9999986160528649
1.0000002879888037
1.000000001409435
0.9999997742744605
0.9999999948431435
0.9999999906720671
0.9999999811890564
1.0000001363586777
1.0000002504668852
0.9999999467740611
0.9999963239638515
0.9999999743075613
1.0000007075170199
0.9999999412065713
0.9999999724205447
0.9999999553570852
0.9997670250629012
0.9999999956127112
0.999999980948931
1.0000000582162478
1.0000002819216152
0.9999999872783445
0.9999999254684746
0.9999999883030929
1.0000003385848326
0.9999998826083207
1.0000002230246423
1.0000000126578323
1.0000001231592661
0.999999963086633
1.0000000031805316
1.0000002390355875
1.000000737411858
1.0000002479459595
1.0000001284965871
1.0000045118368495
0.9999999433271283
1.0000002073789929
1.0000210659652444
0.9999999695351164
0.9999999506755725
0.999999456858863
1.0000001640914422
1.0000294738919613
0.9999998979570492
1.0000002225335771
0.9999999474653969
0.9999999411303679
0.9999998484388117
0.9999999485942201
1.0000001528712086
0.9999999863143934
1.0000002546663294
1.0000000172705008
1.000000089578878
1.0000000492294183
1.0000000176213066
0.9999999555040707
0.9999999298199433
1.0000001014882889
1.0000001688720532
1.0000000704650207
0.9999999199093358
0.9999999814089373
0.9999998843069213
1.0000009370119438
1.0000001361899344
1.0000000184573272
0.9999450654477587
1.0000000856983322
0.9999999705740003
0.9998112386950262
0.9999999370524408
1.000000019496327
0.9999961010027661
0.9999999794970389
0.9999999419325041
0.9999999858625477
1.000000173041409
1.00000027809932
1.0000000630022596
1.0000001123388609
1.0000001695422562
1.0000003228581524
0.9999997231847613
1.0000003642033817
1.0000004224170984
1.0000000572192096
0.9999999876354532
0.9999999759899201
1.0000000202170218
0.9999999828920403
0.9999999621302584
1.0000002902558693
1.0000001189626084
1.0000005337895876
1.000000233212087
0.9999999886722727
1.0000000108607792
0.9999999536675033
1.000000094138488
1.0000001132621974
0.9999999107357552
1.0000002675327997
1.00000004393763
0.9999998846530646
1.0000000353725873
0.9999999822940518
0.9999999026855989
0.9999999332611935
0.9999999914796815
1.0000001493196171
0.9999999667334379
0.9999999681228612
1.0000001243804981
1.0000003010266303
0.9999984309038953
1.0000004776793299
0.9999999379670301
1.000000665182801
1.0000001865144488
0.9999999931299243
0.999999995628088
1.0000004082777385
1.000000716309293
1.000000144460212
1.0000026798875212
0.9999999562650186
1.0000074302252344
0.9999999295542719
0.9999999575571821
0.9999999674369798
1.0000001433912191
0.9999999324491035
1.0000000131394742
1.0000027395225666
0.9999999680400716
1.0000009914726495
0.9999999486238192
0.9999999873543558
1.000000014512197
1.000000300512774
1.0000001839133217
0.9999999800215266
0.9999997161959314
0.9999999733231524
0.9999999049166455
1.0000000780895508
1.0000036335160174
0.9999998814004668
1.00000007033496
1.0000008873979382
0.9999999645525638
1.0000011402355737
0.9999999695153223
0.9999999652069936
0.9999999552344181
0.9999999594602762
0.9999999975444992
1.0000000348035203
1.000000810361255
1.0000001270029786
0.9999997619211101
0.9999999880206717
1.0000003436972429
1.0000000224309917
0.9999999349438032
1.000000012989126
0.9999999795845819
0.9999999873815588
1.000000225643621
0.9999999342451978
1.0000000211152904
0.9999999770322835
1.0000000505310254
0.9999999717587429
1.0000000234722655
0.9999999662480694
1.0000057756806322
0.9999998844537595
1.0000000335777044
0.9999999975516948
1.0000000683171273
0.999999647690117
0.9999999389523514
1.0000001867809434
0.9999999606007146
0.9999998537194588
1.0000032518438207
0.9999999987729449
1.00000039704978
1.000000319586588
0.9999994864667604
1.000000060618452
1.0000000290428315
1.0000001311139575
0.9999999348935071
0.9999995212010999
0.9999999721183238
1.0000006327406121
0.9999999615626161
1.000000017256048
0.9999999702824465
0.9999999951011871
1.000000036074539
0.9999998914213571
1.000000163739168
0.9999999820256005
1.0000000295266045
0.9999999908571569
0.9999999548185079
1.0000008215293668
1.0000001245451773
0.9999999086870835
1.000000974530538
0.9999999896718803
0.9999999707931092
0.9999999748672399
0.9999996855816278
1.000001233384117
1.0000000000774802
1.0000001123429956
0.9999999857000476
1.0000005731016806
0.9999999483912075
1.000000587877699
1.0000000632648136
1.0000009520573203
1.0000000211167015
1.0000003526509025
1.0000002624623492
1.0000000058529417
1.000000091911045
1.0000000062607775
1.000000270535148
1.000001309844547
1.0000000341851545
0.9999999562240697
0.9999999937991942
0.9999999088100613
1.0000001370113576
1.0000003917524611
1.0000003243485671
0.9999999157183309
1.0000000134360805
1.0000000176117634
1.000000036834096
0.9999999777351798
1.0000011185810482
0.9999999658906848
0.9999999892424769
1.000001839849942
0.9999999790463029
1.00000003450784
0.9999998913273282
0.999999950888102
0.9999999794139498
0.9999999859789485
0.9999999958555749
1.0000001739736426
0.9999999684072188
1.0000002265988597
0.9999999743647925
1.0000002325260302
1.0000000655086134
0.9999998368688836
0.9999999732061549
1.0000000341723765
1.000000011762394
1.0000009550072868
0.999999890120279
0.9999999860556474
1.0000001019912739
0.9999999266952635
0.9999999794786741
1.0000007653189755
0.9999999491204777
1.0000014782366227
1.0000022776715745
0.9999999877048656
0.9999999781756954
1.0000005813796833
0.9999999853677518
0.999999885640714
0.9999999708729436
1.0000003663389074
0.9999997809694882
0.9999999809982658
0.9999999858527115
1.0000000527655677
1.000000025542152
1.0000003317716044
0.9999999583000851
1.0000001728774426
1.0000000503026272
1.0000000589941511
0.9999999779776074
0.9999999724458438
0.9999999891132748
1.0000007479463764
0.999999963521219
0.9999999850466177
1.0000007514734706
0.9999996202383049
0.9999993776881381
1.0000004558909348
0.9999999860863921
0.9999999911049725
0.9999999094775942
0.9999996980380211
0.9999999369810117
1.0000000968379488
0.9999998877557074
1.0000001693164897
1.0000005700964523
0.9999999912904031
0.9999999302479015
1.0000000398068736
1.0000011573512926
0.9999999842398999
1.000000097303872
1.0000001904324747
0.9999997734421873
1.0000017774427226
0.9999999553038018
1.0000002427107504
0.9999998432202272
1.0000005950019832
1.0000000862798266
0.9999999901002603
0.9999999908904994
1.0000001430319438
1.0000001303708868
1.0000000108199254
0.9999987393161206
1.0000010650373274
0.9999999789047561
1.0000000806682823
1.0000010167912206
1.0000005979550823
0.9999999928905695
0.999999982855143
0.9999999666240645
1.0000003704253257
0.9999998213903839
0.9999999709472247
0.9999999772284566
1.000000086953836
0.9999999931246328
1.000000305645093
1.0000001034845458
0.9999998655415075
0.9999999784315803
0.9999999984484615
0.9999999826178754
1.000000393893847
0.9999999856755978
0.999999964049253
1.0000001554230593
1.0000000683504167
0.9999999946807522
1.000000066084984
0.9999999826468159
0.9999999851705524
1.0000000457907816
1.0000006468279876
0.9999999820690854
0.9999999763107285
1.000000239761359
0.999999967146047
1.0000005243489078
1.000000375460187
1.0000001101297609
0.9999999858605902
1.0000000717622088
0.9999999059518029
0.9999999311026377
0.9999999314576322
1.0000000240545621
0.9999999408203313
0.9999998686542688
0.9999999267895435
1.0000002655631626
0.9999996690215068
1.0000001033987758
0.9999994818561891
0.9999999689195961
1.0000000054720224
0.9999999936664935
0.9999999866163772
0.9999999842688577
0.9999999484672382
1.0000001979144826
1.0000005048232437
1.000000174492328
0.9999999339654875
0.9999999764774844
0.9999998956650603
0.9999999760762323
0.9999999502462159
0.9999999738151785
0.9999999807549761
0.9999999631997765
1.0000007765722112
1.0000001431785372
0.9999997116877359
1.0000005020540355
1.0000000037063719
0.9999999896142426
0.9999999898428018
1.000000018269586
0.9999999629942918
0.9999999754954207
0.999999957527305
1.0000000087871543
1.0000000841111227
0.9999999829933105
1.0000000885044584
1.0000001060747277
0.9999999759817112
0.9999999615398905
1.0000018592817523
1.0000002369446694
0.9999999675544755
0.999999933163362
1.0000004165349348
0.9999999817285861
0.9999999675624254
0.9999999570320085
0.9999999997296889
1.0000001262858973
0.9999998943414838
0.9999999507546952
0.9999999098109023
0.9999999784970975
0.9999999645391463
0.9999999370997812
0.9999997234043582
1.0000003092378733
0.999999939663077
1.0000000330436838
1.000002547516027
0.9999999843103131
1.0000002810978246
0.9999999857244561
1.0000000450130375
1.00000021536316
0.999999895815202
0.9999999991752965
0.9999999830783713
1.000000025857888
0.9999999880042001
0.9999999661040856
0.9999999726110028
0.9999999804992227
0.9999999937744285
1.0000000659411261
0.9999999782775282
0.9999999417052579
0.9999999913570229
1.0000001690327782
1.000000061031357
0.9999999380823238
1.0000007516650267
0.9999995039646692
0.9999667328338459
0.9999999785484684
0.9999999665452887
1.0000006586699697
0.9999999828810308
1.0000000195664909
1.000000161465306
0.9999999991791244
0.9999998309806509
1.0000001391710642
1.000000274836763
1.000000241789859
1.0000000332281762
0.999999995342994
0.9999999775376851
0.9999999661507843
1.0000000209432454
0.999999809934061
0.9999999647052982
0.9999999810055841
1.000000038285039
1.0000000126621473
1.000000047542174
1.000000018174025
0.9999999792818557
0.9999995311273774
1.0000000078499007
0.9999999105129139
0.9999999731158
0.9999999788755154
0.9999999402789299
0.9999999710217237
0.9999999397889714
1.0000000483405118
0.999999986577721
1.000000095293183
1.0000003266182316
1.0000000304003689
0.999999969661466
0.9999997184739674
1.0000004147616297
1.000000197908782
0.9999998243319979
0.9999999656362729
1.0000000453865596
1.0000000878160513
0.9999999971601453
1.000006055258915
0.9999999919465625
1.0000005991696574
0.9999999950946118
0.999999845714315
1.0000001152609892
1.000000472336926
0.9999992433000977
1.0000002155425551
0.9999998162209943
1.000000222904279
1.0000005837811652
1.0000002035149747
0.999999752587797
1.0000006113918671
0.9999999902288909
1.0000047190160064
1.0000001774984404
0.9999996408693246
0.9999999859926717
0.9999999918446054
0.9999999482485322
1.0000003058003766
0.999999964681238
0.9999998931180025
0.9999999642000531
1.0000000037954286
0.9999999908803305
0.9999999361113074
0.9999999616439741
0.9999999386178687
0.9999999969140643
0.9999999807266488
1.0000001867893342
1.0000001758633816
1.0000000009636278
1.000000252932496
1.0000002291581298
0.9999999912895026
0.9999999344882485
0.9999999974540821
0.9999999527818563
1.000000007835957
0.9999999627904143
1.000000030839198
0.9999999198006371
0.9999998417000582
1.0000001368059652
1.0000000611105258
1.0000001743611606
0.9999999817534255
0.9999999595367166
0.9999999261119374
0.9999994962682609
0.9999999929680453
1.000000115876885
0.999999921585724
0.9999999801871856
0.9999999650475456
0.9999999673341974
0.9999999552569392
1.00000012561141
1.0000001061786008
1.0000004005015513
1.000000049311567
0.9999997464667016
0.9999999394311098
0.9999999870870985
1.0000000716570303
0.9999999716284134
1.0000005316861371
0.9999999834965918
1.0000003862008804
1.000000033628186
0.9999998506856398
0.999999962453818
1.0000071266225217
1.0000000304131762
1.0000003776909752
1.0000000058676017
1.000001262075176
1.0000001886135632
1.0000013730990422
1.0000001683487125
1.0000001546884607
0.9999999465883028
0.9999999929816645
1.000000008059643
0.9999999211967323
0.9999999457880973
1.0000001475480698
0.9999999847709478
0.9999999565474371
1.0000002165611181
1.0000018640709547
0.9999999357638214
0.9999999401252705
0.9999999778364836
0.9999999435006172
1.0000001353981918
0.9999999502315999
1.0000005334721842
0.9999999886808907
0.9999999501383047
1.0000006043955856
1.0000005051892953
0.9999999625800603
0.9999999639652855
0.999999974452984
0.9999999800975315
1.0000001053861427
0.9999999563241815
1.000000099975495
1.0000001036457882
0.9999999598207481
0.999999980478079
0.9999999621553362
1.0000004286885376
0.9999999743524377
0.999999983116347
0.9999996530068865
0.999996377850894
0.999999947093884
0.9999999743896024
0.9999999892991223
1.0000002342459426
1.0000001633446005
0.9999998176043038
1.0000000297612268
0.9999999783136371
0.999999878976291
0.9999999431659632
1.0000003748010358
0.9999999693268081
0.9999999912382133
0.9999999362652547
0.9999999734589283
0.9999999125621205
1.0000002570428437
1.0000002722211985
0.9999998902225027
0.9999997736910162
1.0000002332829578
1.0000002237621255
0.9999999883416341
0.9999998651898192
1.0000001031980958
0.9999999996979962
0.9999999793359239
0.9999960500209681
0.9999999530776363
0.9999998237099947
1.0000002594224862
1.0000003722971276
1.0000000152822428
0.9999994047909193
0.9999999685651394
1.0000003077637138
0.9999999452039575
0.9999999587368652
0.999999963589985
0.9999999930623897
1.0000002921531788
1.0000000292045714
1.000000046302902
1.000000161841323
0.9999999849023383
1.0000002071837466
0.9999989212030447
0.9999999741040985
0.9999987975103847
0.9999999685866661
0.9999999817500569
0.9999999685573548
1.0000001715155817
0.9999997935809085
1.0000000619940226
0.9999999366471605
1.0000001748555278
0.9999995321726959
1.0000005591699195
0.9999999736185837
1.000000170789938
0.9999999780985752
0.9999999224314625
0.9999999245325865
0.9999999785864502
1.0000004482515368
1.00000013099881
1.0000001312382756
0.9999998666282405
0.9999999700326847
1.0000000625633747
0.9999999808940497
0.9999999754443709
0.9999999106300613
0.9999999582844069
0.9999999933609732
1.0000002279357505
0.9999999934015792
0.9999999212429563
1.0000001071249471
1.0000000391247095
1.0000000341891266
1.000002081599745
0.9999999789256506
0.9999999759229399
0.9999999338040232
0.9999999856594785
0.999999988656368
0.9999999901969556
0.9999999860176856
1.0000001042080569
0.9999999599163147
1.0000000122588468
1.0000006410090114
0.9999999959811079
1.0000002365990435
0.9999999809239668
0.9999999626487408
1.0000004021494984
0.9999999916998346
0.999999966297474
0.9999999906554712
1.0000005832217478
1.0000000677124907
0.9999999530178927
1.0000000407552172
0.9999999632353587
0.9999999684193615
0.9999999783596202
0.999999948770607
0.9999997596996493
1.0000005651604262
1.0000000137319278
0.9999999402400909
1.0000000231487827
0.9999999764492411
0.9999999006167588
0.999999941542212
1.0000002959882448
1.000000333881902
0.9999999172729716
1.0000005921990083
1.000000203987996
0.9999999661548385
1.0000000636658553
0.9999998926036204
1.000000327704109
0.9999999213490296
0.9999999849254421
0.9999999738423004
1.000000209455877
0.999999986066901
0.9999999565498817
0.9999999856734434
1.000000036748792
0.9999999804741144
0.9999999880366618
0.9999998935310519
1.0000008524568922
0.9999999692242743
0.9999999712043893
0.9999999926723483
0.9999999677932108
0.9999998269582667
0.9999999466053279
1.000000046458629
0.9999999999418444
1.000001207057758
0.9999999611912641
1.0000001187836483
1.0000000293032247
0.9999993546254768
0.9999998678631891
0.9999998594184187
0.9999999865676079
1.000000055255189
1.0000000015214643
1.0000004729842822
0.9999999555824696
0.9999999530927441
1.0000151934647354
0.9999999739172484
1.0000006059535003
1.0000002341699552
0.9999999755356951
0.9999999552918719
0.9999999672115086
1.0000002545616278
0.9999999572606144
1.0000003030768252
1.0000000141255405
0.9999999305785958
1.0000000840345928
1.00000007598048
1.0000000106556315
0.9999999808644046
0.9999999153221476
0.9999999863298249
0.9999999246147698
0.9999998244080732
0.9999999555530705
1.0000000055137708
0.999999859096931
1.00000040012768
1.0000002214002162
1.0000000478712194
1.0000008347887583
0.9999999905815825
1.0000000128858044
0.9999999745057082
1.0000001956120081
1.0000000131288402
1.000000007629825
0.9999999685121063
1.000000057146489
0.9999999866105812
1.000000027284467
0.9999999781534351
0.9999999893368522
1.0000001830638332
1.0000015286127626
1.000000070847654
1.000000709787739
0.9999999869894745
0.9999999562365482
0.9999999558759874
0.9999998235962814
1.0000000156663895
1.0000004094455464
0.9999999534469802
0.9999999640204724
1.0000001062729797
1.0000000120329855
1.0000003343428212
0.9999999848686963
0.999999968035196
1.0000001125148508
1.0000008820590893
1.000000439917849
1.0000002120146694
0.9999999943097175
0.9999999757137481
0.9999999737726956
1.0000001036744859
0.9999999467339488
0.9999999847419928
0.9999998543378138
1.0000000202316037
0.9999999412099797
0.9999999314669635
0.999999777675532
1.0000000383533305
0.9999999508771895
0.9999999654310111
1.0000001083864631
0.9999998186829493
0.9999999289420491
0.9999999791896725
0.9999999653822932
1.0000000725882379
1.0000003662467931
0.999999960005354
0.9999997380448745
1.0000000652343521
0.9999998736886849
1.0000000815686472
0.9999998878869389
1.0000011980347405
1.0000003406920093
0.9999999381147716
