0.9999293203920928
0.9999145568657477
1.000018560209067
0.9994812081595161
0.9998703022060644
1.0000303297210218
0.9999843696512778
1.0001069552651471
1.0000044724560258
1.0000133722896352
1.000160177466928
0.9997310294351931
0.9999679474780112
0.999769535940626
1.0000467883239115
0.9999943873746214
1.0001228045098305
1.0002087654280196
1.0000226778168542
1.0002184120100652
1.0000497972893465
1.000518022891706
0.9993468959724714
0.9955705378990759
1.000153311919361
0.9999638565280532
0.9996862905496093
0.9999876505607294
1.0007930641881846
0.9999984900673765
1.000135374837206
1.0052752915190448
1.0000603728403246
0.9995696115075869
1.0000257908192811
1.000060618324008
1.0000557875247156
1.0000232268590756
0.9996108532048517
1.0000191787373092
1.0000399072020585
0.9995594428770218
0.9990598230009563
0.9996625134986682
1.0001832180254595
1.000045624658751
0.999899268167197
1.0001645664097825
1.000580048204286
1.0000138487268793
1.000045560207368
0.999889273398062
0.9999768087471892
0.9997765211008597
0.9994541838565317
0.9991683028946312
1.0000252105451515
0.9798113281004418
0.9999913949740855
0.9997010647502844
0.9999159294859724
0.9991697522478034
1.000018098018498
1.00003819197605
0.9963644158344541
1.0000642787282885
1.0001096670993905
1.0001495716367843
0.999884259602799
1.0004107601388457
1.0000857472825613
0.9997567451516388
1.00004424208915
0.9989853934047557
1.0000745128286537
1.0000906135293883
0.9996116611793909
0.9996020031077918
1.000200149735274
0.9997674604033961
1.0000717689404477
1.0000297511970582
0.9999963415831363
1.0000510051199767
1.0000840917053402
0.9999048151568389
1.0000260648262151
0.999768527786415
1.0007520029526333
0.99925055928585
0.9995295565311405
0.9995472764228278
1.0000460556624262
1.0000099452033606
0.9997617163741457
0.9920048110019328
1.0002896440948685
1.0000151243882407
0.9994503117030137
1.0000854147081089
1.0000388619396945
1.0000996445044545
1.000062253091498
0.9994873846100853
0.9992560400392203
0.9998743000195381
1.0000484575754063
0.9999490464014538
1.0000323099192985
1.0000096977690225
1.0000394906867485
0.9999715761534431
0.9996965855146993
1.00000100790738
1.0001270418706931
1.000074528904156
1.0021548593133822
0.9994626930396837
0.9999828749658509
1.0005412197155048
1.0000357363718824
1.000011191513501
1.0000330320042605
0.9997695856126385
0.9998272598650724
1.0001171233539654
1.0082718257653998
0.9999914127562063
1.0009750296066913
0.9999934453376564
1.0000376392396355
1.000092295307541
1.258815709223607
0.999990594202233
1.0000271512652437
0.9999203356676383
0.9996926917275138
1.000044286186944
1.000173365737096
1.0000170157229809
0.9996709890510568
1.0002470151201743
0.9997559279487086
0.9999839183887873
0.9998741863028535
1.000072975805834
1.0000575073526363
0.9997882337041745
0.9992548431988504
0.9997355414626906
0.999791709065946
0.9947502102631708
1.0001191804634162
0.9997428793021561
0.9687785534311092
1.0000901845194898
1.0001100035967998
1.003045493544108
0.9997791354982986
0.9547987166869902
1.0001408322434162
0.9997404623597449
1.0000806826437558
1.0000925170573616
1.0002373212127762
1.0000737199548937
0.9997461878037153
1.0000164111911187
0.9996686907235807
0.999938383382561
0.999817288894766
0.9998531054664138
0.9999887294477321
1.0000722728517697
0.9999295633864766
0.9996970085732347
0.999756542949684
0.9999525931487474
1.000146221486096
0.9999920502257228
1.000165686373419
0.9989589539214483
0.9997991094925717
0.9999778071189259
1.0752745207874037
0.9999177132692237
1.0000457765676058
1.1398819724691855
1.00010159343064
1.0000203903978053
1.0062508928559974
1.0000363000246386
1.0000899397712468
1.000016644561758
0.9998102483058865
1.0025690206805444
0.9999152871677243
0.9998878148523961
0.9998825049694816
0.9997385826452045
1.0004667669433
0.9996009648909341
0.9995186976713166
0.9999777002004477
1.0000145878342233
1.0000575187435905
0.9999860893586089
1.0000213284142454
1.0000529686021882
0.9996781893273866
0.9999015341863737
0.9995000124456395
0.9997538615245974
1.0000136388211245
1.000002324648891
1.0000375275199205
0.9999596403061335
0.9999143797784631
1.0000983463246365
0.9997968836930736
0.9999209560126592
1.0001627974730973
0.9999467573258924
1.0000275115886161
1.0001502730019183
1.0001183947071757
1.0000018993627071
0.999917647244925
1.0000540971614194
1.0000469267721208
0.9998260518756047
0.9995875619781225
1.0025323526158358
0.9995228025717955
1.0000976824646448
0.9994835406483229
0.9998288410408516
1.0000089256807452
0.9999783285032918
0.9996816125699748
0.9995052679885841
0.9998203884463314
0.9976611310895331
1.000088573185523
0.9918422288789088
1.000051998407338
1.0000622639730583
1.0000298050178509
0.999838565777797
1.0000989985474402
0.9999846364107554
0.9969428459961029
1.0000386260998921
0.9988974181387155
1.0000365901552475
1.0000165127113667
0.9999873609095781
0.9996800477484634
0.9998207456474678
1.0000697932765341
1.000444393833998
1.0000362091387032
1.0001145459792757
0.9998881927578198
0.9968319112150277
1.0001730589114695
0.9999279267447204
0.9993362499000452
1.0000591158556675
0.9990620225528616
1.000063629049879
1.0000377973715928
1.000059598709553
1.0000685882554203
0.9999973556906464
0.9999414031898572
0.9995190976501518
0.9998651111557151
1.0004359848232545
1.0000065099926374
0.999624549098388
0.9999980428424302
1.0001123221635015
1.0000102607671402
1.0000126818193864
1.0000154307057705
0.9997447442839245
1.0000880503937901
1.00000658457514
1.0000246815732994
0.9999454181801506
1.0000305671702532
0.999972870688274
1.0000442734130939
0.995922062264734
1.000180690072097
0.9999721653943151
0.999943716261815
0.9999281958455538
1.000393698360125
1.0000976992916877
0.9998532168504157
1.0000572932173108
1.0002260098816385
0.9964821148850972
0.9999965747428649
0.9994605421494145
0.9996669387120979
1.0006572118557184
0.9999581002024522
1.0000089874077789
0.999913114749903
1.0000876814341697
1.0004995468006215
1.0000481472486087
0.9993020363423916
1.0000524478690702
0.9999716034575423
1.0000421798170587
1.0000467650342018
0.9999781969479896
1.0001531627988314
0.999869217574938
1.0000214267478007
0.9999801255633413
1.0000240250610188
1.000067112307122
0.9996931495045506
0.999910740985933
1.0001526054135774
0.9993962269872745
1.0000119080967014
1.0000379932567907
1.0000415997793861
1.000372437338847
0.998641559355844
0.999989402158264
0.9999126470831708
1.0000183220758683
0.999553548861833
1.0000744707478542
0.9993296458007386
0.9999332900989876
0.999159007299817
1.0000093295161816
0.9997524989450152
0.9998254049661196
1.000059067623253
0.999906794303595
0.9999923515108331
0.9998117791688468
0.9985466155255576
0.9999349815191209
1.0000838733265074
0.9999999576874911
1.0001286911712866
0.9999030789553209
0.9997215084718739
0.9997461416046248
1.0000961275183866
1.000010252461329
0.9999827970300764
0.9999615528973819
1.0000315326298697
0.9990583771205738
1.0000411194119154
1.0000102973012193
0.9986579053758631
1.0000644886713965
0.9999651399776192
1.0001719865022318
1.0000829395375983
1.0001378719471847
1.000018289325668
1.0000137426025242
0.9996507735904163
1.000041517470181
0.9997584330460089
1.000022426029619
0.9997915266189904
0.9999834098280465
1.0002240726548928
1.0000407492883943
0.9999619273093935
1.0000338674481881
0.9992859581513799
1.0001493747269208
1.000019987339457
0.9998821635456397
1.0000648772416483
1.0000222059835495
0.9994588729260447
1.0000731645518168
0.9988909279851697
0.9975171029755657
1.0000272792696494
1.0000227799809953
0.9993611151104479
1.0000063738616465
1.0001614351317416
1.0000433463893774
0.9995797670843938
1.0003147318777728
1.0000162553912841
1.0000090688918235
0.9999937867074007
0.9999648355047793
0.9996367187016816
1.0000261719963783
0.9998758333762354
0.9999335866360693
0.9999469295720422
1.0000208935175325
1.0000318112939979
1.000009489794698
0.9991479210006956
1.0000407708935044
1.0000175877306303
0.9994603750197435
1.000581117179621
1.0008870991863215
0.9994883868393485
1.0000149571479895
1.0000067645083788
1.0001283090356963
1.0004015766884513
1.0000738372074738
0.9998405982827062
1.000155364679346
0.9998927657045515
0.9993720475987893
0.9999995368051351
1.0000991574698446
0.9999730548292719
0.9991074914545188
1.000021636067395
0.9999233402354413
0.9997815285569951
1.0003053932801949
0.9981039811276655
1.0000684416034282
0.9997230132526754
1.0002217784959506
0.9994091522267389
0.9999226760492287
1.0000100112823125
1.0000056579814933
0.9999025763333202
0.9999091297879392
1.00001686472106
1.0015130840820767
0.9989005213493231
1.0000111198783854
0.999906823620376
0.999221505057726
0.9991355534097068
0.9999969359325054
1.0000139249980695
1.0000413605618788
0.9997581421907985
1.0002069058902439
1.0000360965069437
1.0000860764421267
0.9999085416136755
1.0000116932054992
0.9996758489286931
0.9998447800035202
1.0001864396545357
1.0000254130269504
1.000011588474241
1.0000062670662662
0.9996384971157174
1.0000111584946576
1.0000560857535976
0.9999027180484495
1.000039725300187
1.000019746900103
0.9999045344092411
1.000102533407728
1.0000494120329324
0.9999755721649174
0.9994665732897707
1.0000248458085657
1.000029851370211
0.999884770416799
1.0000504764425815
0.9994818097830345
0.9997589389604963
0.9998861166965168
1.0000107988319977
0.9999528922560487
1.0001193817014191
1.0000842137895307
1.0000878946324756
0.9999777869900127
1.0001069565357954
1.0001631734721494
1.000122838648684
0.9998187947422232
1.0004548084187324
0.9998546428202858
1.0008342786203188
1.000029089534114
1.000057128513145
1.0000066494891202
1.0000172951625947
1.0000171630279722
1.0000764727096692
0.9997601421978451
0.999414571580941
0.9998198172260561
1.0000913201883104
1.0000286199453727
1.0001443389999907
1.000031491198277
1.0000648140390467
1.0000909847705832
1.000023831559686
1.0000427090033854
0.9994220371583016
0.9998677792431976
1.0004846746375675
0.9995770996731844
1.000001580317588
1.0000491964007583
1.000032703050924
0.9999962196615718
1.000053243225263
1.0000350381197751
1.0000490525764159
0.9999219805336573
0.9998754355898019
1.0000185180818038
1.0000045261851345
0.9998856943750662
1.0000194658615926
1.0000356078569757
0.9980516323569774
0.9998186903364852
1.0000343966657221
1.000115875294557
0.999667239316576
1.0000186783047438
1.000030744906767
1.0000592763368372
0.9999895068068316
0.9999089204081922
1.0001329005899169
1.0000628555388544
1.000051979694554
1.0000208841743286
1.000008471782979
1.0000558765787735
1.0003791362781118
0.999652993890608
1.0000595248564583
0.999979380547262
0.9972778580709066
1.0000154397607892
0.999780016259202
1.0000193616762878
0.999936215055997
0.9997683368840032
1.0001017130198206
0.9999953207527035
1.0000264950767037
0.9999901976636424
1.0000284799680916
1.0000448331009637
1.0000285650497045
1.0000272579329612
1.000004109666098
0.9998799553085184
1.0000288876574204
1.0000805095516636
1.0000081960173346
0.9998845554600373
0.9999100729110248
1.0000864513939343
0.9993031614970779
1.000638939088551
1.0058066067977902
1.0000289094355996
1.0000427468703055
0.9990676389421409
1.0000147263625319
1.000006289371708
0.9999807021111264
0.9999913319454923
1.0003062814361081
0.9997981108682825
0.9997800695522295
0.9998596602409284
1.0000026568707043
1.0000063010336118
1.0000315214350681
1.000037810462486
1.0000130730920405
1.0001821566175346
1.0000499406954546
1.000020776996342
0.9999715721345939
1.0000433536873925
0.9999346111971008
0.9999710299258321
0.9999602645548296
1.000029740575354
1.0000048561256254
1.0005712339317088
1.0000511306030218
1.0000208930259293
1.0000656599583038
1.000030197230737
1.0001005496153885
0.999971269098548
0.9999861348717951
0.9998495983388432
0.9996945740722849
0.9999403881498528
1.000024439798931
1.000267433251361
0.9997037283108001
0.9998965396222662
1.000013499065506
1.0000234342756136
0.9999330389172684
0.9999417154137139
1.0000148043162027
0.9960114316955306
1.0000038216366924
0.99933510246792
1.0000185265365291
1.0002025089853954
1.0001672181971049
0.9995662157812417
1.0006952198742005
0.9999332948232809
1.000225156361826
0.9997831215086449
0.9995221494182
0.9997668317618014
1.0002431519807387
0.9997010749691646
1.0000064675656892
0.9948908583302575
0.9997392924095783
1.0006927890373887
1.000037377260262
1.000002358978467
1.0000676580712866
0.9997782985966909
1.0000380931853086
1.0001432160541186
1.0000465408375525
1.0000269456824584
1.0000254115985223
0.9999729078376289
1.0000445320547324
1.0000857417474605
0.9999990531765497
1.00000815706788
0.9997151982289805
0.9998825387568137
1.000019606006557
0.9997159058176882
0.9997775972753831
1.000002522763162
1.0000471547760532
0.9999842175758785
1.000060945330684
1.0000212293931081
1.0000352395133267
0.9999525497574598
1.0000944400571927
1.0002144563350843
0.9998015286941105
0.9999316396593413
0.999882363898752
1.0000238519973068
1.0000637605240421
1.0000943206028448
1.0004030826463712
1.000006811719019
0.9998741477687595
1.0000790972521787
1.0000165217424912
1.0000378587395535
1.000043921814345
1.0000373038898032
0.999927331522868
0.9999310429060566
0.9994688431864941
0.9999449338788643
1.000244757691993
1.0000906452849234
1.0000217656223758
0.999969873030236
1.000029975147003
0.9994823503611278
1.0000170323017792
0.9996370331210945
0.9999481628482784
1.000288624537503
1.0000602986775906
0.9921916012536306
1.0000400774498996
0.9997785704360512
1.0000190158140083
0.9987852168381897
0.9997918877949257
0.9987772110660558
0.9998232997961246
0.9998850502343937
1.000044877031266
1.0000422861757439
0.9999932137858368
1.0000280727844741
1.0000744287239565
1.0000394188038921
1.0000110435410456
1.0000567332384103
0.9998475728959154
0.9988301649274444
0.9999776159011015
1.0000659199581983
1.0000182216862368
1.0000701280352016
0.9998296286057226
1.0000632702494832
0.9994272259403165
1.0000140303566156
1.0000320310376138
0.9993220635480765
0.9997119443023489
1.000022556545546
1.000035141006947
1.0000311973981548
1.0000170342583248
0.9999336871248119
1.0000609976326291
0.9999087277188328
0.9999404572216819
1.000023864287205
1.0000299345463803
1.0000392939493379
0.999482291965584
1.0000244727605905
1.000011005808589
1.0002694174289348
1.0047932700727222
1.0001048651059694
1.0000248778205703
1.0000076958648727
0.9998264182812522
0.999815520331147
1.000304544220583
0.9999506413258015
1.0000224374960027
1.0001222893944859
1.000074136277019
0.9995401300774406
1.0000172800654816
1.0000014835396736
1.0000867085115204
1.0000240368233762
1.0000891027220864
0.9998346282115977
0.9997112737384108
1.0001264053818668
1.0003841879236441
0.9998285467159032
0.9997470252804884
1.0000120175379874
1.000059243523928
1.0000174433821116
0.9999950214590746
1.0000191406181556
1.0023436382936128
1.0000539178867034
1.0002250339481007
0.9997205030279553
0.999756374656699
0.9999726835215849
1.0007754145315648
1.000028145615997
0.999730004715893
1.0000331281560049
1.000049404517796
1.0000537833704533
1.000006065751238
0.9996768815605
0.9999779529592046
0.9999718346169582
0.999762441151383
1.0000041300106222
0.999705771528309
1.0012875205357359
1.000016458067675
1.001360728931832
1.0000431098751241
1.0000142993895096
1.0000398934400376
0.9997333693479447
1.000194282579482
0.9999314113971736
1.0000576911593835
0.9998037807752386
1.000609033113958
0.9995888214356606
1.000024745701462
0.9997850319492942
1.000017176556014
1.0001115566100534
1.0000767361049874
1.0000179464796721
0.9996511243053744
0.9999550086365762
0.9996358252839457
1.0001586290088953
1.0001063074684295
0.9999695649720318
1.0000245772125247
1.0000142490383184
1.0001047725145402
1.0000530983967395
1.0000101397222485
0.9997703755723311
1.0000068454788273
1.000115908894208
0.9999027837876703
0.9999303251033206
1.0000120681256361
0.99768631297859
1.0000163871268883
1.0000213448860893
1.0001519395441036
1.000010977119688
1.0000098180114454
0.9999900216464788
1.0000148056558384
0.9999295723457862
1.0000551016965866
0.9999755496017365
0.9992239540370877
1.0000621279178379
0.9998305595611185
1.000016867691069
1.0000327117541954
0.9997086995109647
1.0000051839606134
1.0000482822009045
1.000007067253861
0.9995903167181447
1.0000723773022462
1.0000541290489304
0.9999428801336392
1.0000517293751365
1.0000441646399323
1.000043619282862
1.0000448587318755
1.0002988643740858
0.9999909183192632
1.0000007774782373
1.0000912259805084
0.999961389171733
1.0000268419684633
1.0000805786460847
1.0002066750194647
0.9997776053435992
0.9996127452439993
1.000093536847384
0.9995064334607331
0.9998621920567975
1.000045458405509
0.9999238240110047
1.0001348616353947
0.9996173211799348
1.0001143642478296
1.0000138369014404
1.0000264369598462
0.9998501298880708
1.0000110822054988
1.0000527295930202
1.0000113460720685
0.9999563983426953
1.0000240078661944
1.0000099867224548
1.0001431374469585
0.999433700739764
1.000036520847899
1.000036736395005
0.9999957235452722
1.0000403512808502
1.0003602908248672
1.0000713793768634
0.9999620981413873
1.0000437293739042
0.998778234390069
1.0000411345338565
0.9998877357985081
1.0000961715920746
1.0005956810086494
1.0001283566121304
1.0001413326534947
1.0000106834174984
0.9999678388318968
1.0000015984875958
0.9994929351874227
1.000035738645424
1.0000344482535792
0.9826490711761967
1.0000238578990575
0.9993251027672445
0.9997865445733916
1.0000249519055187
1.0000408701624632
1.0000328004124237
0.9997251350904877
1.000050990903532
0.9995441880040387
1.0000019322372424
1.0000897785582927
0.9999449821326725
0.9999452554711151
0.9999954411564265
1.0000010858330832
1.0000624535559732
1.0000079049170731
1.0000642197812104
1.0001602646946999
1.0000448048394461
0.9999937711666783
1.0000814926858725
0.999731247790439
0.9998045074437416
1.0000401579743894
0.999068053429132
1.0000111794750528
0.9999837251183129
1.0000323970827494
0.9997738071849427
0.9999767311676804
1.0000020124976596
1.000016668144912
0.9999962203912937
1.0000114274826448
1.0000086233959409
1.0000503418972184
1.000008515442761
0.9997908102933291
0.9989476486687021
0.9999529050629155
0.9994378113857686
1.000011216544145
1.000050064958382
1.0001130215713152
1.0002129878771209
0.9999795019082165
0.9997373095648693
1.0000329069194185
1.0000444702845477
0.9999402389043939
0.9999793112207395
0.9997243701173041
1.0000079803719597
1.0000148016960226
1.0000114324618832
0.9991756265259216
0.9998688305206647
0.9998511445031544
0.9999860562387696
1.0000288182966304
1.0000552719448872
0.999819320926762
1.000069285636435
1.0000142037896138
1.0001701948007888
0.9999682149412338
1.0000881834159017
1.000051724062648
1.0002586159063642
1.0000075724870674
1.0000403744797868
1.0000430064435237
0.9998761701966561
1.0002221640102225
1.0000947726080824
1.0000215993446446
1.000038716542293
0.9999161429138931
0.9996182208144322
1.0000298657574078
1.000311981212959
0.9999547145555787
1.0004288995122885
0.999934622674136
1.0000583044026985
0.9990252677966
0.9996160055092934
1.0000447760085538
