1.0000014279263794
1.0000005264156664
1.0000009406514418
0.9999981046833532
1.0000008361747408
0.9999999175293928
0.9999990957897057
0.9999990999943216
1.000000440273533
0.9999999640843813
1.0000018605680212
0.9999985684589254
0.9999993895699562
1.000001361529337
1.0000004753358378
1.000001374717106
1.0000000103710416
1.0000081632977278
1.0000007870992058
1.0000014949490832
1.0000008788666475
0.9999952949941062
0.9999971615849953
0.9999986310541731
0.9999995192754381
1.0000006564094988
0.9999994253820944
1.0000000718595345
0.9999737416325545
1.000001065215061
1.0000001243509395
0.9999152592967752
0.9999996472554268
0.999997906187475
0.9999994839127242
0.9999992856343266
0.9999999974457344
0.9999993392867673
0.999999074636508
1.000000289641678
1.000000177088353
0.9999999162236589
1.0000040291975023
1.000001023017313
0.9999934208755656
1.0000014526087748
1.000001983565735
1.0000005266333611
0.9999948249268966
1.0000000935615754
0.9999997254842234
1.0000008940444058
1.000000066478264
0.9999987179140721
1.0000065412484918
1.000001012126955
0.999999296593592
1.0000244927601223
0.9999989806678582
0.9999999778907941
1.000000037953214
1.0000021789764433
1.000000707017398
0.9999993208950393
0.999994845708336
1.000000790410133
0.9999990561599149
0.9999994590787096
1.000000174547446
1.0000214957446751
1.0000009598568418
1.0000015448291122
1.0000002919229296
0.9999988235168072
0.9999993348150241
1.000001295035813
0.999999251689192
0.9999993820759597
0.9999963295786983
1.000000298794817
0.9999995840670173
0.9999995434728891
0.999999927762449
1.0000004019368778
0.9999993693443853
1.0000001245831378
1.000000396664675
0.9999989230282521
1.000007479459241
1.0000007345916035
1.000002859435295
1.0000004089288215
1.0000007748674897
1.0000015658395953
1.0000007530634818
0.9999700530090556
0.999999510977284
0.9999998447923462
1.000000507632021
1.0000015837611906
0.9999986008865325
0.9999992408239096
0.9999993189393716
0.9999996766558312
0.9999994017857115
1.0000018571862208
1.0000000116720391
0.9999992748283515
0.9999967211392957
1.0000000927651356
1.000000241684453
1.000000763185333
1.0000011072768185
0.9999978629457503
0.9999999821400317
0.999999390868295
1.000218174803854
0.9999997542229205
1.0000000824118005
1.0000037408504114
0.9999996167339871
1.0000003163021123
1.00000018530945
0.9999999162202019
1.000001223651748
1.000000900607402
0.999742115466652
0.9999994064905755
0.9999754159088736
1.000002419607311
0.9999989340704479
1.0000008855185252
0.9995918630678925
0.9999996029491737
0.9999982174489643
0.9999978409446462
0.999999335979566
0.9999996834359899
1.0000002962114312
0.999998840566075
0.9999999678026301
1.0000009374498602
1.000001076301277
0.9999990716201655
1.0000001323900476
0.9999992549568636
1.0000010471694578
1.0000005644645902
0.9999987327204475
1.0000005573693589
0.9999993570492781
1.0000068569558842
1.0000012945956445
0.9999998921947016
0.9999543568258097
0.999999086278561
0.9999995146215782
1.0000468878256863
0.9999994048638258
1.000076497198172
1.0000006377069186
1.0000004975859398
0.9999994487217476
0.9999993178118146
0.9999996675349043
0.9999986897642185
1.0000007669142286
0.9999990098164315
0.9999987966881211
0.9999998094728481
0.9999998153446589
1.0000001309252116
1.000000033771117
0.9999993530672744
0.9999636920233202
1.0000013224287614
0.9999988497551715
1.0000006043490508
0.999999374279017
0.999999555526304
0.9999981140759255
1.000005800088287
0.9999997001284933
1.0000002680729279
0.9999202811665875
0.9999985374898406
1.0000010662048182
1.0003479563682178
0.9999975152907769
0.9999991558883831
1.000146763230478
0.9999996651902819
1.0000019252488968
1.0000007314487098
1.0000005710066806
1.0000520550528122
1.0000003588484156
0.9999994330786722
1.000000291232948
0.9999999452911366
1.0000045593332187
1.0000006109667103
0.9999978125619913
0.9999991712217626
0.9999990595646341
1.000001445840603
0.9999989076098432
0.9999990090258267
0.9999985370257601
1.0000008404899454
1.0000002045168808
0.9999996390096506
1.0000006831757713
0.9999991566435058
0.999998799878484
0.9999993124494072
0.9999994241624479
1.0000007055023221
0.9999990372050999
0.9999999294266183
0.9999991973816467
1.0000020814613888
1.0000004135941785
0.9999996885415994
1.0000010059118616
1.000000848711504
1.0000006995977937
0.9999993908611661
1.0000014435980937
1.000000429532365
0.9999997200226426
1.0000268262153922
0.9999971103542653
0.9999980601551743
1.0000050038448234
0.9999986978288179
0.9999997726423828
0.9999981396971956
0.9999991313871954
1.0000018774008874
0.9999964023893525
0.9999923539584755
0.999995829049032
1.0000011112426175
0.999973333825667
0.9999987709114481
0.9999994671359295
0.9999978804552235
1.00000114628267
1.00000015559103
1.0000000386071897
1.000008359036579
1.0000008779878415
1.0000008138123473
1.0000017112119204
0.999999709187541
0.9999995943444245
0.9999989162770873
0.9999989254212379
0.9999997081621772
0.999999460645908
1.000001488192891
0.9999980410230672
1.000000839421435
1.0000008047691535
0.9999950650140993
0.9999984049717725
0.9999968041706414
0.9999987753470994
1.0000085188810222
0.9999992763204882
1.0000013150299956
0.9999997872861689
0.9999992434479009
1.000000727573109
0.9999999025323022
0.9999949489860505
0.9999997635378727
0.9999990820406547
1.0000028476779073
0.9999998501505102
0.9999990010066461
1.0000001460103582
0.9999988521700939
1.0000002841598192
1.0000005192977732
1.000003558426128
0.9999991526754921
0.9999994722641855
0.9999997726917939
1.0000001587922391
1.0000005062253705
1.0000009358872692
0.999999833872911
0.9999098431023307
1.0000057051375124
1.000001599572968
1.0000001700918493
0.9999985655905085
0.9999697130210383
0.9999998140056687
1.000000008409863
0.9999998069810379
0.9999963380061494
0.9999944802615139
1.0000004808550715
1.000007170924676
1.000000102987822
1.0000333864514004
0.9999999990125545
1.000000883678948
0.9999989007535076
0.9999999840465125
0.999932390091842
0.9999995644199511
1.0000040374585601
1.0000002143176354
0.9999998803745241
1.000000173172204
1.0000006500980991
0.9999910877908632
0.9999961213966477
1.0000021621731827
1.0000002798279344
0.9999992306616431
1.0000006407419646
0.9999997611189853
0.9999896315836165
0.9999995450583878
0.9999984016767745
0.9999975913518359
1.000001086780466
0.9999997023381093
0.9999993191353923
1.0000277846770613
0.9999995977104528
0.9999991946997528
1.000001263252058
1.0000002704123958
1.0000019146770962
0.9999993802395062
1.0000045867348388
0.9999993561417194
0.9999996387204565
1.0000010244330626
0.9999989672467738
1.0000001597147117
1.0000004080192897
1.0000012448010036
0.9999993406597364
1.0000009706888917
0.9999935283417193
1.0000032819528992
0.9999996619525614
0.9999996121890674
0.9999995547898382
0.9999999941526301
1.0000011092268506
0.9999986797010207
1.0000023182724955
1.0000002551281033
0.9999998284636179
1.000001362563399
0.9999991446617198
0.9999964497820735
1.0000001822863667
1.0000002304375142
0.999994641655961
0.999998909261738
1.0000003252240564
1.0000022520580765
1.0000003993994662
0.9999950588674102
1.000000958567765
1.0000004077991276
0.9999974722439727
1.00000330133762
1.0000002055235666
0.9999995790904943
0.9999995878879192
0.9999993521621761
0.9999987204474312
0.9999973258974654
1.0000002525331282
1.0000002171139204
1.0000001361900308
0.9999982170711126
0.9999997929822989
1.0000012523065387
0.9999953476177099
1.0000007043898103
1.0000003405436302
0.9999981589838728
0.9999920363762186
1.0000108234268201
1.0000002459202084
0.9999989946835837
1.0000025173166374
1.0000006959945142
1.0000004798767792
1.0000000199711938
1.0000009404637453
1.0000007624212692
1.0000001500491658
0.9999983499046431
0.9999995397591165
1.000000222238302
1.0000008679798944
0.9999974666235267
1.000001902902505
0.99999997279928
0.9999986088654065
0.9999999118403308
0.9999991145384335
0.9999999371391669
0.9999981659492337
1.0000016626465695
1.000000218170377
0.9999958410545979
1.0000008460532293
0.9999947559986962
1.000003211216662
1.0000003203690964
0.9999997112490729
0.9999989893759269
1.0000010433117577
1.0000020984196023
1.0000002590551378
0.9999997564871368
1.000000324783754
1.0000046388962687
0.9999986514239069
1.0000036404351669
1.0000011272335778
0.9999948560724364
1.000000258622976
1.0000000165317513
0.999998545991661
0.9999962352997821
1.0000182833716535
0.9999994609752721
0.9999930180074519
0.9999999918200956
1.0000010247991358
1.0000017239945411
0.9999998814618708
1.0000010523695833
0.9999985866285767
1.00000044425273
1.0000009703437587
1.0001665522120637
0.99999990551228
0.999999272078753
1.0000003969842688
1.000029084610131
1.0000245185177452
1.0000011439187317
0.9999996374411249
0.9999994023825132
0.9999993259554937
1.000000549976243
1.000000731182276
0.9999969004994957
0.9999993959701429
0.9999997515723895
1.0000026053860491
0.9999985277708289
0.9999982129873769
0.9999981161676313
1.000000453482596
1.0000014679074485
1.000001391900595
1.0000007225528078
0.9999997752121287
0.9999984909428511
1.0000007773704804
1.000000802134314
1.000000841333611
1.0000017846863667
0.9999992391192035
0.9999982742514457
0.9999984031050768
1.000000004467975
0.9999995251998309
0.9999991470164827
1.000000037490909
0.9999978768338155
0.9999999932773291
0.9999990271358206
0.9999986669205306
1.0000009919702608
0.9999997331596442
0.9999995736323479
1.0000007919104656
1.0000002355702646
0.9999998537732909
0.9999955084377826
0.9999984517771283
1.0000002502854803
0.9999995805683392
0.999999109288611
1.0000011905137256
1.0000006482491561
0.9999983300607477
1.000000076631844
1.0000010331640097
1.0000004614373954
0.9999994878969253
1.000002061512075
1.0000013307209747
1.0000009614163046
0.9999983839830058
1.0000006609448968
1.0000018371949264
0.9999995336255852
1.0000031995428114
0.9999993256074154
0.9999997705874812
0.9999992642929841
0.9999700352192729
0.9999998679161676
0.9999979050127824
0.9999977721207494
0.9999994384819357
0.9999996965274625
0.9999990729972646
0.9999980393520966
1.0000000453079845
1.0000007933964823
1.0000016968184913
1.0000085528093536
1.000000088489442
1.0000005611524556
1.0000007185334863
1.0000002979353924
1.0000010855722972
1.0000032173826472
0.9999947542233957
0.9999992298194244
0.9999997780908948
1.0000012618139649
1.0000012503886013
0.9999983680922184
1.0000015897246544
1.000000433296135
0.9999990507482732
0.9999995632339901
0.9999989816064366
0.9999994505475159
1.0000092991650968
1.0000005805024728
0.999997926121347
0.9999990151465439
0.9999960259044279
0.9999993125131578
1.0000017626074575
1.000000717493428
1.0000122065925838
0.9999988356998651
1.0000008563698615
0.9999984943206113
1.000001274942626
0.9999999956290738
1.0000015887539557
0.9999989181793933
0.9999997925481604
0.9999992181840869
1.0000020869396427
0.9999989978417035
0.9999991098064239
0.9999995429957322
0.9999997782949896
0.9999950250173109
0.9999998323058483
0.9999988741113115
0.9999998166298352
0.9999990160143017
1.000001611665206
0.9999993966273001
0.9999987562974121
0.9999998623626414
1.00005297613351
0.9999999929796163
1.000000862321645
0.9999961729646355
1.0000007221128977
1.000000099528327
1.000008129448085
0.999999108597775
0.999995222034252
0.9999928853015084
0.9999993068539547
0.999999589880695
0.9999989955886409
0.999999301922871
1.0000006202202574
0.9999993164179246
0.9999991174954537
1.0000144103815847
0.999999488418573
1.000000807249999
1.0000000920421206
1.0000009369323493
0.9999987874679597
1.000001047059142
1.0000090304902955
0.9999788740299201
1.0000012841983907
1.0000063102689152
1.0000010756573943
1.0000007925095973
0.9999961133971494
1.0000005745485718
0.9999992942776444
1.0000015336515948
0.9999994959421472
0.9999996370066363
0.9999995694652004
0.9999996555721816
1.0000006650535431
0.9999963903402035
0.9999986509408736
0.9999996826783257
0.9999999496485587
0.9999997838027845
0.9999997703403672
1.0000006303598448
0.9999993962967043
0.9999607967485917
1.0000002267055617
1.0000005645402117
0.9999999902334689
0.9999951649098344
1.0000007248395573
0.9999988962047295
0.9999675708418172
1.0000022013051098
1.0000086873021345
0.9999999392799928
0.999999228766112
0.999998996939691
0.9999957947020714
0.9999908994646898
1.0000001152893323
1.0000222934488543
0.9999977223805847
0.999985869476271
1.0000001280137996
0.9999993730722309
0.9999995852518271
1.0000011155266244
0.9999991246693987
0.9999981966246263
1.0000012065394701
0.9999988240442564
0.9999995897016937
1.0000067030990751
1.000000892503555
1.0000003513511777
1.0000006972083046
0.9999986218199006
0.999999241198902
0.9999990513434536
1.0000010806908175
0.9999989264997678
1.0000017963131984
1.0000011570641723
1.0000014765082597
0.9999990045179976
1.0000007917839515
1.0000012305903492
0.9999982401311931
0.9999980613422227
1.0000044369134404
0.9999950658057885
1.0000039274242432
0.9999986177031321
0.9999993866634789
0.9999985979646058
1.0000000889523015
0.9999985566439672
0.999995011739626
1.0000004736614323
1.0000010763266016
1.0000011096696237
0.9999998400532135
0.9999996542039064
1.0000006597233728
0.9999987443898096
0.9999982653025415
1.0000004347240912
0.999994662894305
1.000000576272177
1.00001164541565
0.9999989445699693
0.999999379037614
0.999999472395471
1.0000015400100362
1.0000008317149953
1.0000001910990788
1.0000003744320431
0.9999995475256704
1.000000632723482
0.9999987035936605
0.9999887780590458
1.0000016489689578
1.000000424203938
1.0000005819273663
0.9999999626517634
1.0000009210960714
0.9999950101031992
0.9999996315790497
1.000001005710282
1.0000011909242175
1.0000004822115183
1.0000009261721021
1.0000010041756577
1.0000003221768585
0.9999955067523622
1.0000000380698402
1.0000032111527086
1.0000002153582963
1.000003474806367
1.0000079578217753
1.0000079169591567
1.0000005739832525
0.9999999689510288
0.9999982751709855
0.999998517680439
1.0000022233385517
1.0000003800852746
0.9999989057623931
0.99999989636708
0.9999974363873323
1.0000016640714506
1.0000011861835216
0.9999998421531966
0.9999986134179912
0.9999999673259026
0.9999997114222967
1.0000001548449273
0.9999997214688379
0.9999983987977189
0.9999992262251173
0.9999967435942777
1.0000033953984298
0.9999992302815022
1.0000009282127018
1.000010055463034
0.9999540794681637
0.9999991199208741
1.0000008372194804
0.9999984170508159
0.9999988443227253
1.0000017298420796
1.0000012046633906
1.0000013778639023
0.9999998941404117
0.9999998912634459
1.0000005160665557
0.9999995768122225
0.999999759407899
0.9999996638110027
0.9999991423567681
0.9999993750790955
1.0000015466141632
0.9999984036056986
1.0000004828709164
1.0000007272891052
1.0000033413481624
0.9999995767763394
1.0000006570610167
0.9999988342404971
1.0000001125995155
1.0000045031446192
1.0000009592963055
0.9999990713087514
1.00001451800199
1.0000007247393043
0.9999990818559956
1.0000002463109592
1.000001063583386
1.0000003175714811
0.9999927753817527
1.0000000611876294
0.9999998620110554
1.0000028742821454
0.999999958579862
0.9999994650210565
1.0000009403666967
1.000001638941961
0.9999975160817465
0.9999995376857049
1.0000006241056016
1.0000008389912713
1.0000057682678394
1.000041365840865
0.999999771462705
0.9999694564504665
0.9999999917649995
1.0000007050482698
0.999999800976961
1.0000045774636603
1.0000026445466297
0.9999993053610626
0.9999980324648329
1.0000000042657426
0.9999875059209355
0.999998817994218
0.9999993170235654
1.000002864517278
0.9999988342205691
0.999999716835922
1.0000028303167903
0.9999988978083408
1.0000009959612475
0.9999998711595538
0.9999986382629213
0.9999985277581154
1.0000007759475302
0.9999993541864175
1.0000001417013686
1.0000009384750417
0.9999996317806913
1.0000013315236032
1.0000009589890613
1.0000002264320962
0.999999434063206
1.0000008810338732
1.0000009182429501
1.0000009070753773
1.0000004838629768
0.9999992860128827
0.99999969330222
0.9999997426614977
0.9999998130341431
0.9999985087829071
0.9999996952463587
0.9999983514486339
1.0000005138891748
1.0000009480485108
0.9999999550554577
0.9999987886265235
1.0000009476968224
0.9999979085375882
1.0000000272096916
0.9999992847033012
0.9999995494389098
0.9999999431996619
0.9999998018038971
1.0000000691972988
0.9999995348416282
1.000005175907862
0.9999978915469089
1.000000974677988
1.000001569427968
1.000000954984579
0.9999996725796003
0.9999992951481448
1.0000000911589062
0.9999919937909326
0.9999836897241339
1.0000008490865662
1.0000007859117979
0.9999998048756357
1.0000010701452777
0.9999983667632044
1.0000016525544055
0.9999957489888054
0.9999990710550412
1.0000006541718667
0.9999974344205529
0.9999988674711366
0.9999984549205274
1.0000012332953374
0.9999987356612218
0.999999987720311
0.9999993246543032
0.9999995629685642
1.0000017903384202
0.9999991350807012
1.0000012633423452
0.9999996011900448
0.9999998345179689
0.9999990110122132
1.000000798489303
0.9999995390106441
1.0000014685970622
1.0000009416629612
0.9999996211105121
0.9999999518346283
0.999997774263788
1.0000006926662497
0.9999994636456818
0.9999993910045055
0.9999963399609776
1.0000021923095905
1.0000063046427667
0.9999991948515821
0.9999990688029968
1.0000055666762155
1.0000294657507547
0.99999923074115
1.0000013602129743
0.9999996361960017
0.9999990384153066
0.9999993350098519
1.0000017446914986
1.000000982684673
1.0000016363395237
0.9999487625381228
0.9999988584989395
1.0000015516070346
1.0000001775436935
1.0000017862344923
1.0000039363081157
1.00000000776839
0.999999356336937
0.9999999853754694
1.000007247244566
1.000001159732838
0.9999996671605175
0.9999993542384825
1.000000345775986
0.9999991325496588
1.0000001899339919
0.9999956616926966
1.0000012614462084
1.0000030032112128
0.9999843014250426
1.0000012251043922
0.9999988460463896
0.9999997376813109
0.999997433334522
1.0000012716010844
1.0000008341563547
0.9999996898407357
1.0000000904764166
0.999998928457998
0.9999998199797118
1.0000004497360435
1.0000006168439368
1.000000532060708
0.9999979443006454
0.9999980270626361
1.0000001934027527
1.0000004081554332
0.999998502062107
1.0000014406933322
0.9999995341067701
0.9999992642541091
0.9999982929978916
1.000004641561829
1.0000003117595149
0.9999991457757046
0.9999988413495563
1.0000023501786148
1.0000013400329268
1.000000164777128
1.000001418541629
0.9999995611993104
1.0000010764769751
1.0000016945858092
0.9999990934874742
0.9999995360444728
1.0000012945323564
1.00000386117392
0.999999576870312
1.0000118149592911
0.9999997130897741
0.9999996566141481
0.9999993958287552
0.9999990205166743
1.0000021219464432
0.9999989189485702
0.9999991744633021
0.9999986633036071
0.9999995854558249
1.0000006555952998
1.000003304362584
1.0000012877444908
1.0000006748594596
1.0000019199380865
0.9999992100625099
1.000000341005165
0.9999946225414496
0.9999980770306546
0.9999999548260106
0.9999999953508405
0.9999995611104033
1.000000269897888
0.9999990321898649
0.9999861371230064
0.9999990274561088
1.0000453209175888
1.000003760462251
1.0000064168517813
0.9999982515661373
1.000000487752244
1.0000019395076027
