0.9999394883280686
1.0002167985793433
1.000149024591509
1.000730145722502
1.0002032288384115
0.9999387826046416
1.0005030744762156
1.0002021178542029
0.9998788505454475
0.9998725110875215
0.9998541843548335
1.0003685445837498
1.0000679955229528
1.000453782705523
0.9998862880111834
1.00009630418377
0.9998987752960605
1.000634573444328
0.9999183709019285
0.9989339024736176
1.0000257763786042
1.004678273019991
1.0007522356944705
1.003083172476559
1.0004464323993045
1.0000510922626547
1.0001667326853692
0.9999424461374071
0.997852089456867
1.001230030927212
0.9999473106681473
0.9902747571573072
0.9998806601891179
1.000566219769063
1.0000054676076264
0.9998780490163421
1.000066913774722
0.9999053981213464
1.000459736338024
0.9999310194494545
0.9999731499495951
1.0005560839143584
1.0006148460813964
1.0000986624054027
1.00023522439019
1.000559131757743
0.9999837113655087
1.0000230936154857
0.9985256869967926
0.9998844785036687
1.0000540322205658
1.0001833737472132
1.0000906548188595
1.0002879732803307
1.0001624328790328
1.0007854059344607
1.0000992765949426
1.0213307446835502
1.0001075939092041
1.0004550922517648
1.000159892922846
1.0007593627604014
0.9999257788521967
0.9999959990967681
1.0062738342601596
1.0000438364234916
0.9998116944726066
0.9998958296057494
0.9999174267857455
1.0028077545337346
0.9997450756688692
1.0000237166971344
0.9999703957019551
1.0009242530784905
0.9999664712785786
0.9998304267889261
1.0012927020310016
1.0003267670755691
0.9995992211477096
1.0000798127113462
1.0000595730356587
0.9999008754950238
1.0000961454649704
1.0003015453119268
0.9998623127708475
1.000121498713534
1.0001488484422048
1.000434017316382
0.9990240977788349
1.00103008231601
0.9998977036268623
1.0002870112061024
0.9997622809902078
0.9998562609248609
1.000577585708265
1.004112036194851
0.9993770820121243
1.0000793653378808
1.0004459253472178
0.9997839690238413
1.0001912194015246
1.0000999352876851
1.000072879222333
1.0002026114018163
1.0006307416869116
1.0001697139503407
0.9995747356528195
1.0000883124540079
0.9996107423378607
0.9999891599836389
0.9996841005076863
1.0001038211028095
1.000183497837754
0.9998511586648791
0.9998613099455098
0.999645946455723
0.9828408342007148
1.0012186113338817
0.9999324163587754
1.000358971082896
1.000110631532566
1.000068048036835
1.000078042810652
1.0004429221601192
1.0016809713890984
0.9998189839313675
0.980400942864489
0.9998499603341957
1.0174509888089682
0.9994560092596894
0.9999941748866158
0.999887949784422
0.6171765174316889
1.0000003349894315
0.9997969143694414
1.0000354511988387
1.0003737533644976
1.000109262217324
0.9996575370539658
0.9999751011669172
1.0007122505237784
0.9998872853756061
1.0003548348156988
1.0000302752117816
1.0000493970623696
0.9999196492799619
1.0004543461628783
1.0003167403646434
1.0017283572247848
1.0004496873771804
1.000390712818372
1.0062281004465912
0.9996612091628039
1.000289664133305
1.046043565019785
0.9999439235311268
0.9998902862938635
1.006525664096529
1.0004377703084821
1.053856414852716
0.9999527421557687
1.0005600641342036
0.9998095045279732
0.9999817407743986
0.9994428556284343
1.000049062260193
1.000494288034259
1.00000905667187
1.0007564210002893
0.9999535195582422
1.0000760003744222
1.0000042129028812
1.0000860005492709
0.9998490400101137
0.999840813453574
1.000026667184958
1.0002772080432185
1.0004100082350544
0.9995878083527195
0.9998144604647397
0.9998814258745714
1.0019495846463442
1.0001860567887397
1.000114152049805
0.9084810894674098
1.0001045342938542
0.9998471052927317
0.6261577525758665
1.0001285277404337
1.0000733337859649
0.9957426238722125
0.9998586234787091
1.0001146430739956
1.000033903304361
1.0002067137361073
1.0156285083973549
1.000085187703241
1.0002670781884841
1.000159209178884
1.0006055966627503
0.9992569286796911
1.0005065120044638
1.0005951695040156
1.0000834611034117
0.9999458957097632
1.0000296891154732
1.00012263738017
1.0000030251517642
0.9998951413703404
1.0005172427827058
1.000250491926838
1.0009869527018274
1.0003285763014393
0.9999083480375915
1.0000570870506282
1.0001385839346353
1.000292503583962
1.000286155777448
0.9998404112625748
1.0005409514079255
1.0003063047269416
0.9994998433292553
1.000052574853797
0.9998793923966619
0.9997890559933091
0.9997949340979434
1.0000623962736794
1.0002225959529514
0.9998644036490405
0.9998712102437812
1.0001033193003817
0.9994239334994702
0.9982813076398965
1.0009623699068468
1.001003101829395
1.0009209303835096
1.00043495310182
1.0000399418738177
0.9998217666860387
1.000837445353588
1.0016820020381016
1.0007424374866758
1.0049081800174307
0.9998597021391292
1.0137105868286473
1.000508494824564
0.9998783830215048
1.0002712436839467
1.000279053939103
0.9998369122273089
1.0001322517753646
1.0046851204330982
1.0001099948005454
1.0014741996519234
1.0002060549920884
0.9998955961887688
1.0000877329966271
1.000632580369106
1.0005857403484704
1.0002655503587312
0.999340667050665
0.9998786981725539
0.9986658404458516
1.0002343052537057
1.0091347750896345
0.9994172628755627
1.0002154603110103
1.0017279118406832
0.9998604849650559
1.002969205718129
0.9999408034804318
0.9999832790284956
1.0000005147608737
0.9998304094805462
0.999881338385703
1.0000088284970845
1.0011814050065166
0.9998859024793516
0.999904200470206
0.9998917924358255
1.000431679922884
1.0002814082615925
1.0001148229180632
1.000339515244031
0.9999188166434093
1.0000717307933433
1.0007197920496904
0.9999881418555264
1.0001564907230514
0.9999265337370689
1.0001241350988312
0.999859800624697
0.9999548491439169
0.999953679892192
1.0305619969283348
0.9994056869596134
1.0000229950238975
0.9997568243557806
0.9999734634441834
0.9990508833200747
0.9998940264219774
1.000221530105284
1.0000329455057244
0.9997922153081827
1.0054840973840384
0.9999542502365082
1.0005313277112882
1.0008083392979945
1.0015005727041228
1.0001958154767518
1.0005783599818168
1.0001174026803417
0.9998657669000681
0.9970709158165337
0.999902598509582
1.0011524283004911
0.9999365964534314
1.000332392366408
0.999858263429026
1.0001294852375238
1.000737888062241
1.0001284800348307
1.0005399875751668
1.0000111484736078
1.0000530100278753
1.000116029690662
0.9998778229133478
1.0067204798882412
1.000326873821994
0.9997980450683704
1.0037348407558833
0.9998901979190044
0.9998414926806691
0.9998960538112075
0.9983259830122838
1.0014302395963741
0.9999387058368969
1.000302986695477
0.9999475412699163
1.0007633328141
1.0000401817300788
1.0008833657766445
1.000009806411958
1.0016727421671185
1.0003254426736377
1.0006033147120468
1.000434691616653
1.0003644173567698
1.0003730959371662
1.0000521852392044
1.0005496778958565
1.0016624472157325
0.9992984885887224
0.999987997139176
0.9999894095584709
0.9999310996992172
1.0002402457055166
1.0008248272439577
1.0007701196553487
1.0006070105384333
1.0004196669556227
1.0002062625431576
1.00024197435159
1.0000588384996802
1.0026346974214162
0.9998791385466205
0.9998785406481111
1.0036187328692376
1.0000647814641235
1.000108043464865
0.999679621909401
0.9999664535385704
1.0000986964826373
0.9998670629720694
1.0000873871527134
1.0007193240908228
1.0000051552243023
1.000475792431146
0.9999691909207014
1.0003601546480874
1.0007375617386378
0.9995372379867505
0.999529215588235
0.999986214238661
1.0006664511073393
1.0020152642171158
0.9998088665709348
0.9999757677757237
0.9999957110876081
0.999324045717854
0.9998952110678027
1.0015424600855654
0.9999052379715796
1.0029557020493454
1.0031189786879908
1.0000516735423628
0.9999264198612833
1.0006015522036436
1.0000699111750864
0.999870648324414
1.000037525038816
1.0007395219515367
0.9997154561770991
1.0000460990860258
0.9998041732351329
1.0006250368062963
0.9999311539736732
1.0006192992566567
0.9995056499473435
1.0001413945166162
1.0001472524600965
1.0002797293559145
1.000038481623834
0.9998406787736663
1.0000614088179278
1.0011194937230834
0.9997219959203282
0.9998949501545368
1.0016636007936552
0.9987468249308001
0.997879114233951
1.0007766489444838
0.9999131076096905
1.0000431912325414
0.9998565357506576
0.9985389642263053
1.000095692406578
0.9999130943166157
0.9999111762785984
1.0004623202297567
1.000363917809301
1.0000918385869633
0.9986890069177513
1.000082016957661
1.0021597408170757
0.999729195504635
1.0001169337898077
1.0002737928764833
0.9999929414324115
1.0026218576779513
0.9998349885479153
1.0014965453371603
0.9998449565391587
1.0011073673719644
1.0003436883089596
0.9999488513502658
0.9998653831416136
1.0003697250735102
1.0002274906961515
0.9999935370292865
0.9972122580815781
1.0017129086645613
1.0000722733155474
1.000036822120011
0.9992483220953989
1.0013540082856298
1.0000782999642424
0.9998630123859621
1.0001012127107975
1.0010869173747052
0.9998076875021525
0.9998277306998591
1.0000890246727074
1.000234587531549
0.9999664581903442
1.0004201645622661
1.0005183345492734
0.9993005705383262
1.0001049929926564
1.000042436000564
1.0001113211641257
1.0014309478370806
1.0000435768319957
0.9999763729856556
1.0004177219590484
1.0009542469592307
1.0002178739612706
1.0001073263334452
0.999941766727613
1.0002435589665464
0.9997869378502061
1.0010401696540487
1.0000827276104622
1.0000025091503026
1.000969556328896
0.9999423730577914
1.0004412621585543
1.0011805328175791
1.000220171036907
0.9998153106313493
1.0001131366339917
0.9998244965523687
1.0000116148046863
1.0000289454648754
0.9999531036579795
0.9996605768506127
0.9996600726819848
0.9997740412374048
1.0004833070345835
0.9981313379047313
0.9999300613490094
0.9980528037822083
0.9999213292353685
1.0006838558394746
0.9998432209021987
0.9998248218458312
0.9999389164553196
0.999730196752749
1.0005899099762567
1.0008062389059689
1.0004616808485371
0.999732995467184
0.999809278732373
0.9998484654377675
0.9999974694306146
0.999837445257542
0.9998316626539705
0.9999099818627825
0.9998724537909875
1.019577264256865
1.0005017852002953
0.9995325495909883
1.0011860726451194
1.000186519566133
1.0001273045277768
0.9999637651370072
0.9999731972177617
0.999952056113101
0.999997784055247
1.0000824155421082
1.000042696496191
1.0002267703383543
0.9999144555753747
1.0013324479157732
1.0001908494257612
0.9999013908830775
0.9995870154550968
1.0031870131396647
1.0004040145976612
0.9998793102235622
0.9996483519341383
1.000963443570093
0.9998925635721222
0.999982806651144
1.0000013114815411
0.9998928410185196
1.0003486279309328
0.9999732245549644
0.9997681111998183
1.0007117201544447
0.9998434543298822
0.9994112865517272
1.000253748693229
0.9994888719477214
1.0004860982530808
0.9992431658321124
1.000024457698473
1.0036605634404123
0.9999387310709451
1.0005485436750983
1.0001181933472827
0.9999827445864051
1.0004276758097446
1.0000888594155313
1.000098744360505
0.9999876772368732
1.000327501769532
0.9996166425171126
0.9999420663341864
1.0000387455159558
0.9999267942721514
0.9999521457327517
1.0002413989184746
0.999993101322345
1.0000839015968974
0.9998700225023022
1.0003019263162403
1.0002289963574056
1.0000573821536878
1.0014088730692952
0.9984324805220933
0.687100556721783
0.9999788365535645
0.9998786709734923
1.0015505935065896
1.0000229209740061
1.0000052581584216
1.0006047644405984
0.9999298450597578
0.999352384263933
0.9998611903384449
1.0006940305652225
1.0004170660303144
1.0003325904167113
1.0000020904817821
0.9999993515665523
0.9996919653638453
1.0003212993816906
1.0014571556279022
0.9999756450247199
0.9999829290310752
0.9999867287306415
1.000543835630993
0.9999464079949587
0.9999712990309997
1.0005128642487369
1.0093704198724256
1.0002044150345069
0.9992363265386117
0.9998669248052451
1.0000540925144317
0.9994052724797199
0.9999535251662932
0.9998373054819861
1.0001789733408515
0.9995906121761977
0.9999582832608972
1.0009952187548157
1.000239650576437
0.9998076049893769
0.9977015934728178
1.000486695794275
1.0005748668710939
0.9998693940807776
0.9998355122862267
1.0000394628742417
1.0005187063682834
1.0001705446551303
1.0121692040332861
0.9999723201388284
1.0010162080075815
0.9999919752660479
0.9992848876926672
1.0018439837392408
1.0009493976518793
0.9923796022261535
1.0006665636209686
0.9997787599600404
1.0004366881299636
1.0009962376276516
1.0003346603936982
0.9990359953350959
1.00015239889545
0.999915072695533
1.0094803392268972
1.0005688676670856
0.9922100949650366
0.9998419572186592
1.0000525549162012
0.9998283422308126
1.0009494004907884
0.9998179799441033
0.9991636940376373
1.000185085881564
1.0001264774024194
1.00017943742827
0.9998373896875768
0.9998529446237767
0.999848474881405
0.9998515784450629
0.9998581783926843
1.0003092164913432
1.0003607329864312
1.000104614813303
1.000133828271058
1.0002609716467707
0.9998723369926052
0.9998110705006259
0.9998961753240801
0.9998719079202449
0.9999702441019218
0.9997080232710692
1.0000492782506625
0.9997679599542395
1.0004820291780503
1.0003617021736142
1.0001187607891977
1.0002981174667065
0.9999645989260124
0.9995823474664992
1.0000783074647206
0.9965738367980432
1.0000629962485024
1.0001938181238843
0.9997423759304002
0.99999165082311
1.0000079836567968
0.9998481268329324
0.999983840238298
0.999796317523976
1.0001213627282377
1.000999643678929
0.9999570505163301
0.9981606158186654
0.99994139463576
0.9998293019694979
1.0001842067315063
0.9998949877781192
1.0008470412758534
0.9999458126460635
1.0006257702817887
1.0001113646208786
0.9997665337010939
0.9998665684062085
1.0111308992518149
1.000510835219751
1.0013873426373217
1.0002390036243745
1.0031244306554037
0.9997478754977704
1.002889141672022
1.0002231000496704
1.0006286046506276
0.9998941825909023
1.0000582340067332
1.0000781416789872
0.9994087099902114
0.9999309567223432
1.0011265319773832
1.0000245472050202
0.9998117218165145
1.000373301300876
1.0014037579161916
0.9988685318360094
0.9993976553038681
0.9998706427774716
0.9998517913279995
1.000076844748623
0.9997463065958123
1.0005947333735272
1.0000277264948625
0.9996711183573317
1.0011300837418702
1.001217653868652
0.9997271634156218
0.9997630641795087
0.999933581146179
0.9998870004837321
1.0003407025851947
0.9999749049875857
1.000370712341659
1.000410730154284
1.0000973544075382
1.0000906268611733
0.9996880804179149
1.000803189873989
0.999884294941664
0.9999912443705067
0.9974964760553003
0.9890211134449008
1.0000325006252981
1.0000304249235283
0.9998418649692207
1.0004783483657211
1.0002612277519882
0.9996132981538082
1.0001424440375921
0.9998841024944127
0.999344941194396
0.9998900008799869
1.0005488359421895
0.999829714000639
0.9998948597777628
0.9998030924281035
0.9999172706262577
0.9996650744926309
1.0004404995971028
1.0007661840547686
0.9996006298443028
1.0000514267667098
1.0002396453705444
1.0004354772325628
0.9997076975277371
0.9994704346198845
1.000388104219979
0.999748865054683
0.9999906057678228
1.0846209672172977
0.9997837222980633
0.9993706672278675
0.99999267127784
1.0005566711239577
0.9999414126240267
0.9990095385969233
1.0000057134147757
1.000542075471851
0.9997608931090826
0.9998455413594067
1.0000004258673738
1.0001113763351321
1.0005615144790576
1.0000488830121663
1.0001683413264704
1.0001910663849987
0.9997917491475373
1.0004814053232625
0.9950441409417048
0.9999431132782683
0.9933856667324977
0.9999999357044737
0.9998720926385206
1.0000309662647422
0.999961652802091
0.996824064731484
1.0001298152612101
0.9998227862929011
1.0003404787016998
0.998967435754839
1.0011253205603015
0.9999027704437481
1.000522635317212
1.0000646559942017
1.0000476132710272
1.0002136756877427
0.9999913812736538
1.0009262512288064
1.0009036520951053
1.00079799212398
0.9998882603238318
1.0017360097199697
1.000025586400569
1.0000179747663445
0.99964161954739
0.9998661544786267
0.9998137309347934
1.0000627341968562
1.000453470993725
0.9999614945286369
0.9999535910770095
1.0003447283008349
0.9999940174676478
1.0004067502829872
1.0029186030862867
0.9998901490135632
1.0000286814408759
1.000368890342357
1.0000977294254811
1.0000543725665145
0.9997996405253422
0.9999324761039204
1.0001149033888543
0.9999748805169681
1.0000975638183294
1.0008104426661655
1.000615199135477
1.0005894304911458
0.999893326607446
0.9998789822773176
1.0007758123480703
0.999957441626852
1.0000495725612215
0.9999057462223384
1.002739728696951
1.001476280433638
0.9999718917670973
1.000001716317927
0.9998591054082357
0.9998858084505591
1.0000247631190669
0.9999462436076646
0.9989257862064452
1.002267045016472
1.0003127469821826
0.9997846715326617
0.9999541679205309
1.000065270075941
0.9995071970002951
1.0005595040338569
1.000754079407341
1.0002734588244717
0.9997929470835286
1.0009462036563277
1.000383539599702
0.9997706609055368
1.0000702249872477
0.9998563853258124
1.000617499237694
0.9995061227075964
0.9999069961936751
0.999779401879099
1.000353107428559
1.0000089138945896
0.9999974934459234
1.000071755051381
1.0001003702114548
1.0001093210700966
1.0000650171533423
0.9998821630689498
1.0018595534851382
0.9998832680785189
0.9999808078732885
0.9999337472303113
0.9998635453736098
1.0003106264245483
0.9998466472851301
1.0011807680679208
1.0006861584962943
1.001432728125872
0.9998920282045345
1.0001885167354636
1.0017974532345237
0.9970692360183359
0.9997358555158773
0.9994748264358098
1.000030599185501
1.0005025242855996
1.0000168114741719
1.0005838273648542
0.9999446832732479
0.9997013166719444
1.0135921833775638
0.999888841004433
1.0008898989718225
1.0004006276827437
1.0000237069047546
0.9998019314880524
0.999877362688599
1.0003236649790157
0.9999576679956703
1.0004872965387595
1.000217750896702
0.9999751623078597
1.0001014429780337
1.0000690112591315
0.9999564720705479
1.0002263469138846
0.9992289032417128
0.9998736605072757
0.9994544538750214
1.0010328397663377
0.9998919464926425
0.9998235333702241
0.9995820119039069
1.0007766941412917
1.0008384651380688
1.0007636965112592
1.0014129101540994
0.9999581687520627
0.999964344380777
0.9998319022774563
1.0002822304490344
1.0001091714708543
0.9999332661784168
0.9997300924096195
1.0008687643312864
0.9998892944736768
1.000447168849098
1.000249575460865
0.9999126421228507
1.0002736444650193
1.0047649868205895
1.0001439009782969
1.0010113249392991
1.0000279015324516
0.9998549369529376
1.0003339556994932
0.9998259161083625
1.0000606882970482
1.000443568998155
0.9997452601274014
0.9998505784318402
1.000221990426058
0.9995433548934316
1.000539468781097
0.9999412176015903
0.9998988504497974
0.9999859015977961
1.0013764908704643
0.9990952054592426
1.000373597840689
0.9998947136134886
1.000016540723471
1.000104812951889
1.0004326831892925
0.9999862475037761
0.999911807688272
0.999471653176833
0.9999320823909599
1.0000686389236506
0.9995698692603778
0.999314143093613
1.0004862386688123
1.0000110152920292
0.9998851266437283
1.0000416238633385
0.9993899198786254
0.9998916035240956
0.9999566090245431
0.999794104118349
1.0000272429531694
1.0007647089233724
0.9999419257184166
1.0001191459544556
1.0002209080560798
1.0009912132889172
1.000096436762571
0.9997374944469781
1.0024676717759193
1.0006611057396897
0.9995971062979252
