1.0000000002024299
1.000000000568039
0.9999999999168045
1.000000003714824
1.0000000004621188
0.9999999998525864
1.0000000002832914
0.9999999996476521
0.9999999998220667
0.9999999998394283
0.9999999993743854
1.0000000019163395
1.0000000003695964
1.000000001771022
0.9999999996732658
1.0000000001845646
0.9999999995597157
0.9999999989434566
0.9999999998057013
0.9999999991526501
0.9999999998337777
0.9999999989334223
1.0000000048636615
1.0000000215867755
0.9999999996426313
0.9999999999909047
1.000000001502367
0.9999999999826031
0.9999999960845657
1.0000000006817087
0.9999999994394997
0.9999999768647952
0.9999999997011173
1.0000000030565266
0.9999999998857171
0.9999999996016236
0.9999999996608018
0.9999999998756844
1.0000000027708904
0.9999999998461188
0.9999999997463732
1.000000002716123
1.0000000045039183
1.0000000016803012
0.9999999988785938
1.000000000273969
1.0000000003547214
0.9999999991527053
0.9999999964855838
0.9999999999290036
0.9999999997191585
1.0000000006042997
1.000000000032279
1.0000000010251084
1.0000000016726012
1.0000000040896773
0.9999999998701945
1.0000001170559785
0.9999999999155691
1.0000000021085202
1.0000000010127261
1.0000000040140067
0.9999999998738041
0.9999999997698252
1.0000000175103247
0.9999999997696283
0.9999999996136315
0.9999999993814112
1.0000000003075373
0.9999999972952948
0.9999999996819678
1.0000000011825376
0.9999999998097671
1.000000004910317
0.9999999996383985
0.9999999995987738
1.0000000018741497
1.0000000020891913
0.9999999988208707
1.0000000010468948
0.9999999996122949
0.9999999998168457
1.000000000069531
0.9999999999019569
0.9999999995752571
1.0000000002940044
0.9999999998297232
1.0000000017556285
0.999999995960906
1.0000000064049321
1.000000001502819
1.0000000022847009
0.9999999997468579
0.9999999997331944
1.0000000013630221
1.000000037686221
0.9999999987075143
0.9999999995241797
1.0000000027457387
0.9999999996162094
0.9999999998167329
0.9999999996779044
0.9999999996203892
1.0000000024644362
1.000000004148121
1.0000000015221575
0.9999999996982246
1.0000000003329685
0.9999999995930473
0.9999999999251168
0.9999999996757483
1.000000000093007
1.0000000014177233
0.9999999996887321
0.9999999994667061
0.9999999995961553
0.999999986245622
1.0000000027138711
1.0000000000174152
0.9999999978068923
0.9999999998937358
0.9999999999120986
0.9999999998149834
1.000000001267667
1.0000000019532242
0.9999999994831444
0.9999999636265341
0.9999999997669575
1.0000000022820374
0.9999999994220473
0.9999999997375855
0.9999999995519511
0.9999976423925828
0.9999999999569942
0.9999999998000858
1.0000000005763243
1.0000000028645684
0.9999999998312302
0.9999999992521115
0.9999999998840231
1.000000003327989
0.999999998837913
1.0000000022617956
1.0000000001239864
1.0000000012490202
0.999999999636462
0.9999999998946729
1.0000000024240532
1.000000007205668
1.0000000025230957
1.0000000012729926
1.0000000455358815
0.9999999994537815
1.0000000020771567
1.0000002083414294
0.9999999996696449
0.9999999995097825
0.9999999918809652
1.0000000016235382
1.0000002967281307
0.9999999989902203
1.0000000021935262
0.9999999994795327
0.9999999994174367
0.9999999984872668
0.9999999994862379
1.0000000013423482
0.9999999998703909
1.0000000024554099
1.0000000001759188
1.0000000008964276
1.0000000004973606
1.0000000001813476
0.9999999995564737
0.9999999994736449
1.0000000010289876
1.000000001675239
1.0000000005974448
0.9999999991979726
0.9999999998488182
0.9999999988428027
1.000000009500764
1.0000000013670423
1.0000000001859672
0.9999994486888051
1.0000000008098686
0.9999999997063987
0.9999981318850147
0.9999999993763141
1.000000000187897
0.9999999608124067
0.9999999997946988
0.9999999994237337
0.999999999863311
1.000000001752731
0.9999999956139592
1.0000000006445438
1.0000000011450363
1.0000000016832704
1.0000000031845042
0.9999999972238862
1.0000000036875565
1.0000000042780195
1.000000000563125
0.9999999998847642
0.9999999997310859
1.0000000002061196
0.9999999998325529
0.9999999996239763
1.000000002921888
1.0000000012017078
1.0000000053481206
1.0000000023604738
0.9999999998909245
1.0000000000587606
0.9999999995424312
1.0000000008104593
1.0000000011250763
0.9999999991515959
1.0000000026543787
1.000000000448268
0.9999999988588695
1.0000000003597038
0.9999999998270018
0.9999999990347586
0.9999999993296367
0.9999999999181177
1.0000000014774681
0.9999999996879793
0.9999999996802859
1.0000000012534345
1.0000000030583873
0.9999999843899712
1.000000004337453
0.9999999993815577
1.0000000066289405
1.0000000018896853
0.9999999999298604
0.999999999968174
1.0000000041586694
1.0000000070922297
1.000000001475741
1.0000000265980407
0.9999999995610421
1.0000000752764828
0.9999999993543267
0.9999999995779443
0.9999999996765717
1.0000000014518189
0.9999999993269707
1.0000000001366456
1.000000027739284
0.9999999996887322
1.0000000099961872
0.9999999994981245
0.9999999998756911
1.0000000001503542
1.0000000030577427
1.0000000017358661
0.9999999996993537
0.9999999971470405
0.9999999997389456
0.9999999990519869
1.0000000007857552
1.00000003573411
0.9999999988158919
1.0000000006462635
1.000000008779685
0.9999999996457419
1.0000000103808033
0.9999999996505323
0.9999999996643116
0.9999999995595518
0.9999999995918017
0.9999999999795042
1.000000000354506
1.000000008018971
1.0000000012895276
0.9999999976149448
0.9999999998822132
1.0000000034934167
1.0000000001475131
0.9999999993528872
1.000000000052934
0.9999999998096928
0.9999999998759476
1.0000000022434965
0.999999999348758
1.0000000001371623
0.9999999997717548
1.0000000005168939
0.9999999997250782
1.0000000002359828
0.9999999996629245
1.0000000573608028
0.9999999988528978
1.000000000306367
0.999999999988251
1.0000000007048127
0.9999999965492014
0.9999999993944174
1.0000000018693254
0.999999999612064
0.9999999985367838
1.0000000331018613
0.999999999988149
1.0000000039873287
1.0000000032556138
0.9999999949400818
1.0000000006008176
1.0000000001501217
1.0000000012960026
0.9999999993740532
0.999999995320327
0.9999999997195068
1.0000000064305155
0.9999999996163326
1.0000000001739977
0.9999999997053094
0.9999999998517219
1.0000000000940137
0.9999999989204594
1.000000001629551
0.9999999998217095
1.000000000181999
0.9999999998840633
0.9999999995575419
1.0000000067073571
1.0000000012349968
0.9999999990265841
1.0000000090890233
0.9999999998966155
0.9999999997089397
0.9999999997507335
0.9999999968751834
1.0000000125542352
1.0000000000024794
1.0000000010505312
0.9999999998584082
1.0000000056977878
0.9999999994874019
1.000000005943203
1.000000000639571
1.0000000095322619
1.0000000001104794
1.000000003491116
1.0000000025991145
0.9999999999152811
1.000000000806315
1.0000000000692293
1.000000002675703
1.000000013289462
1.0000000003688914
0.999999999464247
0.9999999999498078
0.999999999089915
1.0000000013591102
1.0000000039274517
1.0000000032177259
0.9999999991715917
1.0000000000405718
1.0000000001406157
1.0000000003149139
0.9999999997785862
1.0000000110531106
0.9999999996560032
0.9999999998929756
1.0000000183167546
0.9999999997176032
1.0000000003566363
0.9999999989199024
0.9999999995126113
0.9999999995242592
0.9999999998654847
0.9999999999345868
1.0000000017951987
0.9999999996773699
1.0000000022958722
0.9999999997571893
1.0000000023090316
1.0000000004095226
0.9999999983775177
0.9999999997369132
1.0000000003473934
0.9999999999460137
1.0000000095254649
0.9999999989316695
0.9999999998616402
1.0000000010376138
0.9999999993136917
0.9999999998011353
1.0000000075845492
0.9999999994965587
1.0000000146509034
1.0000000231188226
0.9999999998789172
0.999999999787894
1.0000000058865153
0.9999999998583025
0.9999999988759775
0.9999999997148679
1.0000000037069743
0.9999999978039026
0.9999999998247104
0.9999999998629476
1.000000000339049
1.0000000002618963
1.0000000033602632
0.9999999995914685
1.0000000017169326
1.0000000005186287
1.0000000005040264
0.9999999997819654
0.999999999726989
0.9999999998973116
1.0000000075740687
0.9999999996512734
0.9999999998518101
1.000000007437335
0.9999999961889254
0.9999999937872921
1.000000004620011
0.9999999998669821
0.999999999917644
0.9999999990950961
0.9999999970070077
0.9999999993782533
1.0000000010073038
0.9999999988768159
1.0000000015899935
1.0000000058590959
0.9999999999282239
0.9999999992855216
1.0000000002921774
1.000000011463476
0.9999999998391327
1.0000000009685364
1.0000000019422843
0.9999999977493714
1.0000000180656743
0.9999999995555642
1.0000000024667166
0.999999998437637
1.0000000059805376
1.000000000879483
0.9999999999022661
0.9999999999116794
1.0000000014195027
1.000000001288861
1.0000000001097396
0.9999999879405707
1.000000010700155
0.9999999997915302
1.0000000008188041
1.0000000100032131
1.000000006179005
0.9999999999346482
0.9999999998310393
0.9999999996746388
1.000000003494317
0.9999999982602988
0.9999999997144817
0.9999999997628599
1.0000000008896457
0.9999999999263481
1.0000000031116343
1.0000000010668524
0.9999999986177154
0.9999999997903705
0.9999999999863863
0.9999999998283943
1.0000000037371417
0.9999999998576873
0.9999999996397476
1.000000001492856
1.0000000003301217
0.9999999999006801
1.0000000006661793
0.9999999998171034
0.9999999997705595
1.0000000004890457
1.000000006423661
0.9999999998213004
0.9999999997650857
1.0000000021523694
0.9999999996714597
1.0000000053308864
1.0000000035366028
1.0000000011246981
0.9999999998622439
1.0000000007170466
0.999999999068936
0.9999999993239056
0.9999999993153519
1.0000000002485299
0.9999999993993439
0.9999999986960809
0.9999999992735654
1.000000002637255
0.999999996651839
1.0000000010417724
0.9999999947687032
0.9999999997040065
0.9999999998723638
0.9999999999356834
0.9999999998669129
0.9999999998446745
0.9999999994903619
1.0000000020139297
1.0000000051197628
1.0000000017029926
0.9999999993480639
0.9999999997690536
0.9999999989637236
0.9999999997623975
0.9999999995045545
0.9999999997490869
0.9999999998119671
0.9999999996466072
1.0000000052162246
1.0000000013430932
0.9999999968555383
1.000000004988586
1.0000000000064835
0.9999999998069277
0.9999999998618428
1.000000000179226
0.9999999996315427
0.9999999997619569
0.9999999995787284
1.0000000001091818
1.0000000008566423
0.9999999998311109
1.0000000005203589
1.0000000010811112
0.9999999997665977
0.9999999996224685
1.0000000187444211
1.0000000023525955
0.9999999996818714
0.9999999993232875
1.0000000041245554
0.9999999998257414
0.9999999996821001
0.9999999995687113
1.0000000000228169
1.0000000012548629
0.999999998962145
0.9999999995132796
0.9999999991255705
0.9999999998017096
0.9999999996926285
0.9999999993791465
0.9999999972523532
1.0000000031374316
0.9999999994177641
1.0000000003264504
1.0000000257481905
0.9999999998522794
1.0000000028058513
0.9999999998578115
1.0000000004572298
1.0000000021909767
0.9999999989754089
0.999999999992622
0.9999999998287911
1.0000000001909544
0.9999999998315592
0.9999999996619775
0.9999999997310616
0.999999999806716
0.99999999993784
1.0000000006751488
0.9999999997977915
0.9999999994212737
0.9999999999191681
1.0000000016714166
1.0000000006133325
0.9999999993781704
1.0000000075253714
0.9999999950482514
0.9999997592820181
0.9999999997872131
0.9999999996692019
1.0000000066099246
0.9999999998349559
1.0000000001979052
1.000000001606266
0.9999999999981851
0.9999999982961034
1.0000000014114125
1.0000000027474458
1.0000000024043598
1.0000000002113532
0.9999999999583092
0.9999999997777035
0.9999999996750927
1.0000000001061282
0.9999999982256519
0.9999999996534279
0.9999999998184979
1.0000000003791087
0.999999999962075
1.0000000004751182
1.0000000001851925
0.9999999998551752
0.9999999956607081
1.0000000000317917
0.999999999014041
0.9999999997129368
0.9999999997925629
0.9999999994079446
0.9999999997123513
0.9999999993948009
1.0000000003459002
0.9999999998575727
1.0000000009707464
1.0000000031123426
1.0000000003103973
0.9999999997005874
0.9999999972482916
1.0000000040975938
1.0000000018858188
0.999999998244632
0.9999999996632618
1.0000000004601204
1.0000000007792578
0.9999999999385265
1.0000000601917711
0.9999999999202742
1.0000000060782253
0.999999999919536
0.999999998456789
1.000000000261417
1.0000000047313238
0.9999999922718871
1.0000000021136586
0.9999999982235115
1.0000000022382425
1.000000005843104
1.000000002065804
0.999999997529211
1.0000000060594516
0.9999999999055145
1.000000047769562
1.0000000017928494
0.999999996041358
0.9999999998597014
0.999999999931669
0.9999999994865081
1.000000003143862
0.9999999996569837
0.9999999989745555
0.9999999996436154
0.9999999999628432
0.9999999998842122
0.9999999993779922
0.9999999996178014
0.9999999993893695
0.999999999969223
0.9999999998149267
1.0000000018759112
1.000000001688484
1.0000000000130758
1.0000000026171447
1.000000002335101
0.9999999999150784
0.999999999332231
0.9999999999754348
0.9999999995263169
1.0000000000706748
0.9999999996484802
1.000000000324874
0.9999999992233972
0.9999999984081406
1.000000001376722
1.0000000006235525
1.0000000017217
0.999999999820196
0.9999999995815785
0.9999999992731815
0.9999999949920687
0.9999999999323383
1.0000000011779744
0.9999999992633432
0.9999999998072051
0.9999999996657021
0.9999999996771941
0.9999999995676536
1.000000001235363
1.000000001047783
1.000000004067182
1.0000000005090568
0.9999999975334617
0.9999999993942853
0.9999999998695555
1.0000000007096121
0.9999999997206266
1.0000000053394922
0.9999999998375066
1.0000000038608146
1.0000000003414986
0.9999999983419107
0.9999999996264428
1.0000000723870626
1.0000000000988571
1.0000000035056245
0.9999999999843738
1.0000000122495512
1.0000000019196778
1.0000000136980143
1.000000001709283
1.0000000013347703
0.9999999994740877
0.9999999998627354
1.0000000000827372
0.9999999992519797
0.99999999945748
1.0000000008702064
0.9999999998513994
0.999999999566519
1.000000002141173
1.000000018430048
0.9999999993694626
0.9999999994115845
0.999999999781011
0.9999999994358699
1.0000000013809491
0.9999999995070246
1.000000005433215
0.9999999998884177
0.999999999528889
1.0000000061234273
1.0000000048694277
0.9999999996403796
0.9999999996481153
0.9999999997488725
0.9999999998008129
1.0000000010407308
0.9999999995650702
1.0000000009800467
1.0000000009694234
0.9999999996138448
0.9999999998051808
0.9999999996251825
1.0000000043774053
0.9999999997454532
0.9999999998348844
0.9999999966903924
0.9999999641219693
0.9999999994125578
0.9999999997481926
0.99999999989867
1.000000002319727
1.0000000016257593
0.9999999980493015
1.0000000002998493
0.9999999997857922
0.9999999988207131
0.9999999994397627
1.0000000037861554
0.9999999996986206
0.9999999999204862
0.9999999993630408
0.999999999737939
0.9999999991331243
1.0000000025462419
1.0000000026641322
0.9999999989063885
0.9999999977202845
1.000000002307579
1.0000000022681268
0.9999999998869042
0.9999999986632933
1.0000000010599397
0.9999999999997664
0.9999999997956796
0.9999999629445046
0.9999999995411742
0.9999999982578354
1.000000002654513
1.0000000036835324
1.0000000001625742
0.9999999940731061
0.9999999996879176
1.000000003055443
0.9999999994674998
0.999999999597784
0.9999999996360089
0.9999999999322589
1.0000000029637912
1.0000000002885454
1.000000000458186
1.000000001638095
0.9999999998568665
1.0000000020851971
0.9999999892924988
0.9999999997435081
0.9999999880467161
0.9999999996893202
0.9999999998220532
0.9999999996849493
1.0000000017467408
0.999999997948665
1.0000000006219552
0.9999999993687348
1.000000001771226
0.9999999953636649
1.000000005536846
0.9999999997356993
1.0000000017387316
0.9999999997829824
0.999999999220279
0.9999999992538228
0.9999999997867928
1.0000000044730613
1.000000000993054
1.0000000014276522
0.9999999986845619
0.9999999994301304
1.00000000062113
0.9999999998076491
0.9999999997878789
0.9999999991181368
0.9999999995848737
0.9999999999342231
1.0000000022457174
0.9999999999339487
0.9999999992079132
1.0000000011023553
1.000000000411186
1.0000000001749283
1.0000000210849302
0.999999999798001
0.9999999997546652
0.9999999991662406
0.9999999998602198
0.9999999998906207
0.9999999999187845
0.9999999998614061
1.0000000010318437
0.9999999995969531
1.0000000001245712
1.000000006503956
0.9999999997766631
1.0000000023228568
0.9999999998111035
0.9999999996280007
1.0000000039807848
0.9999999999165821
0.9999999996638479
0.9999999999091058
1.0000000058137615
1.0000000002830518
0.9999999995351915
1.000000000415547
0.9999999996332228
0.9999999996860778
0.9999999997403937
0.999999999502755
0.9999999975803558
1.0000000055823535
1.0000000000848206
0.9999999994011861
1.0000000002341503
0.999999999764758
0.9999999990189959
0.9999999990863248
1.0000000029324199
1.00000000338462
0.9999999991842702
1.0000000059002234
1.0000000020143893
0.9999999996513631
1.0000000006467173
0.9999999989381532
1.0000000033253151
0.9999999992071766
0.9999999998536492
0.9999999997503006
1.0000000020571922
0.9999999998626468
0.9999999995663267
0.9999999998626441
1.0000000003520453
0.9999999998108012
0.9999999998810822
0.9999999989317897
1.0000000084438183
0.9999999996937388
0.9999999997143169
0.9999999999226727
0.9999999996784285
0.999999998043099
0.9999999994759486
1.0000000004833074
0.9999999998576125
1.0000000122735724
0.9999999996112561
1.00000000120218
0.9999999998933062
0.9999999935503311
0.9999999986586361
0.9999999986034691
0.9999999998706166
1.0000000004495622
0.9999999999735214
1.0000000048045496
0.9999999995666033
0.9999999995606177
1.000000154554064
0.9999999997392589
1.000000006145565
1.0000000023242397
0.9999999997584935
0.9999999995578006
0.9999999996717138
1.0000000025826985
0.9999999995702422
1.0000000031066512
1.0000000000759033
0.9999999993016742
1.0000000008299257
1.0000000007517589
1.0000000001043097
0.9999999998153343
0.9999999991614814
0.9999999998670429
0.9999999992579328
0.9999999982613347
0.999999999565232
1.000000000054453
0.9999999986609177
1.000000003922971
1.0000000020962785
1.0000000002214928
1.0000000084557112
0.9999999999026479
1.0000000001295781
0.9999999997467985
1.000000001982686
1.0000000001334644
1.0000000000744245
0.9999999996971769
1.0000000003619132
0.9999999998669609
1.0000000001574196
0.9999999996867643
0.9999999998972536
1.0000000018577415
1.0000000151082888
1.0000000006955505
1.000000007068402
0.9999999998701968
0.9999999995727059
0.9999999993767212
0.9999999982602112
1.0000000001577478
1.0000000040478005
0.9999999995475981
0.9999999996347717
1.0000000010548533
1.0000000001140583
1.0000000033375203
0.9999999998558219
0.9999999997001512
1.000000001091803
1.0000000088901058
1.0000000035413896
1.000000002080791
0.9999999999841164
0.9999999997624994
0.9999999996939446
1.000000001072036
0.9999999994700604
0.9999999998498201
0.9999999985596321
1.000000000205889
0.9999999993890328
0.9999999993303751
0.9999999977743084
1.0000000002312301
0.999999999519275
0.9999999996558099
1.000000001095263
0.9999999982046096
0.9999999992944624
0.9999999997916105
0.9999999996701724
1.0000000007376582
1.0000000036337755
0.9999999996088483
0.9999999973493208
1.0000000006437129
0.9999999972109602
1.0000000008657208
0.9999999989878102
1.0000000118892194
1.0000000034516714
0.9999999994300597
