0.9999999975136752
0.9999999967262306
0.9999999966134464
0.9999999884466547
0.9999999968780884
0.9999999986690138
0.9999999935212132
0.9999999958392648
0.9999999967541648
0.9999999929160371
0.9999999964611164
0.9999999947066059
0.999999995781355
0.9999999918429687
0.9999999980313045
0.9999999976565774
0.9999999972669165
0.999999991214885
0.9999999981894988
0.999999985548858
0.999999996990903
0.9999999292339847
0.9999999838062501
0.9999999558465729
0.999999989306766
0.9999999939445705
0.9999999963149768
0.9999999985724997
0.9999999673645859
0.9999999876662015
0.9999999970861577
0.9999998284239335
0.9999999978161466
0.9999999909543033
0.9999999978706291
0.9999999946477489
0.9999999965033088
0.9999999978841294
0.9999999911923766
0.9999999980348874
0.9999999983090047
0.9999999891589647
0.9999999894849964
0.9999999947891745
0.9999999885887215
0.9999999906966911
0.9999999956219093
0.9999999934106948
0.9999999695263839
0.999999998366235
0.9999999964957599
0.9999999956595246
0.9999999985012656
0.9999999969207054
0.9999999834409772
0.9999999915545507
0.9999999947627738
0.9999997284497618
0.9999999964666942
0.9999999942369763
0.9999999940970222
0.9999999897865807
0.9999999987642252
0.9999999975488177
0.9999999420772322
0.9999999979526862
0.9999999952743074
0.9999999969055671
0.9999999943471778
0.999999973837725
0.9999999966660122
0.99999999178188
0.9999999974527073
0.9999999885585078
0.999999995918929
0.9999999974934325
0.9999999827758258
0.9999999933219157
0.9999999893510079
0.9999999948416698
0.9999999975530259
0.9999999980816451
0.9999999970747315
0.9999999954367012
0.999999997437447
0.9999999961265406
0.9999999977303266
0.9999999923187137
0.9999999767622574
0.9999999730697553
0.9999999827223898
0.9999999924387756
0.9999999968901819
0.9999999950157777
0.999999992871803
0.9999999053351888
0.9999999874223681
0.9999999898714541
0.9999999926341864
0.9999999969942824
0.9999999970236496
0.9999999967832426
0.9999999967185726
0.9999999933327837
0.9999999860553045
0.9999999890350392
0.9999999951929159
0.9999999975735179
0.9999999921424529
0.9999999972434641
0.9999999944873997
0.9999999982504774
0.9999999940110664
0.9999999924341941
0.9999999969183431
0.9999999954595423
0.9999998726774352
0.9999999877165879
0.9999999978061918
0.9999999832456212
0.9999999965130254
0.9999999987431285
0.9999999980006018
0.9999999931935237
0.999999978360169
0.9999999963900681
0.9999998140150081
0.9999999950143951
0.9999997860373218
0.9999999886843458
0.9999999965461757
0.9999999966289295
0.9999967112997084
0.9999999975345603
0.9999999954343278
0.9999999944155631
0.9999999930343682
0.999999996681244
0.9999999955628994
0.999999998477848
0.9999999896229534
0.9999999918078424
0.9999999947805669
0.9999999983920108
0.9999999952928763
0.9999999971794128
0.9999999917308374
0.9999999909463763
0.9999999617548503
0.9999999922567617
0.9999999955664111
0.99999989327869
0.9999999959351499
0.9999999944930033
0.9999993690097688
0.9999999959134648
0.9999999973853998
0.999999860625604
0.9999999909740289
0.9999993358041839
0.9999999934730083
0.9999999935022057
0.9999999972015973
0.9999999967671928
0.9999999899920093
0.9999999939661235
0.9999999883630442
0.9999999980008724
0.9999999933057437
0.9999999976375159
0.9999999955472721
0.9999999960646553
0.9999999972743729
0.9999999977214497
0.9999999409949558
0.9999999918259392
0.9999999944800125
0.9999999950000508
0.9999999943807845
0.999999995073238
0.9999999923576889
0.9999999760031153
0.9999999918003245
0.9999999961055172
0.9999984156618138
0.9999999885197739
0.9999999976965408
0.9999968667629915
0.9999999953297799
0.9999999964594786
0.9999998475175601
0.9999999984654776
0.9999999952813036
0.9999999984855735
0.9999999947003007
0.9999996912470014
0.9999999925216521
0.9999999957703337
0.9999999940482914
0.9999999903606538
0.9999999858530326
0.9999999918079865
0.9999999875557298
0.9999999960403689
0.9999999981617015
0.9999999964037857
0.9999999947172572
0.9999999977244047
0.9999999971788959
0.99999999310134
0.9999999956437284
0.9999999865642797
0.9999999933596018
0.9999999980979526
0.9999999968646158
0.9999999917016444
0.9999999831033044
0.9999999965569123
0.9999999900030765
0.9999999934122419
0.9999999915026986
0.9999999921419248
0.9999999954696521
0.9999999982742054
0.99999999503827
0.9999999961553777
0.9999999976731526
0.999999994253489
0.9999999948130752
0.9999999981299117
0.9999999934271644
0.9999999642077891
0.9999999355712328
0.999999970269133
0.9999999893167123
0.9999999722643721
0.99999999415897
0.9999999981872251
0.9999999934760075
0.9999999744386536
0.9999999808858957
0.9999999788508078
0.999999919816624
0.9999999946442011
0.9999998506357793
0.9999999892669106
0.9999999976400443
0.9999999930005737
0.9999999962764733
0.9999999971196221
0.9999999960554657
0.9999999458821968
0.9999999952416928
0.999999973163281
0.9999999909689332
0.9999999981634686
0.9999999979935951
0.9999999882675594
0.9999999935208153
0.9999999950656506
0.9999999847966435
0.9999999978466708
0.9999999862362977
0.999999995391981
0.9999999146142083
0.9999999933740236
0.9999999949820272
0.9999999770447187
0.9999999977430336
0.9999999428071549
0.9999999956420681
0.9999999961929604
0.9999999970224057
0.9999999974131328
0.9999999987176355
0.9999999964676953
0.9999999744205859
0.9999999924687287
0.9999999870643304
0.9999999986858606
0.9999999912581491
0.9999999961817417
0.9999999952360328
0.9999999965886842
0.9999999942181429
0.9999999981113968
0.9999999711941504
0.9999999956149871
0.9999999957457975
0.9999999968626704
0.9999999955220918
0.9999999970967715
0.9999999970580923
0.9999999977987479
0.999999682395327
0.9999999919584195
0.9999999967727242
0.9999999891434291
0.9999999925335861
0.999999965263753
0.9999999969726115
0.9999999938003671
0.9999999972438831
0.9999999917475645
0.9999999193993487
0.9999999981988985
0.9999999674282329
0.9999999882249841
0.9999999584369088
0.9999999972179645
0.9999999942050065
0.9999999956480005
0.9999999958688683
0.999999896192892
0.9999999981837818
0.9999999812896047
0.9999999976363007
0.9999999950384889
0.9999999981002544
0.9999999953400971
0.9999999797175225
0.9999999929214807
0.9999999920995376
0.9999999982431482
0.9999999908297088
0.9999999977565426
0.9999999973439782
0.9999999415972874
0.9999999960663812
0.9999999918657083
0.9999999558081721
0.9999999972200231
0.9999999975571401
0.9999999983833716
0.9999999712412834
0.999999957698108
0.9999999984084886
0.9999999924851397
0.999999998487685
0.9999999802898222
0.9999999955474492
0.9999999811833792
0.9999999882729325
0.9999999738365493
0.999999995835816
0.999999988938597
0.9999999906754428
0.9999999927175277
0.9999999936118713
0.999999997432556
0.999999992443885
0.999999958825462
0.9999999848704045
0.9999999902554998
0.999999997727839
0.9999999953701005
0.999999995264203
0.9999999847622119
0.9999999900492204
0.9999999896189962
0.9999999956895754
0.9999999969964148
0.999999996829278
0.999999997673197
0.99999996912133
0.9999999946060547
0.9999999982613391
0.9999999272053256
0.99999999622789
0.9999999964450182
0.9999999940486545
0.9999999970102265
0.9999999826788333
0.9999999979484506
0.9999999977506638
0.9999999770180272
0.999999992093806
0.9999999949488442
0.9999999973191701
0.9999999925520545
0.999999990862507
0.9999999900009157
0.9999999947909078
0.9999999980755152
0.9999999920227741
0.9999999692991479
0.9999999934042838
0.9999999979278125
0.999999994461242
0.9999999892199042
0.999999998188801
0.9999999797457524
0.9999999959071293
0.9999999585283618
0.9999999418311363
0.9999999942256391
0.9999999966137194
0.9999999874126577
0.9999999981487058
0.9999999930648488
0.999999997969707
0.9999999883399476
0.9999999901403229
0.9999999971189021
0.9999999973629159
0.9999999935565799
0.9999999945180996
0.999999992710986
0.9999999936867551
0.9999999909886391
0.9999999928544766
0.9999999942846763
0.9999999981982407
0.9999999978149222
0.9999999983359101
0.999999976705649
0.9999999965127683
0.999999998747585
0.9999999816772347
0.9999999768164769
0.9999999597485908
0.9999999891428254
0.9999999983913195
0.9999999978380352
0.9999999959279229
0.9999999777440758
0.9999999941974016
0.9999999908845811
0.999999993556983
0.999999992849593
0.9999999665950418
0.9999999978913124
0.999999986351454
0.9999999924926456
0.9999999715257112
0.9999999968632179
0.9999999957878583
0.9999999878457349
0.9999999885432949
0.9999999469968093
0.9999999929463295
0.9999999375139462
0.999999992665325
0.999999988136773
0.999999989908308
0.9999999989099361
0.9999999980456965
0.9999999944274783
0.9999999955735437
0.999999997244065
0.9999998318600491
0.9999999737767343
0.9999999970670095
0.9999999953467962
0.9999999484184442
0.9999998612833257
0.9999999980888067
0.9999999977819127
0.9999999961686111
0.9999999856827939
0.9999999871222977
0.9999999974446533
0.9999999933594997
0.99999999600294
0.99999999731375
0.9999999902501291
0.999999988670021
0.9999999828509037
0.9999999981374805
0.9999999973729501
0.9999999972229652
0.9999999843807679
0.9999999980391927
0.9999999977857351
0.9999999938489873
0.9999999886468003
0.9999999960964757
0.9999999961018773
0.9999999900389223
0.999999995853574
0.9999999900769615
0.9999999808262092
0.9999999978617433
0.9999999979764821
0.9999999869056962
0.9999999976123719
0.9999999800444128
0.9999999864648809
0.9999999942120403
0.9999999970288648
0.999999996740432
0.9999999913970877
0.9999999948622497
0.9999999949198549
0.9999999976246494
0.9999999958147721
0.9999999837489209
0.9999999958667825
0.9999999917813518
0.9999999672681793
0.9999999845287544
0.9999999752262854
0.9999999972286179
0.9999999913224749
0.9999999980067914
0.9999999988938065
0.999999998399075
0.9999999960562993
0.9999999921418042
0.9999999865523185
0.9999999931775921
0.9999999963188683
0.9999999972661962
0.9999999947785458
0.9999999981612022
0.9999999940071148
0.9999999885416265
0.9999999981257603
0.9999999966982901
0.9999998702616143
0.9999999924069616
0.9999999598185754
0.9999999835986676
0.999999997678127
0.9999999957495866
0.9999999966814735
0.9999999951327243
0.9999999973893087
0.9999999979991759
0.9999999957098422
0.9999999885932425
0.9999999950435439
0.999999997238159
0.9999999864358252
0.9999999951536104
0.9999999975464177
0.9999999959083499
0.9999999391924863
0.9999999936282616
0.9999999968290414
0.9999999952488097
0.9999999875533763
0.9999999972067599
0.9999999969899803
0.999999997974517
0.9999999911263756
0.9999999961581504
0.9999999907646919
0.9999999962243341
0.9999999858245793
0.9999999968144309
0.9999999896836869
0.9999999915879065
0.9999999846864198
0.9999999915344753
0.9999999908660764
0.9999999973330417
0.9999999241573103
0.999999998460033
0.9999999914040892
0.9999999958845572
0.9999999948256205
0.9999999912731672
0.9999999913180833
0.9999999982884163
0.9999999975772813
0.9999999960489366
0.9999999919673929
0.999999997403901
0.9999999973234888
0.9999999981253936
0.999999998722056
0.9999999822891086
0.9999999965021482
0.9999999923916938
0.9999999983281065
0.9999999947992825
0.9999999950013083
0.999999996566564
0.9999999807462288
0.9999999718303365
0.9999981226831451
0.9999999985643998
0.9999999964984448
0.9999999658612083
0.9999999957039301
0.9999999964345677
0.999999974383113
0.9999999965364433
0.9999999824283808
0.9999999293210914
0.9999999882990127
0.9999999904098114
0.9999999947390876
0.999999997319478
0.9999999967898442
0.999999995309378
0.9999999954444988
0.9999999692693957
0.9999999977351821
0.999999997933983
0.9999999975241002
0.9999999917195492
0.9999999958229173
0.9999999979262628
0.9999999757518564
0.99999989329067
0.9999999976405513
0.9999999560511245
0.9999999966103521
0.9999999981344873
0.9999999874888662
0.9999999974202815
0.9999999961737128
0.9999999820825665
0.9999999932866033
0.9999999901547192
0.9999999888467195
0.9999999944969391
0.999999996476061
0.999999975470678
0.999999987604533
0.9999999919934986
0.9999999985909147
0.9999999961397614
0.9999999963503781
0.9999999943423556
0.9999999976495261
0.9999998053286938
0.9999999980588238
0.9999999836332669
0.9999999978336972
0.9999999841898313
0.9999999648814506
0.9999999901417486
0.9999999269264493
0.999999989592108
0.9999999751787072
0.999999995093076
0.9999999837473843
0.9999999941030088
0.9999999557530601
0.9999999633503934
0.9999999984303584
0.999999906259493
0.9999999889874521
0.9999999280390118
0.9999999959241169
0.9999999973783172
0.9999999972303056
0.999999962809598
0.9999999970040873
0.9999999850255158
0.9999999968276914
0.9999999943039649
0.9999999972458979
0.9999999870847647
0.9999999973194796
0.9999999960482925
0.9999999972444331
0.9999999960751678
0.9999999875888571
0.9999999908752419
0.9999999933152198
0.9999999889493715
0.9999999910789452
0.9999999976053622
0.9999999879506795
0.9999999970048721
0.9999999978038405
0.9999999966644378
0.9999999968047519
0.9999999899500945
0.9999999878550115
0.9999999863320377
0.9999999891057272
0.9999999960975542
0.9999999923493993
0.9999999986817389
0.9999999932628935
0.9999999934315837
0.9999999575704254
0.9999999974406127
0.9999999963107262
0.9999999922437033
0.999999998054499
0.999999997097156
0.9999999976959851
0.9999999961466505
0.9999999874192639
0.9999999944224093
0.9999999776622985
0.9999999963935735
0.9999999719366393
0.9999999966326069
0.9999999970553073
0.9999999960828786
0.999999997324535
0.9999999895880519
0.999999998400887
0.9999999895064875
0.9999999960372111
0.999999982184047
0.999999996210856
0.9999998411055941
0.9999999914702465
0.999999983386475
0.9999999957383813
0.9999999562704003
0.9999999883305705
0.9999999673338124
0.9999999945917099
0.9999999843951438
0.9999999960357914
0.9999999957134551
0.9999999981372584
0.9999999906904166
0.9999999973558731
0.9999999686851652
0.9999999976240017
0.9999999964515537
0.9999999934230512
0.9999999241491799
0.999999981605161
0.9999999932894932
0.9999999979868923
0.9999999963394091
0.9999999955480657
0.9999999960999946
0.9999999813375058
0.9999999985062277
0.9999999950603822
0.9999999855739539
0.9999999794613837
0.9999999952187593
0.9999999963319002
0.9999999981337446
0.9999999980597714
0.9999999958253225
0.9999999973436074
0.9999999955720708
0.999999995484539
0.9999999948298754
0.9999999980801308
0.9999999958316629
0.9999999865660681
0.9999999984506767
0.9999999980157204
0.99999996597261
0.9999998268546619
0.9999999956106226
0.9999999979705421
0.9999999974977213
0.9999999942264254
0.9999999939505183
0.9999999864491957
0.9999999976335963
0.9999999981466208
0.999999989051743
0.99999999636911
0.9999999875595041
0.9999999952748032
0.9999999984224048
0.9999999967259655
0.9999999978033821
0.9999999946101823
0.9999999914658156
0.9999999918338341
0.9999999931454795
0.9999999868435403
0.9999999924800407
0.9999999944359742
0.9999999989236896
0.9999999838326883
0.9999999745321947
0.999999996991151
0.9999999982917497
0.9999994773948017
0.9999999973104045
0.9999999904195873
0.9999999877206442
0.9999999864770562
0.9999999972136839
0.9999999671555085
0.9999999972965687
0.9999999914249014
0.9999999945344438
0.9999999971433445
0.9999999977120116
0.9999999987084194
0.9999999920107217
0.9999999934604684
0.9999999963410938
0.9999999906351142
0.999999997594095
0.9999999713809019
0.9999999415017222
0.9999999971864995
0.9999999180010913
0.9999999973040342
0.9999999977470683
0.9999999981978122
0.9999999841020311
0.9999999639935199
0.9999999974912239
0.9999999949436438
0.9999999960669077
0.999999964554191
0.9999999878329806
0.9999999973171396
0.9999999903987874
0.9999999985500504
0.9999999949083139
0.9999999880491663
0.9999999963631019
0.9999999838319927
0.9999999849097848
0.9999999661835154
0.9999999916652793
0.99999997727457
0.9999999963189902
0.999999998340634
0.9999999947404411
0.9999999946828751
0.9999999972052257
0.9999999975836216
0.9999999934922835
0.9999999982186777
0.9999999962711165
0.9999999914125004
0.9999999932513829
0.999999993498107
0.9999999564477678
0.9999999976795841
0.9999999973882149
0.9999999900235345
0.9999999988487445
0.9999999988711673
0.9999999959254353
0.9999999982390494
0.9999999959353809
0.9999999962498157
0.9999999969972337
0.9999999774967515
0.9999999896603899
0.9999999932396235
0.9999999978236572
0.9999999962422323
0.9999999902509505
0.9999999979860608
0.9999999972041219
0.9999999985811765
0.999999974246063
0.9999999854831855
0.9999999969271264
0.9999999962461302
0.9999999975938144
0.999999997911044
0.9999999964611407
0.99999999512987
0.9999999819752105
0.9999999519407764
0.9999999970439437
0.9999999964310893
0.9999999977305496
0.9999999987130421
0.999999991532249
0.9999999835715231
0.9999999898520284
0.9999999905915945
0.9999999951708605
0.9999999748208933
0.9999999932994758
0.9999999959330979
0.9999999970676606
0.9999999940789184
0.9999999909754845
0.9999999945219429
0.9999999983484974
0.9999999944817494
0.9999999936869889
0.9999999983730068
0.9999999963653118
0.9999999983192941
0.9999999967360822
0.9999999969790407
0.9999999985156425
0.9999999835858709
0.9999999725584107
0.9999999976694323
0.9999999974964152
0.9999999941617091
0.9999999984217792
0.9999999845847937
0.9999999964919747
0.9999999465677025
0.9999999890960144
0.9999999575726487
0.9999999971711923
0.9999999923785918
0.9999999813926035
0.99999995935634
0.9999999698930603
0.9999999923145925
0.9999999984116699
0.999999994425318
0.9999999964261359
0.9999999853601542
0.9999999959314679
0.999999993292535
0.9999994875940966
0.9999999978585907
0.9999999852394474
0.9999999915072055
0.9999999981625602
0.9999999935393064
0.99999999803477
0.9999999937494892
0.9999999974568561
0.9999999665234925
0.9999999969925716
0.9999999968046198
0.9999999968708987
0.9999999958486208
0.9999999977524693
0.9999999987939675
0.9999999907264315
0.9999999972428366
0.9999999925776196
0.99999998147841
0.9999999953608845
0.9999999955860484
0.9999999831946602
0.9999999852729594
0.9999999917540469
0.9999999895390228
0.9999999798706379
0.9999999976522113
0.9999999972748068
0.9999999981323481
0.9999999952125787
0.9999999979104338
0.9999999972065702
0.9999999935081495
0.9999999919587472
0.9999999982762225
0.9999999961376451
0.9999999942429891
0.999999998136
0.9999999934209377
0.999999940264407
0.9999999955673738
0.9999999763008459
0.9999999986468968
0.9999999972689677
0.9999999909789429
0.9999999893567748
0.9999999927043386
0.9999999819311374
0.9999999959651501
0.9999999951917355
0.999999992744697
0.9999999910105889
0.9999999917007903
0.9999999981703659
0.9999999955268043
0.9999999860442235
0.999999975918548
0.9999998857951906
0.999999993674557
0.9999999919906272
0.999999998239534
0.9999999969262712
0.9999999895808714
0.9999999967579419
0.9999999972426099
0.9999999927177181
0.9999999974360574
0.9999999929453238
0.9999999936178324
0.9999999887379128
0.9999999941178308
0.9999999956801485
0.9999999979077487
0.9999999941489432
0.9999999907088052
0.9999999962777293
0.9999999984414295
0.9999999966837055
0.9999999962208558
0.9999999889588591
0.9999999972168375
0.9999999596113567
0.9999999967696036
0.9999998837691152
0.9999999860851353
0.9999999857166431
0.9999999714927061
0.9999999923524302
0.9999999904058158
