0.9999999810714736
0.9999999889496861
1.000000004624798
1.0000000072993
1.000000004497688
0.9999999955108396
0.9999999858903365
0.999999997877756
1.0000000067490917
0.999999984780346
0.9999999974247189
0.9999999946546653
1.0000000021075022
0.9999999909613876
0.9999999999946848
1.0000000097691917
1.000000003220262
1.0000000651782985
1.000000002997355
1.0000000441089418
1.0000000000097173
1.0000000824044275
0.999999979364432
1.0000000260062338
0.9999999807237284
1.0000000014295307
1.0000000026871403
0.99999999413561
0.9999997786712362
1.0000000070319162
1.0000000098300306
1.0000004349268816
1.000000015683282
0.9999999868169703
0.9999999943907295
0.9999999889465612
0.9999999969424651
0.9999999964996364
0.999999999537719
0.9999999946915505
1.0000000005287044
1.0000000177041457
0.9999999892735908
1.0000000064649142
0.9999999967147037
0.9999999916437361
0.9999999936037316
0.9999999821845054
1.0000000498900874
0.9999999991179983
1.000000004649218
1.00000000923412
1.0000000087366137
1.00000000104993
0.9999999588299545
0.9999999943587721
0.999999995699771
0.9999991461978874
1.0000000087670062
0.9999999916065332
1.0000000035193126
0.9999999947514137
0.9999999895746473
1.000000002202256
1.0000002725718662
1.0000000061448888
1.000000004464662
0.9999999982936175
1.0000000007325243
0.9999997109100799
0.9999999855911632
1.0000000182925355
1.0000000047856008
1.0000000125029436
1.000000004975214
0.9999999904046616
1.000000026733955
1.0000000035625953
1.0000000205285973
1.000000003529352
0.9999999987607654
1.0000000103886195
0.9999999946754153
1.0000000070059816
0.9999999934107802
0.9999999949839848
1.0000000162069504
1.0000000185205271
1.0000000006296503
0.9999999889367772
0.9999999496141588
0.9999999963065318
1.0000000064651067
1.0000000084000424
0.9999999916205013
0.9999998125701327
1.0000000037278782
0.9999999830072023
1.0000000023929356
0.999999996650194
0.9999999929091242
1.0000000029789955
0.9999999892955987
0.999999995804928
1.000000005771437
1.0000000050072655
1.0000000015800456
0.9999999980259516
0.9999999999006793
1.000000002269424
1.0000000150283028
1.0000000035088434
1.0000000020822963
0.9999999852835811
1.0000000015053203
0.9999999903857895
0.9999994166926496
1.0000000030694887
0.9999999957814056
1.0000000343959867
0.9999999964552229
1.0000000044450612
1.0000000132331237
1.0000000036301586
1.0000000031941179
0.9999999989897455
0.9999991074777189
0.9999999935997311
1.0000007761873155
1.000000017722477
1.0000000154026303
1.00000000539919
0.9999993634433193
1.0000000064099008
1.0000000068942627
1.0000000082694207
0.9999999935275428
1.0000000002790879
0.9999999962316801
1.000000008986391
1.0000000068470987
0.9999999796810844
0.9999999995321178
0.999999997245057
1.0000000045274131
1.0000000065219414
1.0000000207692321
0.9999999850137139
0.9999999992987398
1.0000000027086864
1.0000000014218466
0.9999999381993059
0.9999999973104392
1.0000000088174328
0.9999985834361698
0.9999999975107363
0.9999999950220827
1.0000002094551168
0.9999999881012233
0.9999993974043189
1.0000000172874473
1.0000000005944136
1.0000000047811581
1.0000000029920284
0.9999999890005866
1.0000000214916227
1.0000000085209881
1.000000007462806
1.0000000011713124
1.0000000160272087
1.0000000060990404
0.9999999986720759
0.9999999925887768
0.9999999960933706
0.9999999106426514
1.0000000038850498
0.9999999934060592
1.0000000047674205
1.0000000044198054
0.9999999981771931
1.0000000219386518
1.0000000306167363
0.9999999918017867
0.999999992447453
0.9999998284924547
0.9999999803152271
1.0000000051207156
1.0000005269404808
1.0000000097621218
0.9999999819815023
1.000000214911625
1.000000003711797
1.0000000067460373
1.000000004343456
0.9999999926877924
1.0000007773757378
1.0000000128083422
0.9999999970350281
0.9999999981281972
0.9999999985530806
0.999999979960961
1.0000000002133984
1.000000030109764
0.9999999938958284
1.0000000094477604
1.0000000157136646
0.9999999766268612
0.9999999954664252
0.9999999978475211
1.000000002065908
0.999999996712178
1.000000000784585
1.0000000039412096
1.0000000077530768
1.0000000021736366
0.9999999892721286
1.000000006281701
1.0000000001405354
0.9999999771740263
0.9999999982922061
1.000000017460084
0.9999999805401789
1.0000000000601241
0.9999999944100806
1.0000000040546428
0.9999999949904023
1.0000000057476848
1.0000000071479025
1.00000000282417
0.9999999952624
0.9999999949528738
1.0000002430313302
1.0000001287308977
1.0000000062164163
1.0000000174441184
1.0000000126686177
1.0000000008405965
0.999999988119037
1.0000000158583844
1.0000000417924666
0.9999999989891821
1.0000000232341937
1.0000000582763193
1.0000000058407705
0.9999999049132083
0.9999999441592167
0.9999999956932274
1.0000000078198152
1.0000000053415623
1.0000000018431072
0.9999999910292959
0.9999999703317904
0.9999999862343053
0.9999999995160793
1.0000000105411688
0.9999999974835306
0.9999999900542202
1.0000000110958362
1.0000000203288586
1.000000009798928
0.9999999896748715
1.0000000016085375
1.0000000044887145
1.0000000066674672
1.0000000263233606
0.9999999800498024
0.9999999936375401
0.9999999761110718
0.9999999977143011
1.0000000054563185
0.9999999986404595
0.9999999927475606
1.0000000023080817
0.9999999944985849
1.0000000016293187
1.0000000017177497
1.0000000136613267
1.0000000168621246
0.9999999960781165
1.00000000057204
1.000000010368125
0.9999999909053887
1.0000000128921493
0.9999999996915426
1.000000018109639
0.9999999891197711
0.9999999320722884
1.0000000006022385
1.0000000050893376
0.999999997777521
1.0000000054958706
1.0000000077356572
1.0000000059512897
0.9999999967852204
1.0000001528894837
0.9999999597555552
0.9999999827080978
0.9999999914169697
0.9999999843420023
1.000000232653521
1.0000000011047767
0.9999999998897023
1.0000000041678516
0.9999999755679413
1.00000013975679
0.9999999957664504
1.0000000188996607
1.0000000226733683
1.0000001896645294
0.9999999966424145
1.0000000017432542
1.0000000077545723
0.9999999928725163
1.0000006912110486
0.999999995671219
0.9999999700658757
1.0000000018955808
1.0000000369751576
0.9999999987578401
0.9999999945143289
1.0000000613075193
1.000000003162436
0.999999982345997
1.0000000041491772
1.00000000187037
0.9999999997033163
0.9999999910371443
1.0000001350654582
0.999999992089288
0.9999999943041814
1.0000000295786415
1.0000000130729425
0.9999999921297821
1.0000000053814004
0.9999999287375707
0.999999987931826
1.0000000013678672
0.9999999943957979
0.9999999986251981
0.9999999911160328
0.9999999812636617
0.999999991208721
1.000000002225427
1.0000000115795715
1.0000000094082038
0.9999999850870803
0.9999999929555208
0.9999999977327659
1.0000000119470982
1.0000000046324302
1.0000000094389396
1.000000016622596
0.9999999930613598
1.0000000096264485
0.9999999922379216
1.000000011215147
0.999999994368294
1.0000000066582866
0.9999999982406074
0.9999999697844567
0.9999999977768053
0.9999999928680203
1.0000000027941676
0.9999999947323944
1.0000000251954668
0.9999999933978557
0.9999999941757612
0.999999809418909
1.000000010353243
0.9999999983388022
1.000000025135643
1.0000000108993843
1.0000000407241054
0.9999999810729855
1.0000000009806298
1.000000050665136
0.9999999917547291
1.0000000027105325
0.9999999989785152
0.9999999912974973
1.0000000123649195
1.0000000189695248
0.9999999782505247
1.000000003557524
0.9999999968713105
1.0000000331037755
1.0000000159896771
1.0000000055929257
1.0000000104329005
0.999999976724122
1.0000000032898397
0.9999999751962256
1.0000000060844845
0.9999999959932167
1.0000000767459623
1.0000000036049064
0.9999999928640877
1.000000012043289
1.00000000292248
1.0000000212676095
1.0000000008150838
1.0000000126940534
0.9999999962714302
0.9999999859429133
1.0000000145674586
1.0000000062448309
0.9999999995410206
1.0000000082355818
1.000000013099722
1.0000000230300152
0.9999999994872015
1.0000000007038123
0.9999999929209482
1.0000000006341092
0.9999999971450552
0.999999996817753
0.9999999733627183
0.9999999905210308
0.9999999671813989
1.0000000639133115
1.000000007371998
1.0000000132323998
0.999999999678772
0.9999999987206591
0.9999999908143409
1.0000000680461292
0.9999999811693819
1.0000000000700684
1.0000000070145905
0.9999999943088989
0.999999981843187
1.000000010082364
1.0000000196925263
0.999999997889421
1.0000000122934591
1.0000000077975684
0.9999999969068923
1.0000000663500934
0.9999999364426894
1.0000000193027192
0.9999999992996692
1.0000000204598216
0.9999999908793373
0.9999999947247172
0.9999999839365952
1.0000000103793192
1.0000000071148816
0.9999999950450383
1.0000000037524752
1.0000000001572686
1.0000000214731168
0.9999999904553968
0.9999999913044254
1.0000000005123832
0.9999996327868493
0.9999993421230879
0.9999999974036465
1.0000000052975717
0.9999999878672565
1.0000000048577316
1.0000000005236327
1.0000000090847057
1.0000000061636165
1.000000007271157
1.000000002058505
1.0000000099244113
0.9999999996371474
1.0000000117928862
0.9999999997760892
0.9999999911113079
1.0000000149810337
1.0000000075602746
0.9999999964097688
1.0000000024529374
0.9999999993642782
1.000000018233805
0.9999999845075477
1.0000000017673745
1.0000000085955814
0.9999999964046037
0.9999999900502943
0.9999999972644168
1.000000008498734
0.9999999981957972
1.0000000153664588
0.9999999967823294
1.0000000305042012
0.999999993770418
0.9999999960506996
1.0000000041656165
0.999999999487993
0.9999999976094243
1.0000000152535053
0.999999988209466
1.0000000013669186
1.0000000022110516
0.9999999216103246
1.0000000054009843
1.0000000013698684
0.9999998533431783
0.9999999857809888
0.9999999217919473
0.9999999898661521
1.0000000009463306
1.0000000043942503
0.9999999832008832
1.0000000024552378
1.0000000087668712
0.9999999870842555
1.000000006445738
1.0000000044480748
1.0000000080726958
1.000000003567889
0.9999999892928882
1.0000000061895329
1.0000000346115347
0.9999999944385273
0.99999999894963
1.000000000135279
1.0000003005557374
1.0000000079251816
0.9999999173291381
0.9999999819110746
1.0000000043743895
1.0000000123634227
0.999999996827696
0.9999999870939028
0.9999999987340883
1.0000000011421921
1.0000000001638898
1.000000019306622
1.000000001680609
1.000000010686449
0.9999999865431403
0.9999999802838587
1.000000006476431
0.9999999829101787
0.9999999975076115
0.9999999942118017
1.0000000066466497
0.9999999892902963
0.9999999883935043
0.9999999851000306
0.9999999941364662
1.00000000405071
1.0000000132810616
0.9999999973303407
1.0000000426445776
0.9999999986771265
1.000000073399845
1.0000000043692756
1.000000010150031
0.9999999506180127
1.0000000190755414
0.9999999990987336
0.9999999791280542
0.9999999930589312
0.9999999269649376
0.9999999920026988
1.0000000108325235
1.0000000100929891
0.9999999906340626
0.9999999998729924
1.0000000337207973
1.0000000082323248
0.9999999972792479
0.9999999955523251
1.0000000038285026
0.9999999916705914
1.0000000045083568
0.9999999968757037
1.0000000086748027
1.0000000051815026
0.9999999985834088
1.0000000154295567
0.9999999990668206
0.999999981598506
1.0000000018990447
0.9999999941793677
1.000000006563144
1.0000000500028592
0.9999999819631735
0.9999999984714775
0.9999999957563891
0.9999999604313845
0.9999999937096575
0.999999997336337
1.0000000490718393
0.9999999955355866
1.0000000377188298
1.0000000621585132
1.000000000857263
0.9999999890638134
1.0000000067755297
0.9999999964257102
1.000000003614096
0.9999999957714915
0.999999997294689
0.999999920232221
1.0000000038010397
1.0000000054460778
0.9999999979051377
1.0000000039461308
0.9999999913819724
0.9999999960561251
1.0000000632983843
0.9999992117797485
1.0000000175427208
0.9999999167700313
0.9999999927210872
0.9999999888684747
1.000000033691731
1.0000000004402345
1.0000000044072181
0.9999999716336941
0.9999999769936397
0.999999995891758
1.000000006030001
0.9999999913069626
1.0000000102786133
0.9999999896051192
0.9999999839614324
0.9999999974850018
0.9999999988564837
1.000000006798274
0.9999999968681222
1.0000000046308055
1.0000000065684058
1.0000001185596032
1.0000000040579027
0.999999992067944
1.00000000815265
1.0000000679572165
1.0000000361163872
1.0000000144090857
0.999999581937321
1.000000014741018
0.9999999887185717
1.0000000060036311
1.0000000002079454
0.9999999952325062
0.9999999842139813
1.0000000696682418
1.0000000023648339
0.999999830051417
1.0000000242129288
1.0000004824256767
1.0000000045887047
0.9999999907050886
0.9999999969567249
0.9999999847314195
1.0000000041600188
0.999999995551632
0.9999999807617191
1.0000000037674632
0.9999999922497348
0.9999999491965721
0.9999999979770842
1.0000000039359032
0.9999999900594926
0.9999999866323459
1.0000000175415673
0.999999998647769
1.000000001233451
0.9999999812086798
0.9999999884909091
0.9999999954392419
0.999999996362962
1.0000000022274982
1.0000000041465547
1.0000000100824347
0.9999999954587288
1.0000000335309003
1.0000000363330661
0.9999999233778624
1.0000000184116686
1.0000000029312495
0.9999999957048397
0.9999999956823745
0.9999999866886551
1.0000000399591689
1.0000001062625905
1.00000000447745
1.0000000049372926
0.9999999724082469
1.0000000060434702
0.9999999984248814
1.0000000065655272
1.0000000080843552
0.9999999897352412
1.000000001478227
0.9999999056033837
1.000000001451477
1.0000000653197245
0.9999999941355436
1.0000000095728037
0.9999999921743188
0.9999999870824317
1.0000000040050752
0.9999999989391134
1.0000000076124187
1.0000000024263056
1.0000000378747627
1.0000000007984624
0.9999998740377926
1.0000000056804013
0.9999999979665802
1.0000000018281134
0.9999999661944516
1.0000000185634175
0.9999999774114877
1.0000000029172351
1.0000000127901818
0.9999999903695256
1.0000000020380897
1.000000003978894
1.000000004856769
1.0000000086875285
1.000000012312161
0.9999999960871329
1.0000000203497428
1.0000000047660955
0.9999999067529072
0.9999999709802816
0.9999999699512202
1.0000000058176153
0.9999999969961316
1.000000001124297
1.000000013614562
1.0000000262476294
0.9999999938941279
0.999999982624311
1.000000020168745
0.9999999728359317
1.000000023380247
0.9999999892405493
1.0000000024242828
0.9999999886528581
0.9999999915772245
1.0000000041968198
1.0000000040330828
0.9999999955159447
1.0000000077226219
1.0000000020010213
1.0000000241679186
0.999999982372902
1.0000000063918764
0.999999995629632
1.000000069835051
1.000000955595387
1.0000000008868621
0.999999991156108
1.0000000028851395
0.9999999937930585
0.9999999886327915
0.9999999916846104
1.0000000067425
0.9999999988480122
1.0000000125345105
0.999999982290801
0.9999999955896357
0.9999999984167954
1.0000000012572947
0.9999999982181348
0.9999999984714505
1.0000000113848713
1.0000000074029176
0.9999999925404403
1.000000009435719
0.9999999951414035
0.9999999807703556
0.9999999933477342
0.9999999942017455
1.0000000407118408
1.0000000140622658
0.9999999934071987
1.0000000111682499
1.0000000489589418
1.0000000038663952
0.9999999947316124
1.0000000052029117
1.0000000183246172
1.000000000973362
1.0000001175338251
1.0000000031069916
1.0000000025800102
1.0000000216976435
1.0000000003186824
0.9999999956209059
0.9999999977194121
0.9999999996728899
1.0000000149608803
1.0000000046030013
1.0000000041278942
1.000000022043523
0.9999999752919977
1.0000000707044805
1.0000000034044898
1.000000098102303
1.0000000039662937
1.0000000022515374
0.9999999978768287
0.9999999528336656
0.9999999611805961
1.000000012065595
0.9999999876746314
0.9999999973529187
1.0000000196431535
0.9999999988339942
1.0000000100125233
0.9999999752910781
0.9999999972791788
0.9999999896921766
0.9999999734794012
0.9999999885470207
1.000000014631471
1.0000000193158942
0.9999999225640194
0.9999999945133119
0.9999999755031371
0.9999999991582298
0.9999999994995757
1.000000005051278
0.9999999982594119
0.9999999972168477
1.0000000039214283
1.0000000001554386
0.9999999884625127
0.9999999967304014
1.0000000143665355
0.9999999910354924
0.9999999981508596
0.9999999934181731
0.9999999978415937
0.9999999987061987
1.00000001370531
0.999999998815181
0.9999999989277178
1.0000000080326137
1.0000000114257244
0.9999999923854432
0.9999999956539196
0.999999998455349
0.9999999850074135
1.0000000101568134
1.0000000028921863
1.0000000001176728
1.0000000013365216
1.0000000000118245
1.000000000133807
1.0000000068889177
0.9999999937382602
1.0000000003949496
0.9999999720838465
1.0000000064912993
0.9999999968835546
0.9999999950360846
0.9999999940757995
1.0000000014598274
0.9999999840326321
1.0000000357313616
0.9999999548878232
0.9999999966704916
0.9999999950663403
1.0000000097493744
1.0000000038491679
0.9999999747739545
0.9999999906315967
1.0000000064460626
0.9999999818983897
0.9999999967949886
1.0000000036693018
0.9999999959386733
0.9999999933464714
1.0000000088494794
0.999999989563801
0.9999999954482187
1.000000003483217
0.9999999979129364
0.9999999908482539
1.0000000031233596
0.9999999893735019
1.000000009466519
0.9999999923369723
0.999999987682934
0.999999988900354
0.999999990167661
1.0000000709198533
0.9999999854549937
1.000000000854245
1.0000000053975944
1.0000000058772822
0.9999999993334925
0.9999999815370503
0.9999999947888564
1.0000000745925162
0.9999999921620587
1.000000011108481
1.0000000068342128
0.9999999972367484
1.0000000438611625
0.999999958745862
0.9999998396208931
1.0000000198378451
0.9999999979096588
0.9999999960637203
0.9999999984854063
1.0000000178285777
0.9999999841918727
0.99999995646233
1.0000005521419761
1.0000000063355405
1.0000000107501492
0.9999999967340089
1.0000000150519546
1.0000000299919776
1.00000000149464
0.9999999968972686
1.0000000137378475
1.0000000383534313
1.0000000001574187
0.9999999970995451
0.9999999975455167
0.9999999961757616
1.000000008771898
0.9999999990977949
0.9999999693898602
1.0000000082403928
0.9999999366746362
0.9999999816420458
0.9999999901977709
1.000000000970635
0.9999999970674073
0.9999999970471563
0.9999999930710591
1.0000000042377162
0.9999999766015107
1.0000000031073946
1.0000000070595445
0.9999999924739986
1.0000000002634446
1.0000000013316515
1.0000000059485064
1.0000000187915667
1.0000000137847505
0.9999999981384465
0.9999999945453104
1.0000000134406175
0.9999999903831893
1.0000000054191007
1.0000001769098001
0.99999999051416
0.9999999576316871
1.0000000034262053
1.0000000047360813
0.9999999975718129
1.0000000154611448
0.9999999908010798
0.9999999835715468
1.0000000142364505
1.0000000109946428
1.00000000499416
0.9999999895602186
1.0000000041782493
1.0000000032586938
0.9999999894124949
1.000000000510476
0.9999999932288844
1.000000154364794
1.0000000049163835
0.999999985832633
1.0000000049725426
1.0000000055595626
1.0000000205222632
0.9999999875439167
0.9999999948602732
0.9999999848630176
0.9999999942046344
1.0000000049768376
0.9999999653180772
1.0000000050698274
0.9999999955772383
0.9999999868611471
0.9999999940853558
0.9999999903120903
0.9999999755684464
0.9999999817504303
0.999999998302179
0.9999999973514557
1.0000000083403704
1.0000000044665915
1.0000000100298434
1.0000000122024937
1.0000000026657043
1.0000005055355956
0.9999999874140209
0.9999999825962218
1.0000000203613661
1.0000000076815885
0.9999999849199813
