1.0001445027844502
1.000153035713595
1.0001917774706417
1.0009114869980698
1.0003072823097452
0.9999219609038963
1.00086247342557
1.0002033079318786
0.999853487467073
1.00013641292276
0.9997556337985946
1.0005300423935009
1.0001313477734959
1.0004926615873584
0.9999249736036434
1.0000331257678932
0.9999614173803443
0.9996070244790153
1.0000105977261098
1.0024878220318907
1.0001263792383075
1.011286624621669
1.0016829768535966
1.0053750511747412
1.0009705126733985
1.000072398785868
1.0002836180712449
0.9999813773875166
0.9979976301182196
1.0024598678305556
0.9998365152203662
0.9812625723141627
0.9998738762368448
1.0014802180509637
1.0000854452677665
0.9997540722103396
0.9998423720607769
0.9999141373629121
1.0008641094322654
1.0000403680455168
0.9999294064786534
1.0005436548767828
1.001004851364482
1.000611934990999
0.9997144825931222
1.001884463107405
1.0004778756363926
0.9997183080693521
0.99801128034039
1.000153291100295
0.999886110061283
1.000114305245637
1.0000499665807758
0.9998658504706328
1.0015523135724413
1.0008698357434573
1.0001229468499295
1.0262867577620924
1.000063534260741
1.0006216351825725
1.0002237610850415
1.0011075556004467
0.9999323583647304
0.999874864044599
1.0034489727973703
0.9999554467473442
1.0001583875975664
0.9998112766084866
1.0004037873042442
0.9986590089230747
1.0003846382759927
1.0004132538442712
1.0001696624354914
1.0009627827603964
0.9998180411036206
0.9998065204027942
1.0023755468284112
1.0004608102959227
0.9995792644583529
1.0002016008764554
0.999882301149326
0.9999193253131957
1.0002292771673074
1.0003710873080225
0.9998475717808176
1.000270448561763
0.9999083850665555
1.0005078059644992
0.999136316215365
1.0016647592529346
1.0012174456808063
1.0004456158453832
1.00018889327939
0.9998904340451535
1.000745721586918
1.0097708913901113
0.9991665782475416
0.9997922705769056
1.0007061888971003
1.0002364187871884
1.0001367511179522
1.0000585387519136
0.9998997119694557
1.000494492070267
1.0017508755441835
1.0009140995869164
1.0005000247596643
1.0001551733554337
0.9995501996825475
1.0002249531355412
1.0008483488075335
0.9999737907232755
1.000290917484108
0.9999415509982535
0.99979232465368
1.0004381765467896
0.9649414998007982
1.0019517445307018
1.0000032785059738
0.999110799340036
1.00025093786431
0.999926816312778
0.9999002571222644
1.0009552111016427
1.0040155428643884
0.9997438547502284
0.9458188470996725
0.9999302650662754
1.0147294780155571
1.0009532974548554
0.9999169873702276
1.0000639801114402
0.45831312959365705
1.0000542964307046
1.000188810027484
1.0001544458751706
1.0005963750788478
1.0001603032568056
1.000078041819001
0.9999955572467054
1.00124305073843
0.9994765575430146
1.0004920583890284
1.0000408401225633
1.000468201512736
0.9998906671406047
1.0006811964457623
1.0004703431866997
1.0030358735926357
1.0005592892293755
1.000544319676445
1.0103534174737576
0.9996633830096018
1.0005260169463097
1.0687889305233238
1.000094121379836
0.9997708043408701
1.0107073650607743
1.0004938271776236
1.090728291346477
0.9995799040571274
1.0007262185511243
0.9999043531759068
0.9998170687489579
0.999524400793625
1.000079237807926
1.002462722637209
0.9999553100982781
1.0010680515123522
1.000127693676051
1.0003660232486635
1.0003524355590003
1.0000330120689278
0.9998456583253252
1.0029851170353432
1.0006592735558986
1.0007032714988349
1.0007447768564306
0.9996507108713255
0.9997992706560161
0.9998687650253775
1.0026194689152825
1.0004215248762585
1.0000013343920546
0.644215942495781
1.0009822010183342
0.9999472426058552
0.4347131102101632
0.9997261858927525
1.0000792741225843
0.9814745028150368
0.9999199799792293
0.9999511942001599
0.999949572289779
1.000524126966859
1.0175384918089718
1.0003045619272006
1.0002127129191483
1.0007062259208765
1.0010988930183082
0.9993203675780442
1.0011654949154094
1.0011420417196908
1.0001440311613459
0.999892742671341
1.000005636967419
1.000082117218577
0.9999083083148526
0.9998204608841672
1.0007054922641692
1.0002355605965192
1.0017205280383574
1.000658564801823
0.9999047820714226
1.0003113551260214
0.9997229417232757
1.001499946055487
1.0002946458115844
0.9993678514026723
1.0007899639246556
1.0006834910182436
0.9995949452277665
1.0005034632729968
0.9998971090148281
0.9998998688529137
1.0000614270139356
0.9999180021935813
1.000409147925285
0.9998907765908337
0.9998697342388034
1.0008503770539452
1.0021546406616135
0.9947309352542133
1.0071788785809763
1.0000986303676067
1.0025970126463342
1.0004253825747609
1.0002208979374838
0.999951098320955
1.0006465257148143
1.00214617633308
1.0014580623867597
1.0117106480708888
1.0000162229931042
1.016279246704023
0.999378468965623
0.9998296365584824
1.0000536943214582
1.000292815339009
0.9997386684143152
1.0001030903101058
1.0060622269229957
1.0000276573786793
1.0035373678216681
0.999733361338973
0.999999656028531
1.000066322254953
1.00067518072661
1.0009901005331818
1.000410682674588
1.0003582515948461
0.9999450134769502
1.0014304837022885
1.00050370175158
1.0128745823280347
0.9995301133987184
1.000739250565888
1.0029048455838698
0.9999483540411326
1.011545421624382
1.0006628487437266
0.9998552171256327
0.9999531453880798
0.9999938884943564
0.9999515915556805
1.0002941572530701
1.0022026926776704
1.0007426989251913
0.999387830654022
0.999693187335732
1.0007014735843969
1.0004704212545106
0.9998753349077624
1.0004461887505494
1.0000059881200214
0.9999060717457611
1.0031225786450273
0.9999253409246418
1.0004280055988461
0.9999033585104184
1.000191368563086
0.9998341243383554
1.0002805399442003
0.9998850605351209
0.9221558310669768
0.9995234939751177
1.0003555824670254
1.001480057598629
1.0001517248100207
0.9977362513964425
0.9998423833125014
1.0000206589019702
0.9998390943139067
0.9995132225414189
1.0066028303707137
1.0001699944715097
1.0033437408889998
1.0005826555323791
0.9998187686725064
1.0001600933527308
1.0007812521552977
1.000375965514856
0.9996958949481071
1.013649648680512
0.9999025666780522
1.0017942574332155
0.9998653076966023
1.000277570792653
0.9998787416981799
1.0006915717865585
1.0017214902425973
0.9996115718103569
1.0005586483934685
0.9999684997525553
1.0008738311337473
1.0000772157360929
0.9997994345883514
1.0097371051688933
1.0004109678767186
1.0000112149309577
1.0058274473008348
1.0002500173832973
0.99987203191509
0.9998978112209509
0.9981051724056158
1.0021379056175739
1.0000179864002576
1.0007333344333393
0.9999410357929631
1.0022151850111825
0.9997362089704641
1.0028704461247746
1.0006087821303427
1.0029646760651398
1.0005458616857024
1.0010234123624246
1.0008333788164956
1.0006843312836102
1.0011347703474196
1.000039485429047
1.000826436802399
1.0032808509678113
1.0020329804663355
1.0005348262721216
0.9999181184994272
0.999653434878297
1.0004023350355118
1.000901128852837
1.0010498827250491
0.9999686649669477
1.0006561569717616
1.000293587923579
1.0002651568289744
0.999943747801566
1.0043887016659474
1.0007631442207576
0.9999603365791327
1.0071050406481667
1.0003299393473317
0.9999653296745742
0.9996747714946328
0.9997887615430147
1.0020921192335317
0.9998839476944958
1.0001627859277193
1.001110364110373
1.0006360864283808
1.0004926915267427
0.999971343114027
1.0012016878419747
1.0015721547461662
0.9999159044205306
1.0006408800752602
1.0000996478522741
1.0009576752305032
1.0026719445063539
0.9995777959335101
1.0000794399618222
1.000436259477374
0.9994503215038402
0.9998813143525462
1.0021485724104586
0.9997573147406054
1.0054290712222063
1.0045553087548549
1.0001773123940856
1.0002677887832898
1.0018967903009597
0.9999367755740143
0.9996000046126091
0.9998681564888467
1.0012922922077312
0.9994239444017537
0.9998566569884404
0.9999225004958173
1.0010605482726167
1.0005188815140817
1.000801686338962
0.9997714551839013
1.0004925663330222
1.0004676094424882
1.000730467202846
0.9999772143413862
0.9999433978971314
0.999915302093704
1.0024569697841015
0.9997969349575063
0.9999007477517546
1.0021119348493464
0.9989371539692535
0.9988861770542062
1.0009755187600742
0.9999117999128097
0.999944279910223
0.9996412115643462
0.9996752754739098
0.9999115442452045
1.000699340190673
1.0000269740484695
1.0010763173281831
1.001271046622988
0.999905923814702
1.0022258181227712
1.0008899526203443
1.003557033549993
1.000450232492188
1.0003940933992788
1.0001923441260243
0.999559243907387
1.003938187813641
1.0000316162657994
1.0034611503552482
0.999553264843321
1.0014577730654102
1.0001516333840401
0.9999916672577193
1.000058211299964
1.0003801052915864
1.0006228150048544
1.000009093385506
0.9184899071854085
1.0037266408155399
1.0000840507994138
1.0003275048952545
1.0100313978548738
1.0116639192412487
0.9999593751169358
1.0000357252887677
0.9997886629611377
1.002291728003397
0.9997657113679931
0.9998693953034706
0.9998464489579305
1.0001356708434306
1.0000433127864916
1.000572815239888
1.0008088642437492
1.0000108720310787
0.9998460488089489
0.9999523963844906
0.9999765292820286
1.0023011356925493
0.9999433569260112
0.9999844131145191
1.0006484045548825
1.0020312625233136
1.000222612529971
1.0004595796925615
0.9999884648625204
1.000358042215443
1.0002515661738403
1.0021655651768235
0.9999386877564167
0.9998809326762612
1.0018685307069661
0.9998829479738511
1.001023924536634
1.0023551815201204
1.0002366670462572
1.0001380409911196
1.0001576031291337
0.9999402484836006
0.9995887429920244
0.999747483220674
1.0000441739653165
1.0003339929089226
0.999636082245214
0.9997742431132164
1.0007040369841105
1.0040477195190292
1.0011306393337598
0.999851710339324
0.9998176423684942
1.000957792826838
1.0002579673456167
0.9999839104389247
0.9999245333466609
1.0001033818332028
1.000351457185506
1.0013649995985954
1.0010117939235808
0.9997580789772621
1.0000182739104826
0.9996217131065778
0.9998769301047322
1.000463168462086
1.0002319498682162
0.9999368823516243
1.0000328860553898
1.0099384031872494
1.0011119106061799
1.00256911535283
1.0019508183533732
1.0001606459759906
1.0004543215875488
1.0001084705778622
1.0002553131548912
0.9999018802283144
0.9998634982031549
0.9997403043271865
1.0003111385824472
1.0004644379194074
0.9998829756432558
1.002211695374489
1.000252656544458
0.9999332420608349
0.9999299251534152
1.0048215323977523
1.0006619134419088
0.9998580531476254
1.0003988105062225
1.0016914497676948
0.9998556930804346
0.9999337653184299
0.9998726366528191
1.0002354804882545
1.0003387446144991
0.9994308244520741
0.9998979040668667
0.9994474154381726
0.9998493591401926
0.9997326142783733
0.999745150437826
0.998840310879594
1.000600819572729
1.0005694829501905
1.0001868106998926
1.0079739190699224
0.9999021474542885
1.0006951776399036
0.9999308378553234
1.0003116764511935
1.000589924901242
0.9996593807217732
0.9999883776355453
1.0000549797335452
1.000456955543071
1.001394819838124
0.9999619051627001
0.9998426620999809
1.0000504735026579
0.999958311054722
1.0014419946834197
0.9999697279166246
1.000245506185725
0.9999575110810685
1.000542427423289
1.00048001187642
0.9998624461170932
1.0022775059126456
0.9984658053933383
0.4412824709647137
0.9999107424384535
0.999875881202926
1.0046485460355974
1.0002006600408333
1.0000416478908618
1.0008890104841723
1.000141908950645
1.0004169949311192
1.0050244787996125
1.0007551788361249
1.0006168442731282
1.0006823438413275
1.000019535594026
0.9999940125504594
1.0000693621468293
1.0009683184712703
0.9986920860253125
0.999857870591491
0.9998873787681427
1.0000881131336818
1.0010382680777872
1.0006112954030613
1.000110981098822
0.9998395164392256
0.9981749718445074
1.0003643217015148
0.9995176245172236
0.9999580475160726
0.9999191944985603
0.9999770391133685
0.9999265684050666
1.0000044465749567
1.0014484838188804
1.0009990505079756
1.000717129946445
1.0020418417607102
1.0003316359269612
0.9999385240847509
0.9986789952283165
1.001759520914077
1.0009428652219905
0.9988458160814352
0.9998707840760102
1.000411438401789
1.0008738525464993
1.0001205362908667
1.0155486689777957
0.9999694676532511
1.0017687273197837
1.0001365423841462
1.000006289181103
1.0044681238197133
1.0012382144739131
1.0023575091670265
1.0007810146138152
0.9995809052185919
1.0005196673231291
1.0014678971131112
1.0004840709982095
1.003582301683671
1.0027352308902775
0.9999407716691835
1.0106388183126565
1.0012010012765458
1.0116037788247378
0.9998483264635581
0.9999159826311425
0.9998129693556049
1.0010842235326638
1.0000033140929605
1.0006242902310487
0.9998287153606097
1.0006172777244349
1.0000346823318642
1.000277069438431
0.999871749198789
0.9999276069470413
1.000088120462033
1.0001054239000013
1.0023104817767952
1.0010819259105403
0.999960175610772
1.0004807695316615
1.0004170993715198
0.999981941184091
1.0014653246046012
1.0002189416552318
0.9998406231717627
0.9999759757764147
0.9997869273720473
1.0002250349157822
1.000158287943736
0.9998605406088248
1.0010441981971276
1.0000985111159004
1.0010431938296571
0.999910489532215
1.001542537650858
0.9996872123880867
0.9985728953084726
1.0000613289701565
1.000214342533964
1.0000912607482229
0.9999796772809444
0.9997827332829172
1.0000107248969854
0.9997823818622629
1.001668081756519
1.0004166891130344
1.0019192142984876
1.00019555770441
0.9984801937103669
0.9998487928841852
0.9998958204088444
1.0001895876941735
0.9998487450712955
1.0013140771795148
0.9999063230221013
1.0010675930147674
1.000260982209533
1.0018447897685405
0.9998398974120097
1.0154185522163832
1.001272228899305
1.0025855710502705
1.0006345426813736
1.0077899926729326
1.0011322223776953
1.004175810576067
1.0003494740900176
1.0021951615172704
0.9998674224567067
1.000485968743506
1.0001109439921423
1.0000871552440966
0.99984454403048
1.0031677344204937
1.0001069458887935
0.9998047919336474
1.0006097249805814
1.0092887178933858
1.002264773185574
0.9996462076684656
0.9999002219081935
0.9998125049070415
0.9999131570763742
0.999793031518607
1.0010894758447921
0.9999180785378822
0.9998738907198915
1.0015261760934009
1.0027528533302088
0.9997973069762328
0.9997674888763094
0.9998627704342449
0.99990659095422
1.0002822951489991
0.9998425783934928
1.0004321959272529
1.0005722332610685
0.999713739549772
0.9999420637933639
0.9997845650467231
1.0010535429408136
0.9999251963991672
0.999961884644768
0.9977617874053372
0.9752478675695105
1.0000619918262998
0.9998895228139761
1.000250150841547
1.0007020142782546
1.0006662023841393
1.0001026564234368
1.0002385350490057
0.9999652777971536
0.9994995428236289
0.9999108276451133
1.0013855251254622
0.9999155306619716
0.9999226706630296
0.9997812360057824
0.9998491598891619
0.9996887484375097
1.0006904182519154
1.0012616316753482
0.9995982054891528
0.9994242917477847
1.0008427343261437
1.0004875890538485
0.9999013399799477
1.0003880350407164
1.0005084170889103
1.0003541366966338
0.9999519299972099
0.6808833658829572
0.9998104088148847
0.9993029405022389
1.0010914571372083
1.0013182811594565
1.0001064036177043
1.0004675211060459
0.9998533182161816
1.0012035550033849
0.9998367948833095
0.9999221718240696
0.9998480817586862
0.9999309820177253
1.0006267983384578
1.0000279571170367
1.0000586742688626
1.0010956539013076
0.9999639752103119
1.0022320118857573
0.9958657100674859
0.999958796574242
0.9991146642916685
0.9999123644518798
0.9999275507571851
0.9998606564386614
1.0015817080375873
1.005506603243101
1.0001411444808306
1.000081075477102
1.0003792342986917
0.9978828679163309
1.0016629444431941
0.9999545639396477
1.0007449849358883
0.9998492731809432
0.999749499855206
1.0002639042925678
0.999982967914301
1.0010842817262227
1.0022483640076107
1.0015779021463833
0.9996103627141542
1.0011988223591666
1.0001755094222768
0.9999077023869917
0.9997004084636383
0.9997634230011296
0.9998789670413231
1.0000338151223627
1.000804748747904
1.0002599435204218
0.9997674199154672
1.0003272349540733
1.000429222984702
1.0011703118360522
1.0044942286890397
0.9999824672822023
1.0000418566836335
1.0008698550488526
0.9997580227468184
0.9999766587615948
0.9999970692773719
0.9999476717106132
1.000316696303829
1.0001972813025957
1.0001665803889075
1.0033016066101013
1.0007881207148823
1.000751307541116
0.9999070536669521
0.9997740078518608
1.0012259891921027
0.9999401632436838
0.9999128215524733
0.9999335076016543
1.0016059880571615
1.0021191211630207
0.999959761174798
1.0002480309575261
0.9998528746095233
0.9998755075823245
1.000215230026601
0.9999645302957708
1.0002577860707123
1.0012248766173695
1.0002997245245535
0.9999047444238749
1.0001577941055135
0.9998502158212828
1.0000051198121296
1.0014471487322658
1.000866277132231
1.0014319869680732
0.9996966191335428
1.002258682058706
1.0005686625287062
1.0000407700255554
1.000111072038737
0.999581184485058
1.0008273212926841
1.0005696374554285
0.9999048394272502
1.000878098353004
1.0008460595360755
1.000022760679114
0.9997995591610895
0.9999291577268121
1.0004378496531052
0.9998625717766688
0.9999349851431126
1.0000857353404042
1.0027896569990193
0.9999275824037613
0.9999985463733945
1.000894283812706
0.9998793817142853
1.0010221606246272
0.999958216114729
0.9994041584299275
1.0010520326721728
1.0023892431864128
0.9998299431331295
1.000644853108747
1.0018630818983443
0.9980266062774287
1.0037275696802934
0.9994902655223994
0.999930450441862
1.0008467712052895
1.0004063372910135
1.001322092828051
1.000016328390186
0.9996863090795692
1.0223302762392503
0.9998967938553229
1.00143056346333
1.001043076222964
0.9999396662691492
1.0004260537949738
0.9998782442710122
1.0005201530155656
0.9998667992904215
1.0048222385724488
1.000361471191991
0.9997983109777968
1.0002278298713136
1.0005392087431564
1.0000510827358744
0.9991512873997334
0.9999523130147188
0.9998870595864786
0.9997178907423182
0.9990020553228748
0.9997045546136469
1.000437713488675
0.9991245555450275
1.0016582802575218
1.0013132332196772
1.0013501309321982
1.0019506442360855
1.0003008864089475
1.0000414923135108
0.9998787288894291
1.0004906768605648
1.0000832192280071
1.0000225244562089
1.0001323353330638
1.0012354460232937
0.9999247729394306
1.0006323192721773
1.000548371626076
1.0002082097376284
1.000391846699767
1.0046241639582119
1.0004405370537428
1.001997531870129
0.9999978059961414
0.9998863490427836
1.0008923195820871
0.9992901365208683
1.000324653775547
1.001012417978857
0.9997414945221053
1.0005708804337543
1.0006383711127316
1.0011933522962715
1.0009325581848525
0.9999078706027945
0.9998620767563168
1.0002488572713304
1.0022155640430022
1.013796176143074
1.0011963529090973
0.9998420699543275
0.9998611064917884
1.0000947892041139
1.000672063111207
0.9998172366989768
0.9998926445341455
0.9994854921684314
1.000133400464022
0.9998415199348085
0.999594487716067
0.9998031180311254
1.0008504573955406
1.0000014870457918
0.999878813848064
1.000635394818264
0.9993975404065152
0.9996665771327137
0.9999081116588537
1.000038313751909
1.0000987600699247
1.0012207768565673
0.9998111332787619
1.0029807598822282
1.0001776352093288
1.0193109823909252
1.000268710382323
0.9992601556478541
1.0033414887234207
1.0007271483021631
0.9996305882525766
