0.9999999999265096
1.0000000000004508
1.000000000063889
0.9999999998922904
0.9999999999718289
0.9999999999475213
0.999999999883583
0.9999999999665782
0.9999999999539674
1.0000000001115263
1.0000000001080926
0.9999999999484744
1.0000000000114753
1.0000000000889806
1.000000000007325
1.0000000000265878
1.0000000000117646
0.999999999452543
0.9999999999664655
0.999999999667283
1.0000000000106126
1.000000002655474
1.0000000001016598
1.0000000002354548
1.0000000000823648
0.9999999999573718
1.000000000056787
0.9999999999412924
1.0000000012805346
0.9999999998920582
0.9999999999449795
1.00000000901627
0.9999999998507237
1.0000000001255671
1.0000000000732991
0.999999999977125
0.9999999999898125
1.0000000000424913
0.9999999999878549
1.0000000000324993
0.9999999999746438
1.000000000096454
0.9999999998392568
0.999999999944053
0.9999999996371133
0.9999999999036819
0.9999999998996341
0.9999999999308649
0.9999999995956426
1.0000000000241585
1.0000000000208409
0.9999999999655753
1.0000000000466092
1.0000000000486848
1.0000000000037124
1.0000000000379687
1.0000000000070488
0.9999999981776981
0.9999999999953255
0.999999999983003
0.9999999999633281
0.9999999999881596
1.00000000001519
0.9999999999793618
1.0000000027082572
1.00000000004145
0.9999999999271633
0.9999999999572147
0.9999999999574939
0.9999999982436801
1.0000000000508205
1.0000000000145854
1.0000000000289375
0.9999999999248751
1.0000000000930898
1.000000000041548
0.9999999997612722
1.0000000000232918
0.9999999998167219
1.0000000000125011
0.9999999999228362
0.9999999999258209
1.0000000000366984
1.0000000000394103
1.000000000030986
0.9999999999694364
0.9999999999242923
0.9999999998043951
0.9999999999678406
1.0000000000192824
0.9999999997329769
1.0000000000522244
1.0000000000942835
0.9999999998538374
0.9999999999967495
1.000000000995044
0.9999999999253298
0.9999999998265549
1.00000000000089
0.9999999999138389
0.99999999998358
1.0000000000761144
1.0000000001121958
1.000000000122616
0.9999999999352048
0.9999999997498085
0.9999999999477449
0.9999999999806369
1.0000000002237228
0.9999999999154603
0.9999999999505607
0.9999999999710381
1.0000000000113642
0.9999999999253129
1.0000000000034948
0.9999999999604653
1.000000003305555
0.999999999987524
0.9999999999340797
0.9999999993841833
1.0000000000071536
1.0000000000229077
0.999999999822828
0.9999999999567708
1.0000000001289968
1.0000000000533922
0.9999999916938331
0.9999999999558182
0.9999999910541987
0.9999999997973973
0.9999999999215088
0.9999999999243472
1.000000000913387
0.9999999999606052
1.0000000001106188
1.0000000000015627
1.0000000000748355
0.9999999999661876
0.9999999999968954
0.9999999999824521
0.9999999999580065
1.000000000131996
0.9999999999688859
1.0000000000147193
0.9999999999148721
0.9999999999514118
0.9999999999336296
1.0000000000786213
0.9999999998803611
1.0000000000572447
0.9999999998371123
1.0000000004864422
1.0000000001055174
0.999999999954391
0.9999999948541188
0.9999999999940795
0.999999999945161
0.9999999991099229
1.0000000001013611
1.0000000040705461
0.9999999998756605
1.0000000000037614
0.9999999999659142
0.9999999999304672
1.0000000001985334
1.0000000001545526
1.0000000001015819
1.000000000051834
1.000000000035101
1.0000000001085234
0.9999999999384691
1.00000000003201
0.9999999999465581
1.000000000045316
0.999999999898575
0.999999999889697
0.9999999999667749
0.9999999999668389
1.0000000001185327
1.0000000001013905
1.0000000000297742
1.0000000000682554
1.0000000000794285
1.0000000000249716
1.0000000015638795
1.0000000000508833
0.9999999999934286
0.9999999994857391
0.9999999998739625
0.9999999998645406
0.9999999996561584
0.9999999999401958
0.9999999999102107
0.9999999999733673
1.0000000000354787
0.9999999867496736
1.000000000063
1.0000000000108609
1.0000000000233569
0.9999999999888562
0.9999999997881064
0.9999999999797688
0.9999999998066693
1.0000000000248923
0.9999999999767019
0.9999999998815282
1.0000000001055285
0.9999999999676372
1.000000000056632
0.999999999969775
1.0000000000052314
0.9999999999240519
0.9999999999675205
1.0000000000882396
1.0000000000379965
0.9999999997367235
0.9999999997576351
1.000000000050336
0.9999999998692332
0.9999999999936233
1.0000000001214413
1.0000000000409877
1.000000000001348
1.0000000000767526
1.000000000047545
1.0000000000474074
0.9999999999364668
1.0000000000534983
0.9999999999388574
1.0000000000056477
1.0000000000308538
0.9999999981075984
0.9999999997247824
1.00000000004938
1.0000000002260805
0.9999999999434553
0.9999999998920374
0.9999999999917809
0.9999999998630879
0.99999999947554
1.000000000003033
0.9999999995615475
1.0000000002709326
1.000000000019014
0.9999999996198787
0.9999999995862704
1.000000000048861
1.0000000000432636
0.9999999999247935
0.9999999999855742
1.0000000000601394
0.9999999999291922
1.0000000001286224
1.0000000001900802
1.000000000013274
1.0000000000608005
0.9999999999456725
1.000000000108725
1.0000000000195297
0.9999999999183924
1.0000000000319011
1.0000000001006903
0.9999999996953928
0.9999999999986616
1.000000000375589
0.9999999996255066
1.0000000000477427
1.0000000000823381
0.9999999999941063
0.9999999998220628
1.0000000000698228
0.9999999999628612
0.9999999999330452
1.000000000061719
1.0000000000347367
1.0000000000060303
1.0000000001466904
1.0000000001218563
0.9999999997365806
1.00000000000519
1.0000000001007319
1.0000000000243698
0.9999999999034431
1.0000000000413185
0.9999999999244293
0.9999999999647197
0.9999999997174698
1.0000000001126153
0.9999999999547541
0.9999999998873107
1.0000000000141893
1.000000000038419
0.9999999999500799
0.9999999999609088
1.000000001394872
0.999999999685937
0.9999999999818204
0.9999999998900305
1.000000000204391
0.9999999995420887
0.9999999999695283
1.0000000000132478
1.0000000000258302
1.0000000001408782
0.9999999996189172
1.0000000000063363
1.0000000003113292
0.9999999996799266
0.9999999988504925
1.0000000000579752
1.000000000069917
1.0000000000542637
1.0000000000796343
1.0000000025453306
1.0000000000131029
0.9999999998426932
0.9999999999788003
1.0000000003273775
1.000000000045068
1.0000000000329001
1.0000000002652631
1.0000000001161318
1.000000000207713
1.0000000000112566
0.99999999990272
1.0000000000417815
0.9999999999957573
0.9999999996584064
0.9999999999318706
1.000000000272395
0.9999999998081155
0.9999999999723913
0.9999999999337226
0.9999999999753146
1.0000000009874654
1.0000000015064552
1.0000000000376683
0.9999999999818083
0.9999999999764387
1.0000000001303757
1.000000000020538
1.0000000001139515
1.0000000002354168
1.0000000000464604
0.9999999999104627
1.0000000000039762
1.0000000000046239
0.9999999999617099
1.0000000001226232
1.0000000000194764
0.9999999999733139
1.0000000002759288
1.0000000000617082
0.9999999998014026
0.9999999999473297
1.0000000000877092
1.000000000046352
1.0000000000441938
1.0000000000206741
1.0000000003825134
1.000000000108761
1.0000000000534728
1.0000000000036815
1.0000000000215825
1.0000000000910036
0.9999999999739306
0.9999999999608621
0.9999999996187069
1.000000000060401
1.0000000000752243
1.0000000000291647
1.0000000000810114
1.0000000003097538
1.0000000000258955
0.9999999999946099
1.0000000003537572
0.9999999999057316
0.9999999999712557
0.9999999999699639
0.9999999999510114
1.000000000046761
1.0000000000664517
1.0000000000863276
0.9999999999979643
0.9999999999537453
0.999999999905936
1.0000000002086136
1.000000000049053
1.0000000000429232
0.9999999999931469
1.0000000000248594
1.0000000001553602
0.9999999999734448
1.0000000000402494
1.0000000000388296
1.0000000000086917
0.99999999996075
0.9999999999316476
0.9999999999489875
0.9999999999867252
1.0000000000603713
0.9999999999790404
0.9999999999945551
1.000000000126247
1.0000000000120677
0.9999999999204885
0.9999999999199791
1.000000000035536
1.0000000001620988
0.9999999999996582
0.9999999999581857
0.9999999999901598
0.9999999999916949
0.9999999999448389
0.9999999999646877
1.0000000003742613
1.0000000000288138
1.0000000000739706
0.999999999963837
1.0000000007078627
1.0000000001961051
0.9999999997872505
0.9999999999555771
1.0000000000529061
1.0000000000051623
1.000000000504821
0.9999999998572574
0.9999999999313637
1.0000000000701788
1.000000000007561
1.0000000007394332
1.0000000000581308
0.9999999998163189
1.0000000001422173
0.999999999891741
1.0000000000111025
0.999999999951968
0.9999999994921599
0.9999999995234798
1.0000000003336154
1.0000000000560565
0.9999999988589553
0.9999999999136744
0.9999999999469444
1.0000000000850362
0.9999999999810213
0.9999999999326975
0.9999999999698077
0.9999999999813214
1.0000000000100546
0.9999999997547385
0.9999999998625048
1.0000000000486535
0.9999999999750747
1.000000001228712
0.9999999970134933
1.0000000000570017
1.0000000000443243
1.0000000001566518
1.000000000049075
1.0000000001365361
1.0000000000564455
0.9999999998590241
0.9999999999932719
1.0000000000168947
0.9999999998538726
1.0000000001839902
0.9999999998079568
1.000000000093673
1.0000000000014264
1.0000000000834475
0.9999999999026378
0.999999999944013
1.0000000000288596
1.0000000000339113
1.0000000000866032
0.9999999999487746
1.0000000000279305
1.0000000001192475
0.9999999999570381
1.0000000002378797
1.0000000000138063
0.9999999999446969
0.9999999999855538
0.9999999999951941
0.9999999999581736
1.0000000001913736
0.9999999999223119
1.0000000000830873
0.9999999999804228
1.0000000000058389
1.0000000000406315
1.0000000001272733
0.9999999999255007
1.0000000000205356
0.9999999999208057
0.9999999992954419
1.0000000000566105
0.9999999999928127
1.000000000404166
1.000000000114821
0.9999999999620928
0.9999999999831821
0.9999999999954559
1.000000000036434
0.9999999999781125
0.999999999971338
1.000000000081054
0.9999999999585654
1.0000000000884373
0.9999999999651968
1.0000000000171392
0.999999999997358
0.9999999998758503
1.0000000000188507
1.000000000261935
0.9999999999082443
0.9999999999780828
1.0000000000213987
0.9999999913282229
0.9999999999873845
0.9999999995596884
1.0000000001587956
1.0000000000454143
1.0000000000972824
1.0000000000700635
0.9999999999397247
1.0000000000198557
1.0000000000853912
0.9999999998811514
1.0000000003238751
0.9999999999574694
1.000000000022303
0.9999999999000833
1.0000000001713956
1.0000000000695521
1.0000000000416114
0.9999999996182305
0.9999999999256313
1.0000000000491303
0.999999999881969
0.999999999989721
0.999999999927772
1.0000000000939344
0.9999999999740506
0.9999999999559595
1.0000000000253326
1.0000000002783638
1.000000000012084
1.000000000136253
1.0000000000505849
1.000000000352775
0.9999999997290594
1.00000000002349
1.0000000000536846
1.0000000000790368
1.0000000000326994
0.9999999990252807
0.999999999956723
0.9999999999614062
1.0000000000538274
1.0000000000664309
0.9999999999453774
1.0000000000170721
1.0000000000198914
1.0000000000029632
1.00000000003657
0.9999999998866161
1.0000000000765443
1.000000000013918
1.0000000000609466
1.00000000007945
0.9999999997412191
1.000000000088387
0.9999999998579076
0.9999999999931569
0.9999999999447068
0.9999999998954814
1.0000000000779306
0.999999999916169
1.0000000001016502
0.9999999980841343
0.9999999999932783
1.0000000000167897
1.000000000354967
0.9999999999389944
0.9999999999580769
1.0000000010996934
1.000000000037972
0.9999999994995363
1.0000000005507463
1.0000000000230742
1.000000000027731
1.0000000000593599
1.0000000000010676
1.0000000000407738
1.0000000000425
1.0000000000382847
1.0000000003036504
1.0000000000546918
1.0000000000001779
1.0000000000587332
1.0000000000829983
1.0000000000647915
0.9999999999254228
1.000000000222337
1.0000000131186906
0.9999999999108451
0.9999999991890357
1.0000000000652496
1.0000000000719733
1.000000000066983
1.0000000000119065
1.0000000000409415
1.0000000002939458
0.9999999999741078
0.9999999998549951
0.9999999999677247
0.9999999999098583
0.9999999999992722
0.9999999999711388
0.9999999998818998
1.0000000000244447
0.999999999935004
1.0000000000184588
1.0000000000292593
1.0000000000437066
1.0000000000568163
0.9999999989348434
0.9999999999908273
1.0000000002107716
1.0000000000209703
1.0000000003407512
1.0000000005929854
1.0000000000793423
0.9999999947065265
1.0000000000897356
1.0000000004835023
1.0000000001058438
0.9999999999917503
0.9999999999876104
0.9999999996690053
1.0000000000094003
0.9999999999966354
0.9999999994302496
0.999999999871411
1.0000000057402492
0.9999999999926745
1.0000000000671256
0.9999999999654214
0.9999999996759511
0.9999999999179529
1.000000000319421
0.9999999998530591
1.0000000000023457
0.9999999999203704
1.0000000002852256
1.000000000041057
1.0000000000320477
1.0000000000636664
1.0000000000584235
0.999999999764142
0.9999999999071657
0.9999999998936032
1.0000000000077334
1.0000000001006661
1.0000000000382396
1.0000000001272245
1.0000000000060765
1.0000000000088682
1.0000000000712495
0.9999999999221943
1.0000000001443332
0.9999999999293232
1.0000000003354506
0.9999999996699327
0.9999999999759652
0.9999999999483108
1.0000000000657085
1.0000000001527773
1.0000000001336984
0.999999997708069
1.0000000000228269
0.9999999999620163
1.0000000001821003
1.0000000000708054
0.9999999999373101
1.000000000041008
1.0000000001022797
1.00000000007067
0.9999999999968133
1.0000000008447796
1.0000000000131848
0.9999999999309924
0.9999999999994371
0.9999999998955801
0.9999999999471909
0.9999999998763716
1.0000000000134905
0.9999999999877681
0.9999999999948135
1.0000000000503557
0.999999999901512
0.9999999999725758
0.9999999980702348
0.9999999999845772
1.0000000001480387
1.0000000000303246
0.9999999998673684
1.0000000001107936
0.9999999996261101
0.9999999999664455
0.9999999999494307
0.9999999999381673
1.0000000000334548
1.0000000000260199
0.9999999997519471
0.9999999999636844
0.9999999997781419
0.9999999999197091
1.0000000002224834
0.9999999999517428
0.9999999993332074
1.0000000001639642
1.000000000373635
1.0000000000466573
1.0000000000543972
1.0000000000025981
1.0000000000398497
1.0000000000616431
1.000000000014709
1.000000000013782
1.0000000001496354
0.9999999999064102
1.0000000000710818
1.000000000066653
0.9999999999141436
0.9999999998890226
1.0000000000601144
1.0000000000690683
0.9999999999365597
1.0000000000412697
0.99999999986485
0.9999999999586785
0.9999999998142312
1.0000000001515503
0.9999999999960055
0.9999999999634314
1.0000000002395213
1.0000000053458247
0.9999999999553069
1.0000000000676554
0.999999999903099
0.9999999999559187
1.0000000001291214
0.9999999998728275
0.9999999999970776
0.9999999999865247
1.0000000000566684
1.0000000000073306
0.9999999999999897
0.9999999998549846
1.0000000000168696
1.0000000000037212
1.00000000001911
1.0000000000594098
1.000000000068042
1.000000000050131
1.0000000000867517
1.0000000001432254
1.0000000000030351
0.9999999999350114
0.9999999999812708
0.9999999999879778
0.9999999993092443
0.9999999999161018
1.000000000036472
1.0000000002793077
1.0000000000664546
1.0000000000704563
1.000000000127313
0.9999999999058188
1.0000000000211196
1.0000000008349221
1.0000000000783151
0.9999999999727441
1.0000000000839195
0.9999999999869672
1.0000000000042322
1.000000000074331
1.0000000000786666
0.9999999997838974
1.0000000000749822
0.9999999999884192
1.0000000000525453
1.0000000002015688
1.0000000003266218
1.0000000000353884
0.9999999999200109
0.9999999999803536
0.9999999999702696
1.000000000036782
0.9999999996582992
1.0000000002167717
0.999999999903817
0.9999999997628185
0.99999999991932
0.9999999988406618
0.9999999999740838
0.9999999999215702
0.999999999830856
0.9999999999907732
1.0000000000774625
1.0000000000922
0.9999999999492623
1.000000000033031
1.0000000000076668
0.9999999996845904
0.9999999998864073
0.9999999995846464
1.0000000000850626
1.0000000000335103
0.9999999999773294
1.000000000076129
0.999999999930159
0.9999999999337629
0.9999999999878759
1.0000000000717881
0.9999999999739119
1.0000000001806832
0.9999999999534336
0.9999999999843326
0.9999999999845343
1.0000000000174674
0.9999999999487869
0.9999999998107694
1.0000000000211893
1.0000000000268061
1.0000000000204101
1.000000000013153
1.000000000059189
0.9999999999816314
0.9999999998927354
1.0000000000303038
0.9999999999343904
1.000000000018888
1.0000000000613118
0.9999999999613932
0.9999999999804844
0.9999999999631828
0.9999999999494675
0.9999999999530476
1.0000000006683765
1.000000000201482
1.000000000012545
1.0000000000612983
0.9999999999255892
1.0000000000397788
0.9999999999995531
0.9999999999419786
0.9999999997342859
1.0000000006713603
1.000000000103618
0.9999999999210573
0.9999999999351553
0.9999999999046177
1.000000000038163
0.9999999998811554
0.9999999998464146
0.9999999998740793
1.0000000000570808
1.0000000002653016
0.9999999999924002
0.999999999878745
1.0000000000476472
0.9999999999077122
0.999999999960376
1.0000000000571507
1.000000000011987
1.0000000000246863
1.0000000000246114
1.0000000000849105
0.9999999999424507
1.0000000000523714
1.0000000000104274
0.9999999999483632
0.9999999999060999
1.000000000360138
1.0000000000045635
0.9999999999657423
1.0000000000085516
0.9999999999570682
0.9999999999509712
1.000000000016357
0.9999999999764232
1.0000000004333196
1.000000000129898
0.9999999999465486
1.0000000000409972
0.9999999999988518
1.000000000042405
0.9999999995183861
1.000000000363518
0.9999999998442352
1.0000000000042495
1.000000000003714
1.0000000000856688
1.0000000000324358
0.9999999999944594
0.9999999999465305
1.0000000124652533
0.9999999999343252
0.9999999999909636
1.0000000000050795
1.000000000093816
0.9999999996595477
0.9999999999816646
1.0000000000167542
0.999999999867487
0.999999999788386
0.9999999999448306
1.00000000006667
0.9999999999945937
0.999999999975814
0.9999999999848674
1.0000000002479934
0.999999999456461
1.0000000000270213
1.0000000002730915
0.9999999998975784
1.0000000000272626
0.9999999999423099
1.0000000000015676
1.000000000082146
0.9999999999102224
1.0000000001194855
1.0000000002696137
0.9999999999821535
1.0000000000021034
0.9999999998909013
1.000000000014873
0.999999999989774
1.000000000018002
0.9999999997728843
1.000000000077778
0.9999999999385791
0.9999999999690156
0.9999999999621093
0.9999999999405987
1.0000000000111509
1.0000000004896261
0.9999999999458586
0.9999999997166125
1.0000000000093978
1.0000000000669638
0.999999999866469
0.9999999999058221
0.9999999999110172
0.9999999999265896
0.9999999999959158
0.9999999999023493
0.999999999896241
1.0000000000632632
1.0000000000750349
0.9999999999361205
0.9999999999272245
1.0000000002459706
1.0000000001901004
0.9999999999224392
0.9999999999911391
0.999999999961121
1.0000000000795113
1.0000000000017435
1.0000000003047556
0.999999999954405
0.9999999999475948
1.0000000001024003
0.9999999999663816
0.9999999999395245
1.000000000050103
0.9999999999321953
1.0000000000049953
1.000000000112834
1.0000000000594078
1.000000000027218
0.9999999998149924
1.000000000077284
0.9999999999995386
0.9999999999916219
0.9999999999246693
0.9999999999135036
0.9999999999209438
0.9999999993370899
0.9999999999277948
1.0000000005032936
1.0000000001370377
0.999999999643705
1.0000000002471838
0.9999999999356985
0.9999999999483199
