1.0000274723441298
1.0000543440057121
1.0000544232579451
1.0005200854935619
1.0000588698836013
1.0000308709494585
1.0001072771353163
1.000087057407005
1.000047193535303
1.000044996820539
1.0000299889992057
1.0000203478637435
1.000088441540784
1.0000577501973513
1.0000360936227137
1.0000319821633743
1.0000194759931542
1.0000499723759984
1.0000366100967226
1.0000387708516008
1.0000221223313945
1.0000515779467718
1.000091053443178
1.0000344153584328
1.000038781760116
1.0000433900249412
1.0004023560246993
1.0000242812310718
1.0000203843100255
1.000043638168278
1.0000455864331679
1.0000379830562964
1.0000574386959997
1.0000196109770307
1.0000806588323152
1.0000548350330976
1.0000693321263154
1.0000360172639133
1.0000650933771424
1.0001134938996938
1.000072584203311
1.000091551631066
1.0000872304557107
1.0000345532757087
1.0000674174099147
1.000094172489335
1.0000703221795346
1.0023116133992174
1.0001321933897072
1.0000357475542059
1.000031782620645
1.0000874758293745
1.0000812307779305
1.000162200669516
1.0000523354146522
1.0000365062389307
1.0000311653193146
1.0000298298688994
1.0000475042491475
1.000072550246989
1.0000711264800157
1.000341463753234
1.0000440386767357
1.0000215487889084
1.0000814684819064
1.0000925503209706
1.0001428922508762
1.000026862448365
1.0000497063423162
1.0000210749751381
1.0000445321509548
1.0000345778368094
1.0000264026975274
1.0000707700461253
1.0000238936265862
1.0000558493853144
1.000052300368848
1.0001078204769476
1.0000306446135638
1.0000897036971126
1.0001266897432433
1.0000379844264011
1.0000587498426763
1.0000250108232065
1.0005369824047532
1.0002096188544587
1.0000518211029432
1.0000233428125043
1.000173633884791
1.0001178983607075
1.000022625701098
1.0000502248311132
1.0000415597876107
1.000016897564482
1.0002570258439885
1.0001819650424202
1.0000659078441752
1.0000499679780048
1.000046583711426
1.0000251502455992
1.0000493045008765
1.0000678774063905
1.0000280856964758
1.0001054315070663
1.0000457749061797
1.0000304806017175
1.0000411095678574
1.0000335350495082
1.0000298357748725
1.0001107223237284
1.0004655154865831
1.0000672471253194
1.0001751022017367
1.0000397467315065
1.0000405424211019
1.0000691466638358
1.0000177621739375
1.002589084699728
1.00005325027284
1.000092289592795
1.0000374536169052
1.0000547644765838
1.000101309090238
1.000037964959564
1.0000269773460244
1.0000484262621727
1.0000253364333735
1.000221576896025
1.0012946887209875
1.00004947119098
1.0001707069130927
1.0000272095449874
1.0003388283087549
1.000129311433209
1.000048041168605
1.0000901775847104
1.0001140650358213
1.0000205350705167
1.0002339305068455
1.0000460860195726
1.0000689967820333
1.0002342924603271
1.0002446333727906
1.0018738492342958
1.0000328758022008
1.000022304411142
1.000033177383867
1.0000221509644502
1.000187020002309
1.0003553618188135
1.0001693066287067
1.000374908751292
1.0000228723989621
1.000032079450033
1.0000237590322092
1.0000545747717522
1.000121828587501
1.0000458741234037
1.0000396976038286
1.0000366575638533
1.000027907302625
1.0001036244095982
1.000045067852564
1.000367937509305
1.0000655576456123
1.0000437082472495
1.0000622343191157
1.0001034427445998
1.0000529341099413
1.0000617585751
1.00012785508168
1.000030670277401
1.0000367701332904
1.0000813172597975
1.000024931215104
1.0000386779480332
1.000064157737898
1.0000229771485043
1.0000222829530396
1.0000298775214365
1.0013178219522796
1.000067230196166
1.0001111775598275
1.0002057073808734
1.0000460901683645
1.0000500450109397
1.0042349849256644
1.0011754294972404
1.0000648862680521
1.0000280191418316
1.0000361426243651
1.0000250082390791
1.0000593383752987
1.0000472289551514
1.0000358770751818
1.0000769948812391
1.0001497898893634
1.0000447599623672
1.0000412515621564
1.0000289622191045
1.000163224843971
1.0000166205917473
1.0000174671787512
1.000103564625003
1.0000415957644195
1.0000890928886128
1.0001398257344423
1.000079410287291
1.0001848111682652
1.0003264585299516
1.0001559320624378
1.00004087011443
1.000040895662014
1.0000605732623888
1.0005826515219227
1.00007272149032
1.0001622842344802
1.000424647247282
1.000112283389774
1.000039197396188
1.0000602919492654
1.000046224099917
1.0000303600196359
1.0000570962467912
1.0000179951150532
1.0000215513670976
1.00006963609081
1.0000565689467469
1.0000724388595754
1.0001435497108893
1.0001073719133606
1.000450119659214
1.0000346058885794
1.0000440798658141
1.0000309805029228
1.0001802212271653
1.000032957553139
1.0000281401268525
1.0000279965326988
1.000181100857185
1.0000746048502658
1.0000264858924683
1.000041201771384
1.0000931943665767
1.0002308651836822
1.0000288058754208
1.0000491585193585
1.0001311881332213
1.0002965857840385
1.000021246439272
1.0000941640450476
1.0000436861477702
1.0002930893283044
1.0000432126401835
1.0001759627233038
1.000099721308536
1.0000266069077715
1.0000348243818666
1.0000305634848385
1.0000400635612878
1.0000971562805394
1.0000459862644244
1.000025381627647
1.0000335390703663
1.000038099519214
1.0000372373548971
1.0000894079757863
1.000053657265242
1.0000223713159546
1.0001363926579627
1.000029914959281
1.0001349561225201
1.0000889567132214
1.0000368754687954
1.0000385762702417
1.0000457136376897
1.0000324001314038
1.0001781713393298
1.0001336633385294
1.000023392754648
1.0001152202983528
1.0000613388218336
1.0000595427269765
1.0000243687337564
1.0000614807283639
1.000047076068118
1.000260932468246
1.000031962632407
1.000026882858453
1.00004045633425
1.0001179472099666
1.000093901348962
1.0000383682723293
1.0000965513446232
1.0001435897480953
1.0000262049618054
1.00005432333831
1.0014251711439246
1.0000884294345207
1.0000486152629597
1.0000508037543367
1.000133970874601
1.0000256483291579
1.0000544006102274
1.000214964612034
1.0000395463759595
1.0001101813052191
1.0000236659510875
1.0001024806327063
1.0000540820471562
1.0004872905279616
1.0000326151271532
1.0001526060231907
1.0000442904869251
1.0001033760439597
1.0000210956221756
1.0000261098066698
1.000024772353259
1.0000324732587222
1.0000279935122132
1.0001091537813096
1.0001098452481783
1.0000855605270196
1.0000359299798145
1.0100236454518612
1.0000350510153249
1.000062557285889
1.0000431796438114
1.0001365732790504
1.0001116757813056
1.0000598684677717
1.0000537980010529
1.0000252045573024
1.0000369123864463
1.0000512094788223
1.000034222687145
1.0000287247172812
1.000023918802412
1.0001707920459675
1.0019313228681972
1.000045690826499
1.0000442152911815
1.0000311389538323
1.0000191723389882
1.0002164001616707
1.000067604348377
1.0000379672354056
1.0000974317162188
1.0000810367515636
1.0000302251930828
1.0000958826434738
1.0000495184499347
1.000064297104201
1.0000303200506324
1.0000704197113244
1.0000592999514697
1.0000248493106203
1.0000464789554735
1.0000885716068568
1.0012441511020735
1.000229080133756
1.0000734945529581
1.0002264356485753
1.0000230445689484
1.000045697133828
1.0000607737598126
1.000118674794792
1.0000586993474538
1.000028989483106
1.0000349631636791
1.0000225163651897
1.000143930249485
1.0000699813919858
1.0000441337121668
1.0001066317793095
1.0000248609897444
1.00019497850909
1.0000516823503993
1.0001283141696
1.0000322278791882
1.0000598445525692
1.0000473378421226
1.0000710636569334
1.000031783088795
1.0030932033083113
1.000374023960094
1.000078437668432
1.000058651882289
1.0000293811223668
1.0000672196379672
1.000083530054248
1.0004794363465743
1.0000742179329527
1.0000489228383116
1.0000443199075382
1.0002892310133933
1.0001074695150785
1.0010451464336898
1.0000542630380311
1.000035857584501
1.0003928109232985
1.0000388903746085
1.0001287542652089
1.0000496991046874
1.000075251988957
1.0000238814363243
1.0001628487483043
1.000066727439394
1.0001398562177546
1.000027962077008
1.000039760232342
1.00005032155186
1.0001683353747102
1.000862462273095
1.00003767838925
1.000041750295305
1.0000489492717766
1.000033879768035
1.0000517997717775
1.0000352072434837
1.0000367956172311
1.0000410722179174
1.000033479811206
1.0004101954290083
1.0001259233043298
1.0000360878756198
1.000329203909284
1.0001013603408009
1.0003159196470126
1.0000471844981942
1.0000536905997264
1.0001595482663603
1.0000241716453846
1.0001091053934852
1.000019519347373
1.0000854473393819
1.0011016392161518
1.0000585160909545
1.000059797565367
1.0000339032817394
1.0000529770586193
1.0001245453375673
1.000031359508118
1.0000388815432888
1.0000665354675893
1.000037709577256
1.0000425666221993
1.0000913581965876
1.000083936887385
1.0000475672342934
1.0000225296438117
1.0000163893230347
1.0000521981101202
1.0001763762151705
1.0000225063022328
1.0001989841972059
1.0000557266406749
1.000041885558675
1.0000789129571082
1.0000784691752804
1.0000535922624945
1.0000506332334262
1.0000411181203994
1.000095586196822
1.0000604359428893
1.0000355577533135
1.0002263207467366
1.0353935447842981
1.0000626699956523
1.0000278474297022
1.000067910241118
1.00004217354771
1.0001344220957642
1.0001530328049602
1.0000603694456922
1.0000264023442462
1.0000283999765374
1.0000428867302
1.0000531075004198
1.0000439647512418
1.0000527422513066
1.0000307458481892
1.000060915556433
1.0000615108235134
1.0001182134674196
1.000027901438353
1.0000407772607702
1.0000371585726626
1.0000980018151617
1.0000919220235853
1.0001058734916095
1.0002013392089035
1.0000382006604889
1.0001445101636801
1.0000209871123433
1.0000325681291837
1.0036903980721072
1.0024325765659967
1.000018742011981
1.0000446972597594
1.0000281822778812
1.000030750826285
1.0002315951649359
1.0001329195529824
1.001101330531959
1.0000471424658803
1.0000774293104464
1.0001537529798163
1.0000598214495477
1.0000244926679989
1.0001672222059568
1.000089366614901
1.0000275049408804
1.00003887982217
1.0000287624193058
1.0000247672294302
1.0000321457858123
1.0000197053025504
1.0000396587574905
1.0002298376404455
1.000150790351379
1.0001743569210682
1.0000423557701519
1.0005758715708528
1.0000578207987634
1.0000492004107364
1.00008337040018
1.0000676037499459
1.0000338936380615
1.00014408051261
1.0000284203301675
1.0002603841942872
1.0000189420130186
1.0000695962521724
1.000032104851161
1.0000852147842958
1.000126119051323
1.0000234597458548
1.0000230833072106
1.000215789292222
1.0001719728255334
1.000205606895374
1.000020870446916
1.000028444180764
1.0000488528125764
1.0010576074167508
1.0000298194423771
1.0000318616600652
1.0000344125857348
1.0000254817533651
1.000111712498476
1.0000240142538788
1.000122042947332
1.00002825464028
1.0001004526336323
1.0000317203377476
1.000042807475325
1.0000317291967575
1.0000495688166877
1.0000306506099506
1.0000303000698445
1.000199480446402
1.0000484087429968
1.000022369600197
1.0000476897638335
1.0000582151953965
1.0000807218620382
1.0000239724276598
1.000035594864255
1.0001219025753045
1.0000416232672562
1.0000241080631913
1.000067619445096
1.0001302381024932
1.000019912544738
1.000025116524361
1.0000788311895856
1.0000171661663777
1.0000269009190976
1.0000600676999918
1.0006905154700796
1.0000247544111216
1.0001305565970264
1.0001033320140946
1.0000182787976186
1.0000609894409884
1.0000346072731026
1.0000594924233874
1.0000800914810584
1.0001407214990834
1.000055819412729
1.0000561522622715
1.0000502577025459
1.000058130246948
1.0000869086434057
1.0001076558683168
1.0001836544669909
1.0000426550627037
1.0000636524211248
1.000023918120288
1.0001030866042417
1.0000689288452174
1.000174254831122
1.0000340190490402
1.0001986995302932
1.000080996595832
1.000032131890714
1.0000517753922662
1.0002450110294365
1.0000871528885145
1.0000195265784833
1.000101036284585
1.000067477846119
1.0000426859997744
1.0000226289832401
1.0000807054289014
1.0000583612802654
1.0000844305482075
1.000057234525534
1.0000409251127014
1.000032166321683
1.0001580832459827
1.0000463175706102
1.000056446808487
1.000033695621093
1.000035166272768
1.000165168722108
1.0001358570744359
1.000034145203771
1.0001544675071676
1.00009503705871
1.000032877676284
1.0000257232093916
1.0000311127487356
1.0000199374442826
1.00366367773962
1.0000259707219772
1.000024323974855
1.0000315094634213
1.0000559987169986
1.0000695256387475
1.0005874841093236
1.0030231918793195
1.000277343668594
1.0000498496956447
1.000019645661446
1.0000419738854285
1.0000966684410024
1.0000813866848843
1.0000554113763152
1.00009681733826
1.000165827840647
1.0001950223911005
1.0000352689492886
1.0007846402214309
1.000029646292058
1.0000890308093704
1.0000868520904462
1.0000782805901478
1.0000830333398436
1.0000286111550039
1.0000519116104423
1.0000966736403407
1.0000297529869153
1.0000389280474138
1.0000789337375395
1.000038640766925
1.000056054856246
1.0000926405865962
1.0000386629589633
1.0001166967271022
1.0003305212237072
1.0000298003849533
1.0001367549133058
1.000159377401278
1.000049930799601
1.0000578457239326
1.0002444450488266
1.0000284204888947
1.0000462133579544
1.0000261257163496
1.0002199473500701
1.0000624503525664
1.0016405892313798
1.0000422168503484
1.0000395353808997
1.000103856653741
1.0000718862413185
1.0004376465597933
1.0000326515933728
1.0000422968411118
1.0000322910303956
1.000167145425202
1.0001329023601915
1.0000839876854395
1.000041393148421
1.0000572330562052
1.0000743951553805
1.0000440679104388
1.0000550364528473
1.0011158467757664
1.0009617767746277
1.0000402661574006
1.000021577114664
1.0000539734553302
1.0003152849300738
1.000028498650269
1.0000853634825442
1.0000596291321389
1.000044012888491
1.0000434429630172
1.0000312451587954
1.000021724929641
1.0152313295763187
1.0000394633892655
1.0000193918277251
1.000038194066777
1.0001186510744704
1.0000719956348287
1.0000306258194567
1.00002888059757
1.0001258865412423
1.0000382545214996
1.0000376653432232
1.000040491696848
1.0000807571920927
1.0000357129072226
1.000040039157029
1.0000931910504414
1.0000509916464324
1.000066882587397
1.0008144997447443
1.0000247125579635
1.0001774756775914
1.0000924038067542
1.0000783891426877
1.0000467804691198
1.0000274180962465
1.000524258735723
1.0000907630721088
1.0000329475529177
1.000052477025099
1.0024910651007861
1.0000285268815294
1.0000653665407517
1.0000871437179484
1.0000983615246175
1.0000260933394696
1.0000240376251603
1.0000302497542153
1.0000324031237913
1.0000360502506076
1.000148079475289
1.0000682552520073
1.0001579937894152
1.0001485294475032
1.0003213411354381
1.000549339396222
1.0000309273814016
1.0014466407730616
1.0000511122443498
1.0000338469174082
1.0006387823386402
1.0001114130203754
1.0000547141504088
1.0000700602581785
1.0000221125920774
1.0000204044957623
1.0000653820739018
1.0006856251200091
1.0000486311223369
1.000098819411899
1.0059170336012357
1.0000192723216046
1.0000401101301808
1.0000915608791034
1.0000341728015367
1.0000498229073407
1.000170912064175
1.000062962589182
1.0000266433476792
1.0001532007196121
1.0000365659841586
1.0003104001887235
1.0000466436567725
1.0000528745791188
1.0000461319253298
1.000030631359224
1.0000412185104373
1.0000296415818182
1.001031642862
1.0000801588994583
1.0000430491371832
1.0000447207243803
1.0000391234309751
1.0002075377144923
1.000048455875169
1.0000652244595827
1.0000615081305892
1.0000479478042066
1.00004492117173
1.0003685936512736
1.0000444936677717
1.0000339812130616
1.0000712000931722
1.0000473111991643
1.0000910725630903
1.000039541136609
1.0000324594887346
1.0000429432409852
1.0000441221645704
1.0000317652005075
1.0023125457174669
1.0000189627830063
1.0002479358476022
1.0000197637740558
1.0001153444918054
1.0000508050764751
1.0000683929272818
1.0002180646550747
1.000032884043215
1.0000506726634708
1.0000434294798046
1.0003560914870466
1.0004658087274683
1.0000725881696901
1.0000734774015683
1.0001131798925824
1.000025089534991
1.0002916768333312
1.0000526917037118
1.0000609646558678
1.0001546918845454
1.0000299138565667
1.000081266551732
1.0000302038518365
1.0000736188001222
1.0000238474185594
1.0004342446778405
1.000074854688011
1.00004158920966
1.0000604082458804
1.0001030718375632
1.0000444897462515
1.0000952732871524
1.0001041432114006
1.0000275902216615
1.0001094914964586
1.000041083899511
1.0000683719132089
1.000070467469449
1.0000440978818055
1.000025099186982
1.0003499568238479
1.0000498246035077
1.0000551496450742
1.0000416844481534
1.000025520158731
1.0000178981855081
1.0016844322102731
1.0000347780509757
1.000022663859808
1.000046472807048
1.000055194260859
1.0000371563451602
1.0000425521883718
1.0000676161660522
1.0000313714790638
1.0000413480889623
1.0000724539900245
1.000022015075171
1.0000932757874899
1.0000918497779685
1.0002161118050235
1.000092588953549
1.0000983593394646
1.0000427320710261
1.0000651236815112
1.0000430390351693
1.000031799193293
1.0000348892088982
1.0000873075691115
1.0000374536048324
1.0000238454467465
1.0000704561825275
1.0001957367394336
1.0000504177513483
1.0001990528005547
1.0002404044361228
1.0000394595117938
1.0002007491326212
1.0002367005238548
1.0000632655670143
1.0010929834007352
1.0000787987143176
1.0001054592524294
1.0000382707132869
1.0000984137484732
1.0001901104327273
1.0000444009128153
1.0000240165306338
1.0003002153293388
1.0002730684708843
1.0000635433615956
1.0000804544852946
1.0000449774230409
1.000034362702127
1.0001277223128748
1.0000281176070696
1.0000563474741924
1.0000388565758838
1.0000590016816613
1.0000564578186812
1.0000434430472969
1.0000262290397453
1.000369423630502
1.0000365549106807
1.0000563344434097
1.0000327702120968
1.0000292197779355
1.0000315900607555
1.0008159046326417
1.0001101120800397
1.0001228355751242
1.0000428246665871
1.0000491657052428
1.0000199991578906
1.0001074126599327
1.0000482719007209
1.016363098658849
1.000025604452117
1.0001822686432975
1.0001016833527991
1.0007720357850198
1.0000341742453505
1.000025334023829
1.000038842848114
1.0000224553464763
1.0000863601452257
1.000052933092335
1.0000707811450227
1.0004824455877515
1.00010068494735
1.0000351221662391
1.000033880598627
1.0000820309199716
1.0000367673127757
1.0000182145950622
1.0001040028995158
1.0000635110052343
1.0000221631087585
1.0001907220531998
1.0000481724647503
1.0001388148169084
1.0000335473906454
1.000040761409343
1.0000901069497594
1.0000655986382176
1.0000311155040866
1.0000508791974176
1.0000218957805405
1.0001243418108394
1.0000460916403535
1.0000629841417967
1.000097791499292
1.0000327406753795
1.0000213142253356
1.000036986293155
1.0000333623599467
1.000054237959981
1.0000234190896946
1.0000549403165009
1.0000239886098328
1.000072659728274
1.0000424982632528
1.0000266628924845
1.0000409816817963
1.000058165672977
1.0000274424126954
1.0000853978747888
1.0000427660311366
1.000042433949707
1.0001384875755477
1.0000274450200783
1.0004210892838474
1.0001388938123363
1.000050370065902
1.0000298123825093
1.000417171785583
1.0000501907291086
1.0000572934625036
1.0000344728640098
1.0000473966021448
1.0000671169492785
1.0000338150178538
1.0002365619653188
1.0000477413246252
1.0000929230258324
1.0000397545884285
1.0000415229062396
1.000034535939792
1.000191778853064
1.000121517839502
1.0000976184085328
1.000027980555759
1.001570526378878
1.0000465428663454
1.0000370435692032
1.0002130596425491
1.0000250427458643
1.0000790454512813
1.0000274688163104
1.0000259683228758
1.00129637690095
1.000026322570798
1.00005286051088
1.0000400098554016
1.0000689000525582
1.0002415723527731
1.0000387687591206
1.0000536277765033
1.0000520719501202
1.0000370121844364
1.0000837127729219
1.0000789364449647
1.0000562155530863
1.0000757395906994
1.0000486197216314
1.0000257600152083
1.0002100821033646
1.0000211605075635
1.0001038089678458
1.0000671423280438
1.000201508398678
1.0000322163557058
1.0000744788738962
1.0000746332515438
1.0000319059559324
1.0000725198283151
1.000030893064909
1.0000279582550966
1.0000928700591283
1.0000270015479196
1.000216955606162
1.0000604172239858
1.0000282702866712
1.0000465024284402
1.000024286299571
1.0002448109022355
1.0000609946400567
1.0000962381970062
1.000323293075327
1.0000510920854808
1.0001037617972062
1.0001139035689264
1.0000309842234838
1.0000200231017768
1.000176683960604
1.0002691364683374
1.0001074874351952
1.0000647360753723
1.0001058014964639
1.0000474611832002
1.000124374347018
1.0000317335759237
1.0000504630620604
1.0026878271155237
1.0001412965859726
1.0000390696582018
1.0000211409619113
1.0000383880957693
1.0000418737847598
1.0002199249211756
1.0000382945178365
1.000031318740331
1.0000517933944677
1.0000524244649118
1.0000555212807833
1.0000449797187452
1.0000231990312938
1.0005488637882025
1.0000477861486718
1.0000284986333041
1.0000600260470223
1.0002223349966195
1.0000387139216629
1.0000551385436482
1.000065216319132
1.0000777196002513
1.0004524361926168
1.0000383230078453
1.0000220771034307
1.0000696126394077
1.0000192898376934
1.0003239250222349
1.0003399613758235
1.0000327027507958
1.000226240221989
1.0000478519178808
1.000042813270056
1.0001852435712522
1.0000817602487269
1.0000568909273937
1.0000982379032926
1.0007926076546625
1.0000338459384257
1.0003425590356247
1.0000185316825383
1.0009266089733935
1.0002125415497447
1.000047406760663
1.0000456386821217
1.0000238367739354
1.0000798516763318
1.0001001054019334
1.000024338136149
1.0000218453489342
1.0000225783335914
1.0000666745650806
1.0000587479908212
1.000022663109339
1.0000852579214596
1.0000351256890294
1.0000417367606667
1.0001358085111107
1.0000669321357705
1.0007159176470108
1.0000355862259114
1.00002510924952
1.0000329257066838
1.0001258082393212
1.0000370261492424
1.0002714284848433
1.000022303175353
1.0001101694352004
1.0000416285621736
1.0000772105576354
1.0001218534766323
1.0000518295026637
1.0000264670297891
1.0000274252932524
1.0000633085225825
1.0000706725591142
1.000046731304251
1.0000312535099265
1.0000554444047314
1.000079039331131
1.0003154937823187
1.0000174483501674
1.0000834694358205
1.0000397275125783
1.000017316724014
1.000050932235594
1.0000341336596672
1.0000383875741956
1.0000546850517311
1.000025485802447
1.0000278000295169
1.0000355492421542
1.001845438564772
1.000071301850979
1.00052313417323
1.0000365822565385
1.0013379510737226
1.0000389213978211
1.0000405049981504
1.0000843606664254
1.0000608527318124
1.0001110543084828
1.000168483235812
1.0002131947882227
1.0001163869407814
1.000230738980222
1.0000281656631722
1.000036822703818
1.0000298040723712
1.0000452531326414
1.0000388196683285
1.0000466866219833
1.0000466328659399
1.0001048599165525
1.000105529598123
1.000022990774602
1.000186127519255
1.00006202334291
1.000036565082712
1.0000234502010357
1.0001025467355915
1.00003722204739
1.000023035252433
1.0000394626206355
1.0000497136929176
1.00155286309894
1.0001736825780763
1.0000235605446912
1.0000242486905264
1.0002882757333764
1.0000283752192427
1.0000470051680532
1.0000328459580132
1.000022262789096
1.001037645693047
1.000027626058557
1.00005454710096
1.0000279772416358
1.0003894518772856
1.0000562865053428
1.000033112281091
1.0000748630235148
1.0000317848589535
1.000041574491833
1.0000275225059787
1.0003493288557648
1.0000658060038563
1.000056805123579
1.000035123493649
1.0000843063310394
1.000043653249777
1.0000621557617875
1.0000279826119118
1.0000809181004369
1.0000318331544444
1.000048057306191
1.0000545881281502
1.000083230689416
1.0000373477397042
1.0000536626040508
1.0000585468334655
1.0000760181468453
1.0001800655371509
1.0000516457823265
1.000033250097056
1.0000426574693606
1.0000641479700305
1.0010230797075204
1.0000393895130681
1.000023987960224
1.000027631860176
1.0000839529386392
1.000391291831884
1.0000485763906253
1.0000384438123422
1.000144795289002
1.0003198261520156
1.0000329355070026
1.00004362844932
1.0002033844070137
1.0000224774465647
1.0001568214815542
1.0000314836302087
1.000059601298083
1.0000481031889847
1.0000483196349603
1.0005126825156363
1.0000429253096053
1.0000761671320662
1.0000520146359626
1.0007867735267364
1.0005191025930693
1.000234112128286
1.0000341343608357
1.0000225468968698
1.000029059090793
1.000269898040582
1.0000591386301492
1.0000249091850055
1.0000292250492206
1.0000579561846275
1.0000215839957711
1.0000311868896758
1.0000273065993506
1.000039569666718
1.0000264479331318
1.0001061589448887
1.000166090710779
1.0000852173080808
1.000188366400718
1.0000779864817466
1.0000403593291673
1.0000513541190663
1.0000204821198668
1.000342048320001
1.0000362795212627
1.000025631581103
1.0001532737821504
1.0002650969234945
1.0000740865981683
1.0000775276530793
1.000044670872411
1.0006040435076275
1.0000383652861504
1.0005638099025411
1.000028912408086
1.0000325101237528
1.0000525963619589
1.000033894708906
1.0000186968166889
1.0000344317312941
1.0000548753628637
1.0000431953471514
1.0000723844791688
1.0000950749394264
1.0000207532609366
1.0001378477713636
1.0000489513060085
1.0005588050395955
1.000018104389991
1.0000900861743864
1.0000435009350332
1.0000280417989962
1.0001481399775314
1.0009971365065806
1.0000366470773085
1.0000529300012508
1.0000543691297634
1.0000202538264715
1.00003385520038
1.0000241453554612
1.0000363596800568
1.0000935354965956
1.0000171474623432
1.000251134484148
1.0000487647919596
1.0000951779426281
1.0000865728100967
1.0001646554277235
1.003259425497308
1.0001430125112072
1.0001125869099683
1.000047086809932
1.0000895461959152
1.0000486824523867
1.0001658389125696
1.000065771632614
1.0000402615999413
1.0000963957380085
1.000060653494657
1.000030056713756
1.0000449261736415
1.0001491169437353
1.0000412884516934
1.0008284419079188
1.0000821521179903
1.000037980399169
1.0000416230229712
1.0000298951071191
1.0000296350715245
1.0000361594857785
1.000016732556487
1.0152092379607849
1.000213786026873
1.0000953043872207
1.00024697698954
1.0000328700563448
1.0000566544866123
1.0000731939612684
1.000060140763224
1.0000276225500446
1.0050211784556458
1.000031192602885
1.0000580416120064
1.0000280702657707
1.0000614961819438
1.0002162328704742
1.000099792893694
1.0000264215423231
1.0000265547658198
1.0000662703696819
1.0000614889502801
1.0000947896971348
1.0000345174281555
1.00005247075036
1.0000373673854872
1.0000792918966475
1.000094172485956
1.0000565451814425
1.0000740898885367
1.0003201690345018
1.0000616185919102
1.0000460898812404
1.0000359078816023
1.00003711108149
1.0000163989055515
1.0000409954397544
1.000747482302597
1.000023955428247
1.0000733530012063
1.0000592428195776
1.0001791943474339
1.0000292950116816
1.0000467692981423
1.000019184067105
1.000063814311298
1.0000742243861092
1.0000851556277
1.0002238456617418
1.0000454960305678
1.0000519836803572
1.0000785078222005
1.0000427570087822
1.0001130175688928
1.0000543929650976
1.00004910612559
1.0001147983284036
1.0015406280581127
1.0000240064431567
1.0000221324963345
1.0001016509244975
1.0000917838175862
1.0000364817053597
1.001233613836346
1.0000514214548504
1.0000771670186002
1.000018725019744
1.000081195704976
1.0003055077259417
1.000136426270364
1.0000294640672287
1.0001366072009525
1.0000859316008373
1.0000430152394695
1.0003013187204646
1.0000391218998625
1.0000581826885706
1.0000628524129824
1.0000367350171842
1.0000356034179967
1.0000435242447072
1.0000699581639902
1.0002089033100614
1.0000234509739911
1.000052830986796
1.0000168110242693
1.000051971455274
1.0005060198530846
1.0081893752385087
1.0000568733879487
1.0000746955392386
1.0001159462071574
1.000034141611354
1.0001265756054316
1.000033092301533
1.0000243330826804
1.0000732728553587
1.0003032827322058
1.00002638464876
1.0000940161149032
1.0000852295520457
1.000026065747489
1.0000783958755464
1.0000341986662988
1.00003848522107
1.0000226587509902
1.0001085315380323
1.0000704312030853
1.0000417812324671
1.0000541522695197
1.0001061390988866
1.0000398567967652
1.0004023468912917
1.0000401006743698
1.0000491715276458
1.0000441304751413
1.0000231917159954
1.0000169475806162
1.00013881913622
1.0001325937310013
1.0000703512044051
1.0000777892523771
1.0000379958369738
1.000026947393288
1.0000333250355926
1.000063760792225
1.0000165624926525
1.0000979488626784
1.000047174844248
1.0000405959168528
1.0000274754267937
1.0151964420286874
1.0000249490937285
1.0000230327986128
1.0000261740570604
1.0000333853559864
1.0000490197537704
1.0001281738558794
1.0001116617256047
1.0000164677240906
1.0000400796565094
1.0000206951885589
1.000043439033471
1.0025792738463424
1.0003028150356508
1.000061296649849
1.0000259950253783
1.00006275330931
1.0000329751351225
1.0000475093297199
1.0000484214793703
1.0004599961648606
1.0000622621657422
1.0000969893588685
1.0001566650633824
1.0000579912237406
1.0000320790092767
1.0000362371764833
1.0000315924489902
1.000284854405364
1.000193598519296
1.0000252520746369
1.0004832646656558
1.0000400279658732
1.0000369624810965
1.0004874294848152
1.000511599605378
1.0176804981707397
1.0000478429368183
1.0000674690686062
1.0000245759110296
1.0000626920334372
1.0000471961537767
1.0000293836731924
1.0000543070928596
1.0005545351252751
1.0000989094243222
1.0000291802060084
1.0000689148290516
1.0000374199504178
1.0000519204023828
1.0002673588776294
1.0001450232971354
1.0000182751900901
1.0000698162358366
1.0000298741733786
1.0000712553980757
1.000036753565702
1.0027420559607465
1.000067701854982
1.0000338836695668
1.0003362687493085
1.0000422238098081
1.0000869614403678
1.000059101639852
1.0000517054989166
1.000109918026848
1.0000864336289168
1.0000326436413818
1.0000743526670919
1.0000427271805739
1.0000242964901738
1.0000397525646616
1.0001925457471874
1.0000387871104373
1.0000643262444717
1.0000779600698257
1.0000443278825486
1.0000798077346587
1.000019686828555
1.000033681105845
1.0000301363750739
1.0000320511219052
1.0001559929533903
1.0001424680175666
1.0000267564744065
1.0002696690419264
1.0000595755836648
1.000053904069617
1.0003283433154355
1.000061393723895
1.0000454848191778
1.000044049984848
1.000532138848718
1.0000508190450363
1.000067723194716
1.0000338973236935
1.000041440995631
1.0001496935607745
1.000029013082792
1.0004591252762327
1.0000252578820896
1.0000603921280848
1.0000195134981344
1.0000289056321519
1.0001002173968896
1.0000420928526716
1.0000521466194323
1.0000337601455842
1.0001512321758586
1.0000661674701044
1.0000471495547767
1.0001884233028346
1.0000344832609382
1.000057075925277
1.0000309597180188
1.0000547660876906
1.0000386908554706
1.0000883344402536
1.0002756077160604
1.0000428527635763
1.0000335529830584
1.0000220927373527
1.0000475938576794
1.0007080636908026
1.0000277820612127
1.0000144690994934
1.0000311234026151
1.0000250097849173
1.0006891289324358
1.0000479088253469
1.0000253426020185
1.000034426571006
1.0000670884457648
1.000188354676911
1.0000575883030447
1.0004486093537204
1.0000530268836154
1.0000449770531095
1.000031495890902
1.0000978308763364
1.0000728477068124
1.0000449629693766
1.0000284085391564
1.0002130111338081
1.0000912191315132
1.0000448671770343
1.000049373113771
1.0000297977605774
1.000027559213751
1.0003024217770842
1.000035712578997
1.000337069409566
1.0000500398014274
1.000062007148938
1.0001464609954331
1.0000658416183992
1.0000825981035908
1.0001075614738641
1.000078361266212
1.0000413429305106
1.0001942840407527
1.00011859020366
1.000029066766393
1.0000386727832538
1.0000344813360302
1.000044175197398
1.0000547266829867
1.0000184325972752
1.0000831147538498
1.0000326209916217
1.0007860543283134
1.000037801916258
1.0000261482871218
1.0000287135441592
1.0003220629056977
1.000038762394734
1.0000427561799023
1.0003026260713042
1.000025134034106
1.0000447159036858
1.0000978988583744
1.000032356872432
1.0000370281761477
1.0000334076172035
1.0000816066804754
1.0009413555091364
1.0001527880170313
1.0001659826933766
1.000052275407826
1.0000446338509712
1.0505731280872341
1.0000540309415127
1.0001040253800892
1.0000402972555125
1.0000746044261943
1.000102507861518
1.0000362572470933
1.0001190210030004
1.00031353539352
1.0000460982817225
1.0000290312818862
1.0000778684574294
1.0000410231410506
1.000053016439999
1.0001020807997258
1.0001171626399112
1.0000301178791704
1.000252843943385
1.0001383485258093
1.0000440153692198
1.0000603758972317
1.00003392582427
1.000023816835348
1.000041108407724
1.0000296561104995
1.0000406202257817
1.0000369947555192
1.0000289049714317
1.0000204502780843
1.0000989618833132
1.000038763736025
1.0000449615880438
1.0004055645595615
1.0010194985359007
1.000037306726493
1.00004772981507
1.0000390696276695
1.000194357671321
1.0000212805892803
1.0000231385681866
1.0000558630562417
1.0002081390745792
1.000177473560438
1.0000902078467369
1.0000479240587283
1.0000318248111608
1.0000237292392
1.000043115995724
1.0000243452229816
1.0001242666270094
1.0000489384161333
1.000033305416287
1.0000539344165555
1.0000461282179658
1.000039847988277
1.000144289082194
1.0000369556523268
1.000036292662951
1.0002223288105205
1.0000493937346207
1.0000340710184548
1.0000845299372445
1.0000303157341386
1.0002339572647156
1.000031910854539
1.0000615986345027
1.00003999854531
1.0001527373786139
1.0000559685646695
1.0002445991682967
1.0000169854071852
1.0003985788034548
1.0001247251586503
1.000044087775545
1.000034748980068
1.0003785985013236
1.0000922252850077
1.0000238278437066
1.000299910941553
1.0000381348530534
1.0000710127590926
1.0000427788821307
1.0000277887875249
1.0000402144249398
1.00005630679903
1.0000768620180476
1.0000447109549464
1.0000857149353164
1.0000288565312778
1.0000672085358893
1.0000812545983813
1.000395387734388
1.0000324130945357
1.0003062747587195
1.0001662111249645
1.0000399532251407
1.0000339791191493
1.0000364028254343
1.0000292609434691
1.00005233302944
1.000041449315064
1.000032220095907
1.000054265513915
1.0000189269974802
1.0000845876295272
1.0000281518243872
1.0000398213131105
1.000079546572096
1.0000326358329987
1.0000380869438334
1.0000441104419016
1.0022946182654227
1.0000730371735929
1.0000341916548328
1.0002146098044395
1.000112481724826
1.0000339938233553
1.000053277317423
1.0000714637749692
1.0000672619429214
1.0001690518547848
1.0000741883980973
1.0000397493481303
1.000024043771997
1.0000367231976373
1.0001443442965892
1.000041092553339
1.0000403661029382
1.0000246461596094
1.0000694088608482
1.0001405820346794
1.0000285669691735
1.0000761381168117
1.0000362907675808
1.0000574320296753
1.000102426470025
1.0000317505199003
1.0000557542820403
1.000070769798692
1.0000270760068926
1.0000995024799253
1.00003451837045
1.0000318620260478
1.0005603406501913
1.0000420716536669
1.0002831516908275
1.0000902614454636
1.0006339310895984
1.0000437087728684
1.000271799867447
1.000025381416852
1.000041341928125
1.000037598169693
1.0000277020541783
1.0000320225143895
1.0000722159411208
1.0001500266233796
1.0000905457453104
1.0002829778983056
1.0000200847002743
1.000021401423887
1.0000724272946162
1.0000384966633706
1.0000442572272301
1.000032890911947
1.000062803477376
1.0001458918079082
1.0000326420505605
1.000058185572959
1.0001504575540734
1.0004631400128232
1.0000399028271716
1.000024322360379
1.0002471712597298
1.000072464034823
1.0000301201947512
1.0001617559785119
1.0000415580973392
1.0003040638102854
1.0009648276091188
1.0000389468207447
1.0000222333102256
1.0018212021038584
1.0000328506940936
1.0003180210594014
1.0000288342847687
1.0002228348746645
1.0000622888849942
1.0000372609593997
1.0000820150373588
1.0000341872049385
1.000041201327113
1.0000446280276627
1.0000536630942563
1.0000308180810085
1.0000958808464746
1.0000395366960555
1.0000662733208414
1.0000368908939852
1.0000488377055134
1.0000956692057341
1.0000889068946202
1.0005621164234684
1.0000658416369295
1.0000817442227825
1.0000739116788655
1.00005035056281
1.000023050964704
1.0000286241480623
1.000045659792243
1.0001141517981922
1.000462714614776
1.000051589233944
1.0001110824072976
1.0000273270084785
1.0000212000930297
1.0000587884304661
1.000032694577163
1.0001106057081148
1.0000277192813856
1.0002120124121885
1.0000617783960921
1.0000160923816972
1.0001283497073774
1.0000228505226765
1.000031439653441
1.0000526207722185
1.0000380224922736
1.0022466153638476
1.000044086702078
1.000071749048532
1.0000222039488107
1.0000342768996802
1.000029148348008
1.0000939997095404
1.000030517730044
1.0002096979564994
1.002656006205621
1.000021043263487
1.0000950210095478
1.000036798651465
1.0002271703829566
1.0000576873267553
1.0000776589415317
1.000071465157761
1.0000572813330657
1.0000838473158693
1.0001614443556168
1.000193669552377
1.0000262235318695
1.0007082958821572
1.0000298251194988
1.000122746983018
1.0000704926559985
1.0000386407049948
1.0001331680358876
1.0002908646804893
1.0000334088387166
1.0000289745083555
1.0000576971359783
1.0000440529376025
1.000034249309148
1.0000945516144646
1.0000462189760109
1.0000415754110537
1.0000199720851768
1.0000954194921148
1.0001029958307828
1.000095558628083
1.000111332508512
1.0000905286588828
1.0000719539637224
1.0000441598821075
1.0000332653325064
1.000103708681991
1.0000993031336987
1.0001666471193542
1.0000301414730042
1.0000390447838088
1.0000293541119727
1.0000172347184682
1.0000298905428753
1.0000559918385812
1.000026871747826
1.0000697792467566
1.0000460838508134
1.0000770911147394
1.0000383919616262
1.0000412723926113
1.0000919503503602
1.00004824002357
1.0002494799581607
1.0001434547845238
1.000171783716467
1.0000231999717328
1.0000825226777512
1.0000640885699066
1.0000761934358695
1.0000646711966534
1.0000301093411397
1.0000266901060433
1.000095543169933
1.0000495817497494
1.0000393643887602
1.0003083824907326
1.0002180034854513
1.0000444525018688
1.000037159988539
1.0000197183538333
1.0000330885592537
1.0000779627533838
1.0004230263015204
1.000017531637936
1.0000376158570974
1.0007133643903585
1.0000552432806857
1.0000827758985984
1.0000381919983181
1.0000569871997116
1.0008558603345137
1.0000231355864841
1.0017430292401466
1.0000503350214272
1.0000606641461505
1.000141557851518
1.0000473078011767
1.0004765432115756
1.0000264800198706
1.0000244223412662
1.000032064950672
1.0000667414401365
1.0003561311516347
1.0002460983028303
1.0000776600318932
1.0000513703695313
1.0000912313831798
1.0000308626915706
1.000611813196342
1.0001722219969327
1.000035469853034
1.0001322723030277
1.0004687182732206
1.0000314915422868
1.0001895236738636
1.0000972308173668
1.0001495420641444
1.0003288053234443
1.0002362412392916
1.0000243627340608
1.0000319472562285
1.0000774623242485
1.0003570296803141
1.0000344881343195
1.0001973820677168
1.0000545055257741
1.0001416812084247
1.0000585590788196
1.0000359310655753
1.0001528500659107
1.0000190952943229
1.0000273780228786
1.0000198836387761
1.0081762991540546
1.000029794128554
1.0001205627661387
1.0000265013943022
1.0000896281369394
1.0000307258446623
1.0001340197260302
1.0000306832868928
1.0017457214915777
1.0000690449882694
1.0005828738753277
1.0002964935404046
1.0000340447770095
1.0000321243688095
1.0000859026058424
1.0031864670325736
1.0003022487047786
1.000089891948621
1.0000285595074918
1.0000297342187008
1.0001027544132703
1.0000309136312564
1.000072543813605
1.0000208817813565
1.0000378918917587
1.0003543936096921
1.0000727721853406
1.0006288625724684
1.0001175738684338
1.000235980309838
1.0000425693036927
1.0000762916124608
1.00174351643277
1.0000413889254578
1.0000617528710558
1.0000466592880994
1.0000394172269724
1.0000253462402455
1.0000708366319695
1.000042370035405
1.0000525195123642
1.0000210832338847
1.0000769187363212
1.0000846979542106
1.0000459432725897
1.000026219662615
1.000037529362403
1.0000663123002396
1.0000509704728573
1.000104166492097
1.000101565050418
1.0000382314388425
1.0000214973242771
1.0000408629786028
1.0001802458916613
1.0001811480978198
1.0014743185565977
1.0000609725898952
1.0002282943238905
1.000087759519783
1.0000407111552927
1.0000895762364668
1.0007145865559277
1.0000340565278019
1.0000239878926327
1.0000317214685694
1.0000279875295683
1.000047074826894
1.00002365615641
1.0001308713176271
1.000022626340338
1.0000471344207968
1.0001233423343678
1.0001599732785091
1.0000235535694695
1.0000603160235624
1.0000466305633282
1.0000395736618948
1.0000424419656442
1.0000322533059443
1.0001279287096418
1.000031073841505
1.0000455514286473
1.0000591648454817
1.0000453953925588
1.0001442456079719
1.0000580101361611
1.0000372180097206
1.0000315381542535
1.0004521830901791
1.0000695305647542
1.0000425489363252
1.0000341694898676
1.0000237843068744
1.0000407132627862
1.0000283384872006
1.000027172653179
1.000091131145875
1.000036609158304
1.000018248753094
1.0000275458577599
1.0000286331309118
1.0000272234310215
1.0000697658609439
1.0003784370669304
1.0000531850248697
1.0000308164159601
1.0000331050229787
1.0000490149181727
1.0000598623994468
1.0000418123299866
1.0004879246211467
1.000048428067862
1.0000906114376904
1.00005175890971
1.0005561820438877
1.000021179435837
1.0000641768837402
1.0001089940305818
1.000075786704211
1.0000278745358844
1.0000529894509904
1.0000841054881793
1.0000408595650057
1.0000492741906275
1.0000236678081889
1.0000671874678537
1.0000251571500791
1.0000567555959048
1.0000890872440804
1.0000583081652301
1.0000284009095655
1.0001563506038427
1.0000644657294007
1.0000882517379917
1.0000304289322663
1.0000800811089656
1.0001126049048954
1.0000500664956566
1.0000852362920447
1.000178730325467
1.0001291838616915
1.0000836685059762
1.000023074565353
1.0000161211369496
1.0003582739034984
1.0001001176957334
1.0000311052985786
1.0000510090575332
1.0000494759936298
1.0000292536097295
1.0000413179888479
1.0000643445715147
1.0002730801949948
1.0000459174010712
1.000022715887896
1.0000671364034188
1.0001639330569847
1.0000349991311694
1.000019389629171
1.0000390679647742
1.0000411226183334
1.0000280380717874
1.001395005097401
1.000488654537416
1.0000332553671771
1.0000345189782553
1.000093140730956
1.0000299768041412
1.0003148486941162
1.000058181997375
1.0000362799358766
1.0000317789492865
1.000083479989959
1.0001992522264245
1.00003223392298
1.0000387402916682
1.0000476608169404
1.00004634259953
1.0000724286945692
1.000097975968552
1.0000393517462787
1.0000382805852763
1.0000300574066006
1.0000564859074905
1.000263965120127
1.0000335761531607
1.0000267910104041
1.0000391784538492
1.0000236292404958
1.0002285919012013
1.0000484568662837
1.0000641828505272
1.0000726482721811
1.000052583045001
1.0000315682398584
1.00002239534641
1.000062240193839
1.0001055102216403
1.0001268610006306
1.0000174137319104
1.0001350324201155
1.0000847723550195
1.0000426474105653
1.0000568258815357
1.0000378661069091
1.0000553993348067
1.0003227470601612
1.0000292378884794
1.000187579254215
1.0000355786233504
1.0001407121159283
1.0001584460777633
1.0000559530096242
1.000141343663065
1.0000364869587657
1.0005825695072301
1.0000538454733783
1.0089202599988112
1.0000593353463965
1.0000626618249473
1.0000471254783292
1.0000468839639558
1.0000560178455533
1.0000348023068788
1.0000264223524484
1.0000971367122242
1.0000424639034906
1.0000305535597598
1.0000274002918659
1.0000326355117743
1.0000355587624115
1.0021140376789301
1.0000344959653498
1.0000547685007097
1.0000263446809086
1.0000354913478726
1.0001846964994392
1.0000865144077853
1.0000433143679206
1.0000348513286017
1.0001257152382232
1.0000768909089277
1.000039710307931
1.0000310145116367
1.0000219489407123
1.0000357298872267
1.0001473964906853
1.0000650912320925
1.0000269085608826
1.0001697445520839
1.0000856022818918
1.000070056714327
1.0000260860864396
1.0009353781153216
1.0001277818626657
1.0007842164152763
1.0000326997952178
1.0000627444047838
1.0000253663330132
1.0000358937343923
1.0000593074991564
1.0000281394750126
1.0000278129813847
1.0000909149318349
1.0000669478711728
1.000034405031083
1.0002603098880603
1.000041420178616
1.000101153485476
1.0001446836883945
1.0000526740996134
1.0000541824002709
1.00004225523577
1.0000425158851485
1.0000927576647132
1.0000351656861648
1.0000382939227408
1.00005450530314
1.0001000668998312
1.0000287870366724
1.0001385996371417
1.000056381955598
1.0000952555106812
1.0000166849276593
1.00003038198685
1.000118987719748
1.0001773682095012
1.0000659810488195
1.0000296761726757
1.0001790240621657
1.000060065219143
1.000269265885458
1.000369359622764
1.0000454461957133
1.0000279780465766
1.0000596726499646
1.0000301307743378
1.0000426981096755
1.0000228629190913
1.0000491778312053
1.0000758726500962
1.0000476012885622
1.0000687699926258
1.0000549506430436
1.0000308225391235
1.0000259672630156
1.000044208949509
1.0000483856746327
1.0000368797358974
1.0000823909097536
1.0000453747451061
1.0001004506048055
1.000026614391548
1.0002030753194426
1.000102944774354
1.0000271178516307
1.0000493980306864
1.0000211624986168
1.0000310837869288
1.0004839382905482
1.0000949026024224
1.000077637503923
1.0000698611848997
1.0000852222731194
1.000466145037219
1.0000874439274678
1.000048517304772
1.0000406289885506
1.0000462995173998
1.0000532846277737
1.0000207479846577
1.0000274037706478
1.000244189766245
1.0000941831710022
1.0005136932057
1.0001518529668396
1.0000403744277533
1.0017214068671405
1.0000358881094085
1.0000451267291972
1.0000944092449033
1.000048565340516
1.0002386396553917
1.0000483473117892
1.000041541463341
1.0000383080133683
1.0000219868951046
1.000101615772994
1.0000371524503837
1.0000307264531674
1.0000409054559005
1.0000248227154502
1.0000465743762272
1.00012843411019
1.0000316318952598
1.0000699471753238
1.0000240282756934
1.0000215278796472
1.000036002850082
1.0001199976383528
1.0000412955441507
1.000075728759693
1.0000854335769076
1.0000237190427737
1.0004816892328645
1.0000458896952136
1.00019546530927
1.000023801536053
1.000043266881962
1.0000249621821862
1.0001253707494007
1.0000843403397024
1.0000457912668401
1.0000315571101643
1.0000595713248022
1.000032473867858
1.0000621287117075
1.0000553760762656
1.0000590713612998
1.0000920044156978
1.0000681802806262
1.0000723367341378
1.0001531409620714
1.0001321185078087
1.0000420474156615
1.0000391590616287
1.0002281733031089
1.0000205078860485
1.0002138773973688
1.00023348068086
1.0000306829782146
1.000054410011809
1.00003113480522
1.0000177996754525
1.000028557109771
1.000020268763584
1.0002265337549932
1.0001232585013549
1.000747729771016
1.000038357349708
1.0000380725966982
1.0000282261394973
1.0000253647379302
1.000084435471978
1.0001071768126333
1.000073951327625
1.0000533054432486
1.0002569475330028
1.0003036665925926
1.0000334672606093
1.0000372101268762
1.0000519745430938
1.0005072925131018
1.0003623216071869
1.0000567007924561
1.0001232002405192
1.0000260198700732
1.0000540704813126
1.0000758138966483
1.0000585711019045
1.0003607439786335
1.0000218567496144
1.0001356520148679
1.000024076129084
1.0001746085345085
1.0004470234924199
1.0001117159718944
1.0001244268265745
1.0000327198345824
1.0001317736580737
1.000049165680052
1.000101728250142
1.0025355179952014
1.000065475082722
1.0000621650251653
1.0000546456214052
1.0001896590308614
1.000063834434003
1.000034248000309
1.0000660732049813
1.0001113675070668
1.0000535796205479
1.0000548390852364
1.00002239828241
1.0000868972481731
1.0000860195250907
1.0054083827518758
1.0000613763476134
1.0000638051484343
1.0000709201080227
1.0001611227482774
1.0000549993406866
1.0000929483470935
1.0001226104953513
1.0000687782062747
1.0000266194110168
1.0000408870698405
1.0002152653873921
1.000029712828794
1.0000602209870966
1.0000563965009088
1.0000177167360205
1.0000347177490012
1.000061848528027
1.000045130503563
1.000044727383714
1.0000807927822617
1.000024612939795
1.0002602188952545
1.000037366153273
1.0000475995694464
1.000043859476959
1.0001618230494338
1.0000405777099686
1.0000466258576037
1.0022998862843089
1.0000298078126606
1.0000659504634575
1.0000193595876885
1.0000908690221422
1.0008048506692715
1.0001930207773306
1.000039149835899
1.0000767929998704
1.0000649172190492
1.000041594007745
1.000076380448107
1.0001128449274763
1.0000231731610008
1.0000345248067775
1.001556341492974
1.0000787144080938
1.0000228193810483
1.0000293393678348
1.0001071753752
1.000025681851768
1.0000215876351881
1.0000574415222039
1.000024960610718
1.0004170163051644
1.0000198424210884
1.0000281410668808
1.0000250630707952
1.0003253704469792
1.0000697352086934
1.0002632909370732
1.0002834603966537
1.0000300355290084
1.0000295634345044
1.002613133996439
1.0000323209780295
1.0000390007191988
1.0002404848497009
1.0006778618361145
1.0000348670524986
1.000019179927608
1.0000266436538565
1.0000359324200458
1.0000363969142863
1.000040607651641
1.0000261806887494
1.0000667136302466
1.000033727563214
1.0000228851546473
1.0000312019992041
1.0000993616379872
1.0000385078150436
1.0000770723306223
1.0000351901690143
1.0000696907137154
1.0000902890098788
1.0000747254810314
1.0000465020081695
1.0000665013815655
1.0000704821237354
1.0000824724688826
1.0000378816376645
1.0000309811176178
1.0096916030357914
1.0000578648749079
1.000114679136424
1.0001032520628097
1.000043768927768
1.0001421320532262
1.0000378854368053
1.0000564370103582
1.000034077190164
1.0000219918403497
1.0000725156959032
1.000174758000136
1.0001584391945832
1.000093363910365
1.0000380899707662
1.0000393867940862
1.0000298273667723
1.0000489513583715
1.0002556983119149
1.000058480164841
1.0000310393490448
1.0000292394795325
1.0000404800138176
1.0000421404799769
1.000044066243861
1.000125724217468
1.0000817584541857
1.0003201473004046
1.0000284675473776
1.0000264343941274
1.0035657045011919
1.0000742488383656
1.00002448678164
1.0000304891509857
1.000040925013972
1.0000446488837558
1.0000184029315913
1.0000304156565873
1.0000871075338924
1.0000260402484586
1.000025125776369
1.0002363925753872
1.0054141424140632
1.0000510005520145
1.000027663925627
1.0000211136084778
1.0000389101093554
1.0000465195384591
1.0000311681259189
1.0000168354315049
1.000047249299406
1.0000285205779067
1.0000179087520897
1.0002491373442353
1.0000326174269547
1.0000212785139853
1.0000292017227115
1.0000197637575203
1.0000736933572527
1.0000372863520555
1.0002042370556978
1.0001077565577396
1.000057871945522
1.0003505985547658
1.0000633133599888
1.0000477579641587
1.0000308959823816
1.0034094708495105
1.0000617741828672
1.0000332764417805
1.0000299115005022
1.0004147943712096
1.0002300945844553
1.0000651036855943
1.000063323093883
1.0000265280890326
1.0000907059079345
1.0000344541094328
1.0000212874702117
1.0002571373277265
1.0000209091291439
1.000047551778652
1.000024851473107
1.0000964273860962
1.0000225077722584
1.0000221443850694
1.0000294032518109
1.000036872571918
1.000035373269559
1.0000437421095933
1.0000997718872982
1.000092787694875
1.0000287814952509
1.000037820379575
1.0000256696760326
1.0000203001247625
1.0001016434814194
1.0000325504019416
1.0000282894984582
1.0000291453849726
1.000062391202495
1.000149736890711
1.0002153955818955
1.0000462186673733
1.0000433475606685
1.0000496900996778
1.000027174495425
1.0000396419638442
1.0000707299253118
1.0000317120485773
1.000031586226047
1.0001226128570542
1.0001237459356718
1.0000714386443954
1.0000431879877616
1.0000489098121055
1.000112736210228
1.0000822462274626
1.0001183067897281
1.0000610858934313
1.0000540688166526
1.000076984169901
1.0000235598011036
1.0000436710661331
1.0001015645275728
1.0000314545847375
1.000031260349369
1.0004650243586732
1.0000899349377734
1.0000524816191976
1.0002051853115175
1.0001668903302157
1.0002894596026195
1.00006756137459
1.0000169450586818
1.0000446661791362
1.0001706078299089
1.0000277534219975
1.0000496493142597
1.0000406199455667
1.0000264825977299
1.0000182890438485
1.001098823237601
1.0000366849738624
1.0001902655143293
1.0000414833908386
1.0001363437922102
1.0000311809885107
1.0001866493486402
1.0000312179302036
1.0001359306687638
1.0000187088940737
1.0000311020717287
1.0000706912486443
1.0000458907930436
1.0000684050089106
1.0002604651509999
1.0000847235698422
1.0000438555395166
1.0000330622143274
1.0000772925503219
1.0000236008092638
1.0001005135785233
1.0000575955354778
1.0000549754748234
1.0000340719498177
1.0000646961710942
1.000027207734625
1.0000309980946984
1.0002582808013512
1.0000833435217278
1.0000462773189678
1.0000867650882639
1.0001061349595861
1.0000492784402104
1.000058851728405
1.0002902872162653
1.0001969152407848
1.0001024631653477
1.0000740205645482
1.0000276997607978
1.000026950796227
1.0000653718144146
1.0000279620531942
1.0001294123045648
1.0002328220511072
1.0000449070908808
1.0000523544282225
1.0000484334379882
1.000335679934786
1.0000739798382396
1.00064768270661
1.0001380195274931
1.0003720316467066
1.0002820660492617
1.0000191879809888
1.0003310283846096
1.0000346319402675
1.00017341342657
1.0000292863154268
1.0005133318576251
1.0000613527227546
1.000030232630754
1.0000775063404386
1.000030250732225
1.00006654373614
1.0000627783608094
1.0000716602484836
1.0000378480165062
1.0000284599193465
1.0000311260761776
1.0000242659411391
1.0000311188951796
1.0000290831566467
1.0000234654050955
1.0000316366974547
1.0000427918909929
1.0000823287928113
1.0000614171276276
1.0000604270874818
1.0000355710721245
1.000060990035393
1.0001994673639725
1.000174154545605
1.0000293326193432
1.0000485357648048
1.000045126131744
1.0000261112456121
1.0001379145444913
1.000057965466909
1.00003355041434
1.000076640046535
1.0000733490563092
1.0000230747604555
1.0000215374824348
1.0000857314021283
1.000081542923103
1.0000471429324367
1.0000500119846605
1.000276170642758
1.0000399212252848
1.0000234914894381
1.0000267611151663
1.000095626330024
1.0000461009485015
1.0000272026518218
1.0000896213002297
1.0004815474186914
1.000071453323791
1.0005471746238404
1.0001010047984442
1.0001181930634349
1.0000477642294978
1.0000420967800756
1.0000351370470406
1.0000234244133548
1.000122211746795
1.0000747805213703
1.0000274168646854
1.0000339697656113
1.0004663618194898
1.0000415175286865
1.0001057212601314
1.000061887089583
1.0000344432437118
1.0000344986910747
1.0003677324623952
1.0000628146869053
1.0001638682255098
1.0016830278621454
1.000054669735122
1.0000559607995576
1.0000579831042649
1.000038443013143
1.0009267344413608
1.0000511985748763
1.0000400609900337
1.0000414989747568
1.0000301835427343
1.0001478644169584
1.0000245583120955
1.0001169916864103
1.0000735530329734
1.0020688945107261
1.0000708550038482
1.0000550974421678
1.0000310432696358
1.0000694572845272
1.0000229349142444
1.000052880317499
1.0000439482897618
1.000152772306434
1.0014540613587317
1.0003696251946308
1.0000577005400908
1.0002516135667727
1.000032712967843
1.0000232792617085
1.0000397237215655
1.0000311411514278
1.0000666953502007
1.0000656866214956
1.0057315965756242
1.0000251446747965
1.0000302576258175
1.0006039889200702
1.000069446894447
1.0000217901652795
1.0000232311868995
1.0000413604503968
1.0000153128674514
1.0001246018856487
1.000033716546401
1.0000421265945265
1.0001071190706958
1.0000362028149659
1.0000183669256055
1.0001202822622552
1.0000945742119496
1.0000263296976817
1.000055174714176
1.0000292912764177
1.0000292868570675
1.0000551392562917
1.0000398399167536
1.0000500219786541
1.0000590745789693
1.0000346220499763
1.000379845220547
1.0000311363297085
1.0000423589026735
1.0000571540310215
1.0000966555813322
1.0000392508069476
1.0000790561197455
1.0001874354944615
1.0011024082603108
1.0001714013471954
1.0000956383656654
1.0001239501918466
1.0000311236580384
1.000105469928081
1.0000381432981156
1.0002066629247963
1.0002449023441518
1.0000692255766135
1.0000314928275098
1.0002679843844555
1.0001090063392366
1.0000310586409082
1.000241272727516
1.0000648158949192
1.0001396139725347
1.000052676667415
1.0002185250469926
1.0000931983180417
1.0001274931303397
1.0000545027046868
1.0000186268459499
1.0000853554169242
1.0000196627896567
1.0000217332312242
1.000034205552472
1.0000488899494122
1.0000454912158436
1.0000512237556989
1.000037297414123
1.0000233890861974
1.0000435562468788
1.0001126999335486
1.000045514528899
1.0000406725580508
1.0000335569187733
1.000177963514983
1.0005368537152484
1.0000508424126355
1.000216242920197
1.0001310115409143
1.00097178978088
1.0000337901078662
1.0000234113259903
1.000064679696894
1.0001777622223875
1.0000258023406716
1.0000266212202786
1.0000457403548215
1.0000227602541383
1.0000924881041129
1.000368759135447
1.0000354488896745
1.0000245265721588
1.000098700460109
1.0000227177432717
1.0000161324517132
1.000046449266285
1.0000353213016087
1.0000614920456041
1.0000244599761399
1.000451785544015
1.0000398707698053
1.0000838025668133
1.0012080819335012
1.000042334004074
1.0000653734867315
1.0000520708541556
1.0000368435998817
1.0001364097838268
1.0000458176840037
1.0001362084692769
1.0000480616433596
1.000088222370172
1.0000491874219517
1.0003905444034984
1.000028775112395
1.0000543352321125
1.0002960194626194
1.001129956789261
1.000088079162709
1.000030757386849
1.0007559227771268
1.0000548855363232
1.0000327548237549
1.0000354289116968
1.000037903169225
1.0000274664054503
1.0000334664028667
1.0000517648643994
1.0000539022599089
1.0014284811457668
1.0000319818545533
1.000102682844006
