0.9999885209684216
1.0000703002363276
0.9997662866744026
1.0014912072170288
0.9999136569014121
1.0000553905988203
1.0001938264588504
1.0002171042762171
0.9999154105407401
0.999890806100285
1.000052033163502
1.00007156700019
0.9996914669595149
1.0002847369113868
0.999886361714826
1.00010259027999
1.0000356873810508
1.000054285145223
0.9999841464171327
0.9998742138839382
1.0000134762171053
1.0000373136150187
0.9997747178155868
0.9999744589684647
1.00015770310256
1.0000891091918043
1.0014718259108781
0.9998240790375115
1.0000232167365968
1.000119625110639
0.9999106529534614
1.000229844284112
0.9999967008335403
0.9998935476884032
0.9996488586548933
1.0000476815000663
1.0001333066483822
0.9998606455348061
1.0002311229918626
1.0000383180582428
1.000122696629363
1.0000627060444507
0.9998564697331265
1.0002109409035047
0.9999965953641367
1.0000271575996158
1.0001080859856266
1.008952318044052
0.9998943229659883
1.000004973482196
1.000015990610452
0.9996155129007859
1.0001026309185013
0.9998491047057574
1.0000880459871124
1.0000841334494728
0.9999438008547897
0.9999050980965711
0.999923702745672
1.0002354757015908
1.0000653688886039
0.998932951802414
1.0000436807503097
0.9999628366076517
0.9999984320260943
0.9999836095420996
1.0002745035019776
0.999892493299284
1.0001637407380732
0.9999250581593003
1.0002147072701555
0.9999883605145375
1.0000545425233562
0.9999386491469502
1.0000558158454174
0.9999846812455164
1.000116436208557
0.9997393520775385
1.000027419002162
1.0001873363436953
0.9991235394914746
0.9999283777578232
1.0001712902889548
0.9999744373771939
0.9972821826393852
1.0002965004420707
0.9998360752905786
1.0001223989642312
1.0005226688479687
1.0001923318962154
1.0000502581872879
1.0001493939383748
1.0001525795768416
0.9998899965716928
1.0016896704485898
1.0001408804733212
1.0003178443008864
0.9998918357161158
1.0000790034059535
0.9998716788000692
1.000054697511738
1.000293756202043
1.0000650869321064
0.9999382522530084
1.0000275972588448
1.000133047046918
0.9997735046450226
0.999921386508788
0.999960835065583
1.00007299965973
0.9983205946415467
0.9999700292826956
1.0000573908794135
1.0002142027894412
1.000067514534204
1.000158985743592
0.9998733980683385
0.997468141177988
0.9999867979427233
1.0000599192020014
0.9999981390628125
0.9999678046921737
0.9998358383217889
1.0001356410395181
0.9999712705263721
0.9999883781067546
1.000036696316415
1.0005878161609538
0.9893885962755312
1.0000044620316015
1.0006649068994675
0.9999471430779286
0.9999559016912948
1.000228068449523
0.9999155476551854
0.9997377857182069
1.0001183124546982
1.0000805169973577
1.000303116757454
1.0001601920335415
1.0001953488321782
0.9997789689219087
0.9994148678482964
1.0083591850961224
1.0000310649715107
0.9999296540251843
1.0000216246864069
0.9998250276209344
0.9990071340211648
1.001330352069671
0.9993182001842835
0.9997371055326443
0.9999632815328403
0.9999776153952524
1.0000554216571127
0.9998120572527524
1.0002301686950408
0.9999050658006262
0.9999616006588322
0.9999003435169173
0.9999176450548639
0.9996813592582074
1.0000046198995087
1.0007653611946696
1.0002798384449947
1.0000660451963446
0.9999103009432497
1.0003022052009334
1.0000452823430181
1.0002229687205708
1.0003533207836137
1.000081197193667
1.0000664524590872
0.9998082192088621
1.0000483210578595
1.000082907564339
1.0001243283661583
1.0000939946855856
1.0000812643149228
0.9999712329129361
0.9983747192684069
1.0002112745627765
0.9995609908709606
1.0002367079841232
1.0001442823782833
1.0000645284317955
0.996697000354394
1.0047968699104675
1.000032182627894
1.0000957082288275
1.0000177113969397
0.9999975983014056
0.9999512442872613
1.0000495998426477
1.0000169688423843
1.0001602460934382
1.0004908390260099
0.999945412095889
0.9999514770664985
1.0000868647709877
1.0006291085598322
1.0001319924974112
0.9999679278805853
1.000416693737306
0.9999055317762989
1.0002254883513548
1.0001350176901111
0.9998923049756592
0.9991851549671502
1.0006316621919629
1.0005069263469126
1.0000725674363173
1.000158707279427
1.0002661087869997
0.9983121812618057
1.0000789718407836
1.0001034967297808
1.002814359519139
1.0003758012120259
1.000167547278736
0.999878306863084
1.0001049574845584
0.9999401421171056
1.000124933171888
1.000159821292984
1.000057098611854
1.0001421697385797
0.9999387319860216
1.0002733217587911
1.0005764597386302
1.0003048261353786
1.0014656578220127
1.000017401327393
1.0000541368843896
0.999988530654515
1.000249370624875
1.0000854347898185
1.000087159861606
0.9999834142365938
1.0003366344068811
0.9997178494234623
1.000049327955138
1.0001275082286754
1.0003860879895725
1.0002568891807746
1.000013759755414
0.9998545623166697
0.9997525324996115
1.000148223025736
1.0000900245019142
0.9999727390513052
0.9997885681732076
1.0003952122483792
1.0002265787307858
1.0006376164817763
1.0001717517499629
0.9999949534245396
0.9998969519863835
0.9999465367428063
1.0000339888723437
1.0001142318406975
0.9999582519023215
0.9998787339473829
0.9999724842188927
1.0000623503197605
0.9998719884553461
0.9997502671298802
0.9998245437970683
1.0001306778080559
0.9998771978919302
0.9998576369548361
1.0005581083604946
1.0000874580340524
0.9998992160603035
1.0001321888242602
1.0000040334923743
1.0000666252134096
1.0006737995260735
1.000218631496083
0.999945492432125
1.0005543036528814
1.000226658758441
0.9996866124012059
1.0000982300274315
1.000090384511431
1.0001862248319198
0.9999955789543704
1.0001014333095986
0.9999374248587615
0.9999111733709403
1.000394437903695
1.0001747777757388
1.0000395329452878
1.000136616002452
1.0001286459415788
0.9999312379433061
1.0000171844435441
0.9972794952463706
1.000306828073253
0.9997656619041104
0.9999225296057543
1.0003126426808397
0.9998690208054427
1.0002366313863573
1.000819359676984
1.0000238393104934
1.0003120233389713
0.999962488123544
1.0001488767470545
0.9998974584313407
1.0027376130277983
1.0000122222341081
1.0007100919530343
1.0000365261335844
1.0000101190711488
0.9999289667172981
1.0000463262233168
0.9998926311489684
0.9999343806288371
0.9999625155895923
0.9999818196365522
0.9995291932475869
1.0000627533501167
0.999886755037898
1.0507200661421665
0.9999922989702474
1.0001959684307995
1.0001141677109582
1.000078222309729
1.0000689477074538
0.9999936507663187
1.0002090728696296
0.9999539356570574
1.0001382250842648
1.0001757035809447
1.0000487702207954
1.0001171780533282
0.999991523339474
1.0001335867281291
0.9886554140880364
0.9998601684535161
0.999848101475593
0.9998496482820307
1.0000981223500622
1.0002916444368248
1.0000040070856508
1.000021061386036
0.9997313804687666
0.9998419563941561
0.9999770293457275
0.9996789802897577
1.0001748021641261
1.0001340527304161
0.9998807910492565
1.000068563937869
1.0000693912714052
1.0000340924909348
0.9999946483293045
0.9998591967558512
1.0051254254983721
0.9988922511588556
1.000142269054154
1.0006017712185036
0.9999586404438306
0.9999331793546776
1.0000373165692833
1.0001275924446056
1.0000699939803175
0.9999116547094646
0.9998635570549457
0.9999602399625322
1.0006351326191079
0.9998420702763401
0.9999864379533491
1.0004286079445566
0.9999608890664905
0.9990014259937438
1.0001703175440282
0.9993981204323668
1.0001650261788713
1.0002044077367287
1.0000477655209914
1.0002674244476506
1.0001163178361077
1.0018843834170874
1.0013400898205147
1.0000195968396566
1.0000462699923716
1.0000333900699878
1.000064795635639
1.0003423520687993
1.000931109573103
0.9999823717084715
0.9999604668563995
1.0000341309976695
0.9981279002766895
0.999981711678686
0.9973947600341281
1.000176783812474
0.9999488402719902
1.0013835971472378
0.9999123727025773
1.000045806199251
0.999742902411881
0.9999107561287474
1.0000124357040416
1.000353131080279
1.000199430100798
1.0002420494744892
1.0000256238102947
1.000019294537064
1.000206356977847
1.0007489306120319
1.0039710448427077
1.0000485482016728
1.0000223397144532
1.0000698885427277
0.999952364119984
0.9999043302277493
0.9999299870502452
0.9999529806927905
1.0000789406618742
1.000105564841169
0.9985177536117215
1.0006151431631607
0.9999718404206948
1.0018071262000081
1.0002097353705413
0.9993255184704061
0.9999824285319273
1.0001471500330368
0.9999988723207318
1.0000409241436636
0.9999514778164048
0.9998980690679165
0.9999137236908139
0.9970435811569587
1.0002413662066434
0.9999844165579682
0.99997143583098
0.9999665032403098
1.0004752646651185
0.9999846081079293
0.9998087358776732
1.0001082509199881
1.0000944155228808
1.0001205680198377
1.000460517643543
1.0001864810465322
1.0001716089123813
1.0000789240966124
1.000077729470135
1.0000523834661648
1.0006783765038165
0.9998442387058047
0.999920607877309
0.9998901860983733
0.9998584917099058
1.0000320686890616
0.9999136912560127
0.9998829370936975
0.9999290202426052
0.9998169569488246
1.0001730474000299
1.000112109179725
1.0001151570821472
1.0007932190436457
0.7039387955398884
0.9997461438933999
1.00009970110143
1.000069675464162
0.9999537556784642
0.999748372774143
0.9996637928857767
1.0000641680760567
0.9999533286447564
0.9999799379046692
1.000033877238578
0.9999608240824156
1.0001111674214036
1.000255562717561
0.9998740375721704
1.000203055496549
0.9999769892818545
1.0000400611651699
1.0000724845171802
0.9999597993600121
0.9999289026915805
1.0000415926363384
1.0000585625249052
1.0002116653464295
1.000822568498436
1.0000133276361005
0.9998417920892999
0.9999251125788808
1.0001140459046731
1.000599957131907
0.9924240709950858
1.0000925763470696
0.9997951700171931
0.9998642485488588
0.9998622101407538
1.0004606105073324
0.9996592049632163
1.0034846749442128
1.0000545725173866
0.999952150724215
1.0001137674220533
0.9999606843937585
0.9999296275146712
1.00011553191509
1.0001960550263016
0.9999261929780927
0.9998656188165712
0.9999895230589232
1.0000364913169204
0.9999678816794901
0.9999498606076073
1.0000552502118438
1.0004098627570805
1.0001378316108689
0.9994877672185861
1.0001484420656856
0.9996939922423216
0.9998711269650746
0.9999165143439515
0.9996827282539748
1.0002747335578102
1.000080803835478
0.9995287310096514
1.000059058999204
0.9998610985748119
0.9999780979505379
1.0001417756478532
0.9998596041318052
1.0001262000306113
1.000137754706499
1.0000262704900411
0.9998976748625615
1.0000795251973646
0.9992582864341029
1.0002326132378236
1.0000024446082676
1.0000727127773645
1.0000882457786733
1.0041401358598547
0.9999087528105003
0.9999252874931057
1.000149418044259
1.0000707174487673
0.9998468522384291
0.9999096860557016
0.9998900828692282
0.9999079161237019
1.000291356296531
0.9998657285084641
0.9998435060059707
1.0001547122163368
1.0000324147612984
0.999990487160086
1.0000599615180628
0.9993700334641689
1.0001289211590376
0.999953378420264
1.0000449546779269
1.0001006897849647
1.000183572545702
0.9999401128200052
0.999889359983288
1.000005205170693
1.0001003440367995
1.00002178329337
1.0002816658194238
1.00001222363171
0.9999827923431076
1.0000230285869434
1.0000864701167553
0.9999197451524177
1.0000013110422246
1.0000111513748449
0.9998052510132482
1.000028582960762
0.9998367005664666
0.9996158451635625
0.9998637752438493
1.0001844468621341
1.0000330803726107
1.0000380838482141
1.0000416938790515
1.0000918441887405
1.00012830013746
0.999944535976958
0.9999681485085793
1.000020512152422
1.000080023537008
1.0001594810839713
0.9997658958962162
0.9999949191641546
1.0000388124343433
0.9999632387931903
0.9997131952571235
1.0001074702353825
1.0005217314585833
1.0000117727618099
0.9988836165875803
0.999972260687589
0.9998610702095072
0.9998315052570151
0.9999962648695027
0.9997652606941947
1.0000844020349913
1.0003413708593585
1.0002057859821376
1.00008510052788
0.9998840024800079
1.0001265080850437
0.9997435171853386
1.0003204424627548
0.9998282818304711
0.9999917134067585
0.9998849591358733
1.0000984948686624
1.0001425700793893
0.9998485724672845
0.9998707802563818
0.9999653267532839
0.999277318298087
1.0005442557114308
1.0000714881648411
1.0004399818435692
1.0002336703162538
0.9999134035564857
0.9999537748391876
0.9998765718748127
1.0000842615222734
1.0150974313015462
1.0001294512073549
1.0000406093745875
1.0000657134681499
0.9999546412662083
1.0001574111396458
1.0011732248428948
1.0081167567863378
1.0003588761811852
1.000001939791173
0.9999895168202189
1.000104210404427
0.9995791525129467
1.0001465287882352
0.9999336892782543
1.0002441797224169
1.0008753698389627
0.9999518598066518
0.9999258172822493
1.0040950075293011
0.9999513568837193
0.9997407704225767
0.9995454504352265
1.0001436273313338
0.9996698785191058
1.0000124894023168
1.0001951287786535
1.0003575122052217
0.9999312215238649
0.999890786627759
0.9998747101786981
0.9998596526810776
1.0001867625444585
1.0002152705478715
1.0001044043496987
0.9992918151598477
0.9997470013016985
0.9999986939366509
1.0002101077043595
1.0006896752129555
0.9998869445042953
0.9999844549763147
1.0000238443788936
0.99990444861508
1.0001295058135666
1.0001232038568582
1.0003618178895146
0.9998912065232862
1.0037720378433737
1.0000291657664506
1.0000932818953137
0.9999205525444083
0.9998300138375915
1.0002601848183623
1.000121745266304
0.9999013244992425
0.9998614595466068
1.00018007216167
1.0005580151433275
0.9998069767163074
1.000002705554915
1.0002516654675153
1.0002615663172454
0.9998963956837456
0.9997864281807619
1.002564244338582
1.0039480554998674
0.9999967676066936
1.0000802208033832
1.0001220411229617
1.001181244099079
0.9999621921244756
0.9999375090876502
0.9999536066025427
1.0000440259423167
1.0000059969431394
1.000123638246451
1.0001156848028572
0.8813887513165826
0.999866054859573
1.0001652325631534
0.9999172495720071
1.0004862128221386
1.0001706010032982
0.9999918758411149
0.9998994275810735
0.9998532453517905
1.0000803437301562
0.9999399413983808
0.9999794977050659
0.9999535342128446
0.9999068179798426
0.9999975531803129
1.000191905929832
0.9999716636441645
1.0001899157968115
1.0016175472865543
0.9999858491395914
1.0003341895098488
1.0001141561958327
1.0002431086652803
1.0001259286137847
0.9998884499974828
1.0004729634227274
1.0000917268435054
1.0000514322570953
1.0000467477662762
0.9985353359403935
1.0000038966932585
1.000130382724638
1.0000758173511148
1.000003253987802
1.0000494983647914
1.0001228851359638
0.9998997153454795
0.9999601914376283
1.0002075393537981
0.9988169187412242
1.0001754402882665
0.9999330742651031
1.0004837248193972
0.9991983962405956
0.9988092419323059
1.0001598497942443
1.0010195331435439
0.9998074342534363
1.0000084670799119
1.002237194423487
0.9996797442945483
1.0000076181972204
1.0002586121399892
1.0001056592984516
0.9999085743135284
1.0001772211268871
1.0033731721396522
1.0000773703546875
0.9999888844226386
1.0353433279747062
1.0000584527821164
1.0000001199706832
0.9999295576856849
0.9998315845973952
0.9999783347023564
0.9997607603118829
1.0000470922561184
1.000064042908618
0.9995169063754843
1.0001393684757047
0.9999661450276752
1.0000396169485006
1.0000922031150414
1.0002089764012418
1.0002329639931253
0.9998484642223984
0.9999118562415937
1.007006280490101
1.000008674873576
1.0001737000676791
1.0001221993968632
0.9999666586532394
0.9996573628352321
1.000067566138141
1.0002163034935974
1.0000776515968859
1.000014752994175
1.0002093685318714
0.9989484830978073
1.0001929458526189
1.0000649084270454
1.0000417310051395
1.0001807942068643
0.9996751198183831
1.0000776879175801
0.999948343879904
0.9998256058099889
0.999947172638695
1.0000497964928108
1.0085352949454602
1.0000260288651335
0.9996251344396018
1.00000998639769
1.0002246436742714
1.0000404757640886
1.0001274215267795
1.0008423093159446
1.0000555943483405
1.0000473976204567
0.9998690570535026
1.0003521762324683
0.9995342431427894
1.0000107327898817
1.0002275149766173
1.0004617660754829
0.9998912625996247
0.9983478853537869
1.000146414040399
0.9998447786753782
1.000520976158014
0.9999183240109606
0.9999751778640857
1.0000384190596905
1.0001419570507126
0.9999257410973946
0.9997514441690937
1.0000532970269822
0.999987329346993
0.99995320638375
0.9996395472101344
1.000013545041799
1.00043269439152
1.000269056907877
0.9998645071758896
1.000078828315368
1.0001077020298723
1.0001251347143936
1.0001853602971973
1.0000067666259236
1.0000304778981965
1.000348388956075
1.0002805322149841
1.00008067561461
1.0002234523281197
0.9999565985125219
0.9999010180929417
0.9909334474113592
0.9999280586935645
0.9998963782599912
0.999974338997482
1.0000321940717867
1.0000696827531848
1.0000911910489263
0.9999510192542015
0.9998490098057041
1.000171040555191
1.0000027297687095
1.0000844945160183
0.9999267590996337
0.9998554990279805
0.9995179348269506
0.9999984255957366
1.0001495227594748
1.0000770344053398
1.0002236817747119
0.9999218817638552
1.0001452098924724
1.000057627216526
1.0003776840036493
1.000017706545911
1.0000178564815572
1.0000235787427703
1.000391031558979
1.000109641659588
0.9996464641867238
1.0003542023645604
1.000091413967874
1.0002662526799047
1.0005776139175446
0.9999956279058788
1.002023068063956
1.000066583820181
1.0004117079704928
0.9999796612381571
0.9995845789503676
1.0004411703346083
1.0001147884486485
1.0000490962256778
0.9999386508765601
0.9980834710541749
0.9999497824529203
1.0001156077251712
1.0000724052429022
1.0002938914998132
0.9996698996908899
0.9999411974804352
1.0001914333430257
1.0000164900502755
0.999995829878185
1.0000127822096656
1.0000572333807056
1.0001019279290713
1.0018226012300206
1.0000278939885194
1.0001976899864553
0.9999448780017459
1.000070269208493
1.0000557868605178
0.9985282838315727
0.9996475120355605
1.0006145547404912
0.9998293362192556
1.000093259211324
0.9999787230224351
0.9997366559885014
1.0000891440081314
1.0421827596051159
0.9999615769015566
1.0005827135602168
1.0003341440018192
1.002781290817636
0.9998960042587738
1.0000726530055029
1.0000505819784773
1.0000696410228205
1.0003320412261456
1.0000602040806605
0.9999890736646309
1.0001150602092985
0.9999973655641732
0.9998418229466043
0.9999428186114052
0.9998069473796157
1.0000545565344472
0.9998706238316745
1.0001393668359264
0.9998653495058072
1.0000585317899044
0.9990347460321014
1.000111318623546
1.0005663873278827
1.0000009707511925
1.0000132575521328
1.0003181815472668
1.0001918425172862
0.999981107516119
1.0000666666251712
0.999908869365865
0.9995027026547465
1.0001754249730717
1.000073466446728
0.999651191376827
1.000054780381934
0.9999446946341325
0.9999708681975525
0.9999386423816442
1.0000651768316127
1.0001171439677974
0.999774695035065
0.999988518833762
1.0000509884845694
0.9999805089927511
1.000083801463016
0.9999292218537023
1.0002564197984796
1.0000272256997187
0.9999439546321935
1.0001295695704093
0.9998746606957347
1.0005787490467175
1.0000541497528634
1.0015251384403365
1.0004021155454244
1.0001414097340675
1.000038494773345
0.9992442181548847
1.0000380487931908
1.0002123460365655
1.0001838665751337
1.0001189925412153
1.0000497906555235
1.0000976020032257
1.0015180618322297
0.9999248200013584
1.000366246239991
0.9999619206972649
0.9999830874307332
1.0000587289326817
1.0002176564357974
1.000355213830622
0.9998735264425154
0.999849587567761
1.0067698714602482
0.9999718243515114
1.0001319680212704
0.9996676141628024
1.0000503742563216
1.0002183120407655
0.9999839010682884
0.999927705192309
1.0086231190904185
1.0000431732920925
0.999986897287602
1.000158255483034
0.9998323546750472
0.9997659166786727
1.0000670880043205
1.0002060192172275
0.9998342522878068
1.0000280574933418
0.9999821949094748
1.0001703531487716
0.999940039914646
1.0000280792422473
0.9999331032189298
1.0001392102753481
1.0004646104618198
0.9999833221762138
0.9996770841217572
1.0001343738305435
1.0004871116669283
0.99995448371773
1.0002723232289084
1.0000300509762694
0.9999120567832631
1.0002271208688243
1.0000867218355154
1.0000405100579242
1.0000428052558006
1.000024564167999
0.9997276863791466
1.0001645360786122
0.999858967613862
1.0000577681145086
0.9999129163361118
0.998694357222273
1.00003906882373
1.0001837404896359
1.0012289080542878
0.9999479538769829
1.0000529839821872
1.000175425659872
1.0000745107028979
1.000012090053085
0.9998875509229094
1.0009106354003647
1.0000008027081937
0.9999898834388447
1.0004465863985839
1.0000730136650506
0.9993980530655413
0.9999225305765818
1.000021166584554
0.9982425614912074
0.9998046107170458
1.0001569700525221
1.0000936156177431
1.0000405096787766
0.9999998680146026
0.9992409255664879
0.9998386427840859
1.000065421086039
0.9999389429682994
1.0001984545883336
0.9999111418225939
0.999989777872239
1.000012556298245
0.9989431416323863
1.000052598822263
0.9999152912551788
1.0000153525238897
0.9998396534938001
0.9999589137636561
1.000060647031502
0.9997545895915647
0.9996084460148413
1.0011176169840155
0.9998854153729627
1.0000019953553878
1.0000681745915887
1.0001242699922859
1.0007253903451634
1.0013497130716185
0.999912186175151
1.0000559832079414
1.000230146981409
1.0001297139563772
1.0002429924283571
1.0004000112296412
1.0001095786612164
1.0002637170683566
0.997512597065095
0.9999884427874167
0.9989152438879628
0.9999519002784123
1.000019948294146
0.9999110267717228
1.0001484213483551
1.0000495811715158
0.9999437517576564
1.0004067192504826
0.9998700706802455
0.9998015293084529
1.0000779450877204
1.0001254960810002
0.999742124665729
0.9997534014722733
1.0000912650904847
1.0002265693917405
0.999766811803312
0.999898237809561
1.0003891873390702
0.9998965635867857
1.00416262864486
0.9999853429497494
1.000034071903193
0.9999841976396756
1.0002260708731316
0.9998611478743097
0.9993492404576161
0.9999115285235901
1.0002336734817516
1.0000697966458314
1.000239672376099
1.0003774791343163
0.999980676643541
0.9998654646155755
1.000076318377246
1.0002417416654235
0.9998491978940547
1.0000806634304322
1.000021561954464
1.0000750467599537
1.000117725456364
1.0003999308023337
0.9999567949706001
1.0002032862029777
0.9999035823237339
1.0000557074470278
1.0001358647748635
0.9999974133638683
1.0000417904542085
1.0000149179512459
0.9999881838583873
0.999967933075498
0.9999411006829071
0.9932685179457267
1.0001914531549179
1.000422279272593
1.0000515642719527
0.9980867755194506
0.9999847660007657
1.0000233421941707
1.0002044012730733
1.000127176457621
0.9998073127831059
0.9997907324528399
0.9999285556554961
0.9995236365831678
1.000262930983425
0.9999653007627496
0.9999725743285601
0.9999548289594175
1.0002112286034144
0.9998935889659257
0.9997432223300301
0.9999739799296742
1.000221657709419
1.0002703876560926
1.0000341718114467
1.0001761406604064
1.0001833526969752
0.9998785334951454
1.0000608301341307
0.9997176923445139
1.0000319009031358
0.999991297266351
0.9999979686555616
1.0000383900002343
0.9940370845460306
0.9993086144547932
1.000115871242723
0.9998901851729046
1.0011320142349576
0.9999953145409901
1.0000146802561656
1.0000778637469574
1.0000208143798843
1.0049423894749077
1.0000414080198867
1.0002259910396114
0.9999344725059977
1.000988463947862
0.9997957500768655
1.0001124638816987
0.9997149647864969
0.9999072887008718
0.999895435862874
0.9999732486197626
1.0010791302179487
1.000083168791031
1.0000062990485692
0.9998919025016841
0.9999631750171382
1.0001116278328919
0.9997295490424729
0.9999893448978137
0.9998062465773361
1.00009709221553
1.0000906246090577
1.0000081978710467
1.0000850287973992
0.99996821526668
1.0001829882874766
1.0002717608217906
1.0000524396947466
0.9991183415925587
1.000094656536603
0.9998680424224878
0.9999461154268752
1.000052627381141
1.0030753805380717
0.999915594397007
0.9998857801512059
1.0000845568732948
1.0000262770643165
0.9981803567780119
1.0001961948276685
0.9998976900166905
1.0002997279536916
1.0011017862650524
0.9999219315341512
0.9998692635483373
0.9989797395784444
1.000067764200087
1.0001924241245101
0.9999949546159329
0.9999531876029928
0.9999310596904555
0.999879201154527
1.0000274365974315
1.0001269092283596
1.0000537815042039
1.0001022505954162
1.0002880996725756
1.001496810458118
1.0003612413792398
1.000070589589344
0.9999146323635187
0.9999479229051228
1.0012245699586415
0.9998306183745962
1.0000275875343354
1.0000751132784036
0.9998388979126236
1.0000294487619106
0.9998984142937939
0.9999379695771654
0.9999300272497227
0.9998969423273908
0.9998643060345546
1.0008468536492257
1.000052164369186
0.9998530819736314
0.9999932686632153
0.9998965355181066
1.0000043276246784
0.9998227099757863
0.9991141538007184
1.000032114568663
0.9999946803077615
1.000308324678351
0.998015673558567
1.0002519069994222
1.0000909073803677
0.9999566478710734
1.0014756517078285
1.000135736809196
0.9965599322669824
0.9999146299511195
1.0000096133274068
0.9998419474054354
1.0000006868098905
0.9998934339149749
1.0001564261990292
0.9999427850407397
1.0000633890936168
1.0002123135769676
1.0002053489100036
1.0000503054960874
0.9998315031532018
1.000128473638223
1.0016856570064503
0.9998669364079926
0.9998735998943317
0.999883384151828
1.000053863393948
1.0002876716441402
1.0008991247406092
1.0001036470531943
1.0000295034211664
0.9998742689618533
1.0000520716248882
0.9998627920459959
1.0000391743236123
1.000024349124333
0.9997077363425666
1.0000946439149365
1.0001122777323508
1.000001763777257
1.0001871558797515
0.9997664383164941
1.0004870832236132
0.9955987131546771
1.0005669882824548
1.0005794563585806
0.9997915854737385
1.0003112055128915
0.999931292898343
1.0004661571206896
1.000074536485635
1.0000338550010424
0.99970741965792
1.0002024366000872
1.0001261342784702
1.0002088454294222
1.0004396087066798
1.0001251349860074
1.0034010724051798
1.000000053339099
0.9998213829300218
1.0001440018240533
0.99990055531316
0.9998723839647984
1.0001259702825234
0.9999867125159217
0.8564974425530617
1.0000676421121477
1.0001455856340118
0.9999401668363378
0.9999064416770003
1.000016920075042
1.0001429333579712
0.9998623833081179
1.0001216254912348
1.0293896855596356
0.9999556158269005
0.9999835124354286
0.9999016480418884
0.9997987529297699
0.99983459574213
0.9996638151553052
0.9998753474199809
0.9999160770101648
1.0000372781418065
1.000162522972066
0.9999443698595051
0.9999149957251907
0.9998983762487136
1.0000043389934623
1.0002291504903653
1.0004991266563763
1.0002588050251853
0.9996553667298327
0.9991516940593812
1.0002339549065753
1.00012414417657
1.0001090068580665
1.0000514211988012
0.9998858225359937
1.0000719130608144
0.9968672528971511
1.0000734580299053
1.0000775213638964
1.0003570948708904
1.0002301561046267
1.000040127763993
1.0000741221967449
1.0000481951676923
1.0001069152291575
1.0000527639585002
0.999717724587204
0.9995516507114599
1.0002503150537019
1.0001548371845106
0.9999107794875817
1.0000165412861999
0.999985101081971
1.0000334015193655
0.9999668126430846
1.0000919431105533
1.001604728318919
1.0001043237139047
0.9999259172200944
1.0005073068256616
1.0002405210223837
0.9998406108615909
1.0055495019670586
0.9998937139271823
1.000296627368314
0.9998202013246673
1.000271884401579
1.0003278701736302
0.9995318199169836
1.0001054725328948
1.000117745824379
1.0002129340560544
1.0000546741497938
1.0008463604010889
1.0001126424672215
0.9998203250092369
1.0000511240302103
0.9998862521653498
1.000078891596726
0.9998671258990584
1.0000402290523889
1.000522232351679
0.9998949159477244
1.0000570771679047
0.999910047635199
1.0000292097101873
0.9995158580051914
0.9626684048085579
0.9999884827729107
1.0001739574056239
1.0004537245539713
0.9999138939500061
1.0001229575262003
0.9999201832076523
1.0000719447022832
0.9996739290200346
1.0006333218388732
0.9999485523203604
1.000426391865777
1.0001009271568713
0.9999728956561255
1.0003357575806262
1.000025137589114
0.9999516784672656
0.9998899152504432
0.999906768902126
1.0000624632451522
1.0001698089666864
1.0001742490257644
0.9996091987434962
0.9999392363005721
1.0018460900352468
0.9999575332301647
0.9999946424155784
0.9999974532127017
1.000066157161268
0.9999636061817486
1.00031194328116
1.0005119026801361
1.0002462353222117
1.0002908299295326
0.9999613145693028
1.0000641944090685
1.00009902979479
1.0001979959932172
1.0000885951029697
0.9999898759262273
1.000007970917098
1.0001281846124876
0.9999267241764492
1.0864297658314799
0.9998774455088947
1.0001217280841246
0.9999443292666095
1.000102118674661
0.9999944205137213
1.0005270566638405
0.9997266748845527
0.9999204149710004
0.9998639183197015
1.0000373298409375
0.9998926164520927
0.9979217734264739
0.9999583114647517
0.9997317257994159
1.0000478025977206
0.9997528524181499
1.0000662982548745
0.9999558386307097
0.9999794166155509
0.999107320011174
1.000200578514931
1.0002985152171004
1.000568015704098
0.9997239976284309
1.0001602685674391
0.9997774769521361
1.0001433442430046
0.9984444425378561
0.9997886104974559
0.9998837901599013
1.0000218094917015
1.0001282843868096
1.0000539510834834
1.0013991623645977
1.0003248922352141
0.8893445893622242
1.0000414099888455
1.0002325682287647
0.9999210668900947
0.9999417798411244
0.9999818320581375
1.0000666188015785
1.0001411978203019
0.9985563216270383
0.9995662096853829
1.0001113784917914
0.9999948269583027
1.0000069013636628
1.0000607956145449
1.0003030442516312
0.9992676970231323
1.0000738629977104
0.9999633397206145
0.9999753475098122
1.0000533639102513
1.0000685591869463
1.025884833927889
1.0000305429894658
1.0000704358041401
1.0009746115867273
1.0001720631189654
1.0000627026339388
0.999997645827902
1.000190958647112
1.0003458960212668
0.9999669343727278
1.0000907934445553
0.9999681337028565
0.9999041199614391
0.9999924779441316
1.0001188604923972
1.0008333906040003
1.0000193942261835
0.9998548635441751
1.0001334745232318
1.0001604520255623
0.9995867788926432
1.0000828545180465
0.999999219155871
0.9999623144001633
0.9999339166422486
0.9997799824320082
0.9993353528969076
1.0000092738266133
0.9992524606031441
1.0002284617765547
1.0002230609390608
1.0008097031293877
0.9999342462516053
1.0001372194377238
1.0000790568311109
0.9986324450401441
0.9999616482459429
0.9999193916678606
0.9998384416404013
1.0000822295132634
1.000121548209116
0.9999514862231729
1.0016083099430317
0.9998832059823122
1.0000061809954293
0.9998833980974566
0.9998702274962927
1.000022633020097
1.0001213787244678
0.9999721430361247
0.9998394811968276
1.000243653715299
1.000158137923786
1.0000312729204206
1.0002555835302467
1.0000093665043086
1.0000583837320474
1.000017864578185
0.9998325425711425
0.999810192335414
0.9999351676111953
1.0002333536491697
1.0000027492280374
0.9999190470997749
1.0000092088836126
1.0000346523219816
1.0024738308473313
1.0001262000673523
0.9999452035481315
0.9999647800470529
1.0000742142860697
0.9996654509463109
1.000031700547063
0.9999679569444709
1.0000473512928238
0.9999545460168853
0.9997056436345015
1.0000554385999747
1.0020306290850394
1.0000890933740263
1.0000060991464734
0.9998914792831661
0.9997349160738668
1.000087213668157
0.9999119803759677
0.9999113605962925
1.0012385026238462
0.9998661839746891
1.0002406275077251
1.0000715172352725
1.0000060775840705
0.9999560355508637
1.0003834006735906
1.0000586685755732
1.0021257240943033
0.9997906477946988
0.9998412526619607
1.0000990621004169
1.0000153119262287
1.0004130587591646
1.0003171162379483
1.0001002628245357
0.9998984218807979
0.9993023488628023
0.9997248123830982
0.9998842587451952
1.0001036067350424
1.0000639940145064
0.9999041381416629
1.000203370917679
0.9999229395293578
0.9999319452148734
0.9999055262585635
1.0019569072234564
1.0001632019280182
1.0001043200326296
0.9999438999262139
1.000283845823573
0.99995633192858
1.0000907851462686
1.0014222265183463
0.9999738471751994
1.0000466367920586
1.0005124521855147
0.9999337848781474
0.9998691014770956
1.000114582489417
1.0000012612448437
1.0029355949086434
0.9999265885934027
1.0007814208670998
1.0000913339999429
1.000077008161985
0.7235475731542103
1.000065383085791
0.9994904923247787
0.9998744950833587
1.0001865577149263
0.999906757638603
1.0000740165237236
1.0005426391325463
0.9999394931510053
1.0001538118692257
1.0000229254449167
0.9999022268825217
1.0001043960126885
0.9998111214309009
0.9997843312423451
1.0000933579140703
1.0000458900880265
1.000168748282368
1.0001594939898555
1.000101257233493
0.9999649772294269
1.0000183790145736
1.0000604513595348
0.9999405643014744
1.0000868907824678
1.000112248269877
0.9998500757748207
1.0000412927796556
0.9999057535508286
1.0003088330008243
1.0001237763011597
0.9999231279405206
1.0004981681234242
0.9992434004067595
1.0000552293267055
1.0002153237920997
1.0001143250073155
1.0003656980876872
0.9999298310797283
1.0000866184191526
0.9998650564603083
1.0000600866270781
1.0001080063821095
1.0001204234929395
1.0001081285147302
1.0000600313700063
1.0001259303761012
0.9999750544813708
0.999873843455815
0.9998492197028173
1.0001068712153847
0.999935805517951
0.9998186973719049
0.9998312121190295
0.9999697345298357
1.0000147782060484
1.0000113575061123
1.0000436209947423
0.9988632795576965
0.999907707583168
0.9999334017485523
1.000201597142253
1.0000182661382166
1.000674644924263
0.9999569300962782
0.9998695143265481
1.0001038763789927
1.0000303852102599
1.000106922039098
1.0007642329339153
0.9998947423695876
1.0005658710643357
0.9999398581147175
1.0000414515792786
1.0002162903110452
1.0009283929188693
0.9996613567150751
0.9999618338854256
1.0004004016755303
1.0001675260023455
1.0002961165243995
1.000159158450217
1.0000840983486639
1.000163785356753
1.00014214052835
1.0000931029402282
1.0000766059871837
0.9998592914512574
0.9999290428638965
1.0002293759279057
1.0000737150793155
1.0008075994111811
0.9998872462779157
0.9992335594757032
1.0000659685268327
1.000119256733327
1.0000922429007555
1.0001498223588048
0.9999918342605238
0.9998120613228941
1.0000448384066158
1.0000414391436225
1.0002222424819673
0.9999294193558094
1.0003578875472747
0.9999128219900598
1.0000109346267516
0.9998408297611097
0.9999797343052137
0.9999932930268565
1.0001291003307835
0.9902025581054742
0.9998817288030117
0.9999733588333285
1.0007625532977475
0.9996869415637253
0.9998502862579894
1.0000083569082119
1.0001417989987018
1.0000575279688049
1.000313353068377
0.9997105950847478
1.0000671502513279
0.9998781749177087
1.0000153455778147
1.0000447711406282
0.9999223281771629
0.9998930915858856
0.9999913594883333
1.000288490201101
1.000129101720632
0.9998587665775374
1.0001808809516919
0.9999305534862301
1.0000155931180266
1.0000234838910098
1.0000305751865348
1.000195217408736
1.0003463639790002
0.9998978102327374
0.9996746655289162
0.9999829570866094
0.9999458609027063
0.9977095685734847
1.0000666887324714
1.000950416121273
1.0005027884039401
0.9968406911901904
1.0000796450653753
1.000842713918482
1.000006206880579
1.0000635301647844
1.0001484776175011
1.0000665674360647
0.9999063706614613
1.0001195319593197
1.0007009957797441
0.9999619442413312
1.0009392997690691
1.000083836128377
1.0000196779140058
0.9997855294899775
0.9999671693578
0.9999512783284806
0.9999088138729529
1.0001583566691852
0.9999098916565365
1.000114291278416
1.0002520671424016
1.0004538772279483
1.0004927497786005
1.0000065396147186
1.0000199264280318
0.9996990507115995
1.0000802477998687
1.0000862020510577
1.0001936814313384
0.9998618850055632
0.9994663306938854
1.0006956394186388
1.0001781755541224
0.9999184047507867
1.0069727560468564
0.9999654919614502
1.0013666784265818
1.000015246375473
1.0001271931249731
0.9999785423812977
1.0001332577826034
0.9999283125687906
0.9998653650133367
1.0000583339491442
0.9999941891537961
1.0002989671107965
1.0001591592721228
0.9999536412857595
1.0000846738020417
0.9998478322957458
1.0000677180940707
1.0001544210823097
1.0004769230088675
1.0000516742538814
1.0015134688237988
1.0003314114354762
1.0001111880568068
1.000099221648526
0.9999913006045381
1.0000590417898654
0.9999271483599085
1.00006982787853
1.000367579218732
0.9981730084168259
0.9999518960720704
1.0000662677594814
0.9999332045835342
1.0000608617341207
1.0001335292630629
1.000025250651954
1.000329609161648
1.0001175988759214
1.000522110329105
0.9997369966986733
1.0001378817152267
0.9995993385955195
1.0000028240429713
1.0001130389234978
0.9997643745473209
0.9999091736123061
1.0053084714335296
1.0000777693064553
1.0002711245209934
1.000084240206876
1.0003198085741876
1.0001795633338906
1.0002475560072297
1.000102706091084
0.9995904969153406
0.9997537692923543
1.0000716651195578
1.0002626751615344
0.9998920544789213
1.0004319242310042
1.0000669378018832
1.0001932885404945
1.000162941335146
0.9999220190787393
1.0000062947673543
0.9992218560296987
1.0004617224575838
1.0000593255327268
1.003726104046226
0.9999023351614528
1.0000830311088171
1.0000411116605978
0.9999499879114172
1.0002407018914334
1.0007978092207561
1.0000595313961613
1.0000783210009005
0.9997961644298481
0.9998403900265688
1.0000685835005028
1.0002009421912836
0.999814629806369
1.0001214704239823
0.9998928334889007
1.0001293765843673
0.9997243963439443
1.0002932189345233
1.0002195366946545
1.0002055058549708
1.000187746472961
0.999884822402118
1.00009989642941
0.9999589580011761
1.0001354673986003
0.9997927758363526
1.000083938373611
0.9998287550881336
1.0000056269833206
0.9999739522312736
1.0000723419092372
1.000109966619638
0.999963111074339
0.9998065085080277
0.9999916867129163
0.9998677838744434
1.0000720482971441
1.0000546431709958
0.9999755302324782
0.9999075547816195
1.0001623614937616
1.0001085831474315
1.0000477688521743
1.000083173437292
1.0002010686275202
1.0000078959867673
0.9999283563705323
1.0001072932043242
0.9999104317240669
1.00006354045314
0.9998447687225166
1.0001279140332788
0.9999796032552157
1.000478153930174
1.000502286460151
1.0002107177184651
1.0000164132809668
1.0000777579926632
0.9999271516011495
1.0001880975315038
1.002493428720928
0.9999391588386967
1.0001896480645394
1.0026498874227032
1.000086352646321
1.0002939929741186
0.9998646227596649
1.0001276634408796
0.9966318701044073
0.9998652565051916
1.0084441956694936
1.0001953799797205
0.9998902647988746
1.0002220939916362
0.9999437439771968
0.9990504323404064
1.000014781381442
0.9999616680611961
0.9998921357154118
1.0001349328562337
0.9992621290386206
1.000717184052324
1.0003021462304253
0.9999839226466207
0.999438966910947
1.0000699725878577
0.9997656849875814
0.9990935588492728
1.0001461168002554
1.0000199380605521
0.9998495477875565
1.0001145805586642
1.0000077412229393
1.0000755186198862
0.9997202668193953
0.9996490128412046
1.0000373854931552
1.0000843299843218
1.0000517983593729
1.0001000053902134
0.999878267216601
0.9999174325174242
0.9994405813607952
0.9998611107150164
0.9997858558122605
1.000156828177409
1.0001087993024917
1.0004531451139185
0.9998978676409541
0.9999380108355195
0.9998799549960147
1.0436097601980125
1.0001107476248872
1.0003353599743967
0.9999053289768188
1.0001915283632397
1.0000409003515591
0.999313545236733
1.0000830596890764
1.0077468868695372
1.000111805042695
0.9963016412022849
1.0003610923862123
1.0000713365946603
0.9998837072570692
1.0003259286813133
1.0140184808977888
1.0008008284270702
1.0001094977265832
0.9999192809002518
1.0001999110788964
1.000125704811445
0.9999097543750156
0.9999603971852045
0.9998008374497283
1.0000804405377792
1.0012697374976007
1.0001173039714524
1.0009599202840562
1.0000894580127544
0.9992336508095542
1.0000031196023347
1.0000116650360669
0.9993597736862883
0.9999378415258006
1.000163376880752
1.0000726739436523
1.000003102121267
0.9999320541805689
1.000185559756558
1.0000019072490147
1.0000885293997055
1.0000613525528503
1.0003108478682141
0.9998532776820538
1.0001607242819202
0.9999006494185633
1.0001228400593531
1.0000372661523667
1.0000773063072332
1.0003896240466477
0.9996181514523119
0.9999936583535687
1.0000614696216121
0.999893129358749
1.0004764586777193
0.9998126991352289
0.9892652132179393
0.9998542984101787
1.0007073424201267
1.000198530707472
1.0000789058017028
1.0001001141770747
1.0027682582845725
1.0001053698311055
1.0000594984484434
1.0001527243241564
1.0000504308566827
0.999970085064075
1.0000643377634888
1.0003723275688805
0.9998983015846091
1.0001136263428119
1.0001406354020859
1.0003448823583578
0.9998154768831172
1.0003092632043298
1.000010133748927
1.0000857480951848
0.9999710299024464
1.0001151558701766
1.0000489461732045
0.9998851957915653
1.0002135744811844
1.0000965545629348
0.9999361386471093
0.9997171231354774
1.000167226771651
1.000145069771695
0.9999901162900031
0.9997977407007401
1.0000608194646037
0.9999102472024769
1.0000173089966398
1.0000779426651878
1.0001547005265945
0.9999534883576252
1.0000943203622918
1.0000098453351103
1.0000789597740363
1.0000514711708128
0.9999872278290399
1.0000073538975525
0.9998699891432998
1.0000394403944086
1.000580356082077
1.000003310100574
1.0000005164515635
0.999876767414218
1.000005190648657
1.0000834948928674
0.9999374141996151
1.0013094806107803
1.0001997613395948
1.0002877223502915
1.0001895191333505
0.99938692312435
1.0000881685252754
0.9998687127599872
1.0003743781611172
1.0002839073476293
0.9999553395743419
1.0001010692806434
0.9999898006625535
1.0000716610629414
0.9999237699725005
0.9998216106047689
0.9998230107907734
0.9999521702282166
1.0001727365866073
1.0001360641467052
1.000058279527087
0.9999809132796489
1.0007644224138306
1.0000193436843836
1.0001726999723117
0.9998912896675374
0.9999857578327
0.9999434827981031
1.0000961973719724
1.0001997023185227
1.0001699024529833
1.000802464799345
0.9999856110394955
0.9999980495694064
1.0000840738011272
0.9993472539733148
0.9998608818218832
0.9999835611749616
0.9999510184762314
0.9998565861820191
0.9998964821289561
1.000162740581346
0.9999303485975058
1.0006755495613695
1.0001731049042926
1.0000132096478989
0.999934792581767
1.000726625027622
1.000017768928162
0.9998910182708615
0.9999769451455722
0.9999461159878541
0.9999062491333508
1.0093270170230193
0.9970009806626106
0.9999888455652811
1.0000417416286376
1.000227269126087
1.000050608838023
1.0005435367865485
0.9999740897703844
1.000102474844943
0.9999456777004034
1.0002600046236845
1.0008322837918777
0.9999280380311735
0.9999473206531878
1.0000859114161291
1.0000562102044614
1.0000637360917677
0.9998325280723357
0.999851031107351
0.9998839984608616
1.0001649652062528
1.000126701809375
0.9987725964073091
1.0001250450177581
0.9999224841011096
1.0000559214929627
0.9999054905038047
1.0008340189095182
0.9997535027141086
0.9999042966812712
0.9998135075063529
1.0001162168067634
0.9998630856031505
1.0000893122357928
0.9997845369785924
1.0001088860437262
1.0004054752801144
1.0000741869261907
1.0005247111071032
1.0001479864925888
0.9999297488003183
0.999778937725607
0.9999809519700915
1.000126885354626
1.0001358611670619
0.999995312910894
0.9999274146567115
1.0000877310540939
1.0001757707676284
0.9993477584585093
1.0000438345828015
1.0005017765724178
1.0001287440107118
1.001527628403938
1.0000178082850206
0.9551744174322339
0.9999828357640924
0.9998831106440782
0.9998982330449661
1.0001884382215345
0.9999828994879681
1.0000562447950945
0.9999405052569316
0.9996132379238982
1.0000333663810193
0.9999356542630248
1.0000291791114828
0.9999799392162888
1.0000951339207083
0.9956755136338843
1.0001257177043437
1.0000205460293612
1.0000663504660527
1.0001525575096626
0.9997201621181473
0.9995481961230784
1.000122120195249
1.000176755576527
1.0001946347356447
0.9998603870213872
1.0000180317422114
1.0000876830259315
0.9998991365691814
1.0001369912659375
1.0004365898550311
1.0002253007817532
1.0000991164293782
0.9996700511789253
0.9997202034848366
1.000143680231156
1.0000907624186068
1.003952741611097
1.0003534447654736
0.9967647626140653
1.0000657662239305
1.0001380314634742
1.0000211541349102
0.9999064761292299
0.9997168774932104
0.9999386030188399
0.9999052119069173
0.9999417199478532
0.9999288875023329
1.0000275482600576
1.0010793785874197
1.000180996590486
1.000131274445332
0.999738212540288
1.0000376800444601
1.000135343359902
1.000179789850569
0.999978924193929
1.000250843748382
1.0000286808201722
0.9999282022139778
1.0000975177973892
1.0004792694641171
0.9998998041007302
0.9999473375288618
0.999973948832944
1.00006210791958
0.9999885522275408
0.9998871220193206
0.9999687385249929
1.0006849806215166
1.0002445497658072
0.999914168364364
1.0004310160210343
0.9997358431192946
1.0009948163317104
1.0005982785745882
0.999969658030455
0.9999783740894165
1.0001110876127373
1.0000096504534148
1.0000597520501469
0.9999343843180633
1.0001218020604727
0.9999706722749176
1.0000036937659
1.0002559948950185
1.0000395721094957
1.0000718860654216
1.0000713296973593
1.000153402609787
0.9999402962022806
1.0002078325290957
1.0001209517469745
0.9999828628329176
1.000074690598615
0.9999372901148973
1.0000905476074915
1.0001980566216084
0.9999551330196662
0.9997924665198947
0.999884726862354
1.0001142853737217
1.001736916872778
1.0001081302702912
0.9997581567280552
1.000292118709154
1.0001708425829061
1.0022519213071968
0.9997928008912478
0.999842593362537
0.999865386966696
1.0000784730563592
1.000045199089588
0.9998938284208242
1.0000838765421867
0.9995711267428053
1.000227000930541
0.9994712175977372
0.9997636650007069
0.999918418900395
1.0073065982890046
1.0000511762681792
0.9999524792915072
0.9998418334258298
1.0001791726559917
1.001255023257632
1.000002735799296
1.0001443347851249
1.000059192555691
0.9999725906000843
1.0004432217250063
0.9998876272850682
1.000117126068058
1.0000287824806107
1.000012390056647
1.0001870918612144
0.9999332482900424
0.9998923802394581
1.000167408624128
1.000057420702217
0.9998861743033111
1.0001216335483927
1.0000507136902157
0.9999306934332226
1.0002409533167864
0.9998418341743834
0.9999566620058494
1.0023582019589639
1.0001788142435497
0.9997162420135658
1.0000618988293553
1.000041724625624
1.000017402269467
1.0005628807230087
1.00014384940744
1.0001653551108907
1.0001050046730438
1.0000860347919818
0.9998679569086695
0.999918210755628
0.9998337760459947
1.0002464978077585
1.0003672559577141
1.000201576334435
1.0002794813726492
1.0005915157834713
0.9993889430780245
1.000176430278789
1.0001070400849834
1.0004288905213177
1.000030448703395
0.9992488768950698
1.0001106804189335
1.0000510673271243
1.0001957870689102
0.9998876706087648
0.9999616614522382
1.000029389007061
0.9999634219135403
1.0003157807672964
1.0005303051437366
0.9988989085241687
1.0000584372278816
1.000048730787892
0.9999514944416634
1.0000968180104142
0.9997640949915365
1.0003855934138355
0.9997813244591586
0.9999823623450076
0.9994890538608028
0.9985898902805798
0.9999454685762504
0.9998462611562036
1.0000330458813347
1.0016445691286655
1.001615393479124
1.000149987079226
1.0001806551680559
0.9999768806976944
1.000049972423348
1.0001522658532827
0.9997784041270058
1.0001807047273827
0.9999789849263198
1.0002255995640246
1.0001154850179255
1.000747232006404
1.000028156881057
1.0000783826403994
1.0002398945519266
1.0000635482860005
1.0005740012316553
1.0000583793511681
1.0001914892599675
1.00919990879535
1.0002927432318456
1.0002149029947827
1.000014618837289
0.9991154647434523
1.0000353085511569
0.9998833215144651
1.0001097752584707
1.0000004343071611
1.000149044323022
0.999970370050448
1.0000912095711156
1.0000913623822754
1.0004166786744948
1.0184771819412155
1.0002585593435005
1.0000793032105555
1.0000464416194275
1.0005444161721866
1.0000608528279078
1.0002312719190982
1.0003680990667665
1.0001157188409475
1.0000179144202939
1.000054461115666
0.9999252657227905
0.9999161009628378
1.0001209906219586
0.999977733036445
1.0000234938639638
1.000054516014837
1.0000719112245036
0.9998918964742363
1.0000339329379433
1.0002138287426112
1.0001117544785534
1.0007358758811695
0.9999261920294812
1.000177700323341
0.999951422024328
1.0003225100037791
1.000114176881987
0.999950178915916
0.988447660112463
0.9999028166037145
0.999892942341364
0.9999094752165713
0.9998498173079082
1.0009251571812112
0.9989771265138184
1.0000968510900121
1.0000615567969948
0.9999959627726851
1.00009098591298
1.000152633069898
1.0000110304110825
0.9999308016771555
1.0000788186437726
0.9921457085304094
1.0001312617519986
0.9999274400534415
0.9998559373308932
1.0004080640615867
0.9999634544544302
1.0000830107778607
1.0002415034754855
0.9998776064219111
1.0012316034528748
0.9999693461122704
1.0000025950025613
1.0000064756119913
0.9984345440393023
0.999836025100828
1.0003589483646562
1.001069165519141
0.999900666173978
1.00005628354309
1.021986439509319
0.9999804767751533
1.0001686336864368
1.0002043272466454
0.9962896352050504
1.0001274775560318
0.9999645632280699
0.9999415244685513
1.0000917378157692
1.0001187076619755
1.0000318072153707
0.9999940712871752
1.0001569053571626
1.000049511964746
0.9999024791461234
0.99985322906021
1.0000916359806011
0.9999968794080514
1.0000973222209915
1.0000262813505039
1.0001749062194136
1.0000418089546348
1.0000492939730548
1.0001225626524461
1.0002380782611935
1.0002830806591225
0.9997961764236548
1.0000985139308782
1.0000543183151995
0.8373351348395577
1.0000827726067891
1.0000729044052759
0.9998439584821909
1.0000016366818356
1.0003615658596121
1.0001001789198418
1.0001503253184694
1.0000090663815902
0.9999185480918036
1.0001379583855703
1.0004796535900022
0.9990995509365832
1.0003604590419393
1.0001349399624522
0.9999453041649597
0.9999170856104714
0.9999952580852187
1.0009963713132397
1.0000227958845478
1.0000312047908737
1.0001342083605413
0.9999273931532205
1.0001605113240946
1.0001885455600497
1.0005636226400425
1.0000839319819423
0.9999901097946189
1.0000271201153565
1.0000269341824701
1.0208042355612121
0.9997585765917965
0.9999601773664638
1.0000358359517523
1.0001544391443578
1.0000937020694107
1.0000723872369268
1.0000650381743192
1.0002509704326257
0.9999496197727616
1.0001202372499658
1.0000192097376377
1.0056785379605555
1.0001109510439958
1.0000421491469997
1.0003737357868692
1.000010586676524
0.9998756289657486
1.0000076593606642
1.0001033946168185
1.0001079225939766
1.0000689803111618
0.9999744957874774
1.0003275893273267
1.0000433584413422
0.9999691923790831
0.9999062218151428
0.9999956425512017
1.000110609549659
1.000014486508364
0.9990454293046681
1.0000726772683055
1.0001922693515
0.9981497897248857
1.0001024460128045
1.0000915292367787
0.999938230458199
0.9992271837010793
0.999918434309772
0.9998653776314448
0.9998892752302376
0.9995474251787387
0.9991440396079775
0.9996522052897132
1.000262216392337
0.9999612044317421
0.9996596201183781
1.0001190302982688
0.9999453775519885
0.999851509686744
0.9999536880108275
0.9999762052016451
1.000172940295902
1.0001503752369831
0.9999133063680763
0.9999519467837069
0.9999973296743712
0.9998384842622686
1.0001288046433254
0.9999709464949785
1.000101273954811
0.9998665976900046
0.9998841635638621
1.0000362071824476
0.9999206355443617
0.9999992422705757
1.0002602174185529
1.0001161329794346
1.0000818039171326
1.0001377391870019
1.0000025487486364
1.000015803582593
1.0004962920302252
0.9999142436339642
0.9998538690962807
0.9997400513261213
0.9999391741003056
0.9999430671143283
1.0000405127377612
1.0001690631065507
0.999964804640126
1.0004845103104179
1.0000524493262264
0.9997588590029876
0.999828506081028
0.999954278159026
1.0003513797424883
1.0000228940504778
0.9997399132486103
1.0000127107312358
0.9997339181842411
1.000231221782724
1.000072863776404
1.0000470074594863
0.9999847698123575
0.9999428616582379
0.9998632582546868
0.9974733152825088
1.000071714360179
1.0000320528767113
1.000691100135742
1.000215886709258
1.0021906018982392
1.0001516154384908
0.9998745320351786
1.0000485535593673
1.0002764130551447
0.9999994706194686
1.0000108177873988
1.000128299139528
0.99995039954469
0.9998815597036902
1.0031118287271348
0.9998758546997923
1.0004701469548094
1.0001625790704483
0.9998508794287385
0.999980247819268
1.000253096544693
1.0000971804695693
0.9999191871759785
0.999925327741769
1.00012735757801
1.0000643375476865
0.9999194165328732
0.9996605930990544
1.0010849828435204
1.000052310992632
1.0000521974609253
0.9999898740819446
1.0002152189814304
1.0000802553889963
1.0002180128559723
1.0001993716620323
1.0000969424294526
0.9999412603512134
1.0001798446231311
1.0000494526284518
1.0000019645033014
1.001237393074621
0.9996144629591978
1.0001176212470229
1.0002485927516103
1.0004877377212655
1.0000741723700504
0.9999481160915132
1.0010937145739551
1.0000081268265115
0.9998037473226076
1.0000858379861024
1.0000984543261604
1.000058412284301
1.000175111371807
0.9999017600202769
1.0003521618432805
0.9991098000875908
0.9998538449303116
1.0001531218779975
1.0002430996188132
1.000718936221092
1.0001685819509485
1.0001279254575226
1.00022097632735
1.0017225234895992
1.0000667120897888
1.0002421936937527
0.9985922125272587
1.0000831781197383
1.000537447653133
1.0001062323307843
1.0003923736760558
0.9998122444038484
0.9998657334545092
1.000014907149702
0.9999610223328235
1.000142161344553
1.0001267182626974
0.9999308315934499
1.0001116508457577
0.9999961797327054
1.00010589442136
1.000037548042201
1.000019296126104
0.9999351823690793
0.999969017697343
1.0001635616932476
0.9999819258700118
0.9999489081569445
1.000064762071654
1.0000929552518054
0.9999879546476503
1.0001428682728475
1.0004422425283142
1.0010839986020883
1.000063045999211
1.0001845603555553
1.0001177190741843
0.9998829542863984
0.9995366331698237
1.000186633177317
0.9999675967234489
0.9999979348057314
1.0002400108476
1.0000262149186134
1.0001639455126148
1.0000427321772336
1.0002725633810376
0.999944922810312
1.00002977183794
0.9997722462333601
0.9998667223513076
0.999989343104089
1.000111256087758
1.0002571402662925
1.0000238864812425
0.9999038875282266
1.0003120985957077
0.9977520171783852
0.9998751906731248
0.9977717190103557
1.0002144337294925
1.0004971276570787
0.9999089570095748
1.0000226756370598
1.0001085521160937
0.9999835728829978
0.9997104498165333
1.0001110720846904
1.0000526807846268
1.0001039622122638
0.998405876950437
0.9999944808561578
1.0004258151976093
0.9999289980577413
1.0000568873510995
0.9999299598908944
1.0018741641007762
1.000016279195666
1.000076609620962
1.0097343373179986
1.0000278434180037
1.00013483319983
1.000265710567633
0.9999582455752745
1.0007360941868295
1.0001615992099264
1.0002071331063767
0.9999528303159254
0.9999029443951436
1.0007221540533597
1.0000243103127633
0.9999132787231275
1.0000925401160257
1.0093384528419427
0.9999721279082546
1.0000358461197414
1.0001415984216684
1.0000651829144156
1.0000270713313322
1.0002123642693503
1.0000260965774193
0.9994562056380221
0.9955034111372034
0.9996787536202966
1.0001419772627431
1.000970121457923
1.0000616095374313
0.9999288091232887
0.9998559363627676
1.0001033278710967
0.999787106748075
0.9996992534228764
1.0499615301967553
0.9999637861518393
0.9999979889435273
0.9970045338506328
1.000096162498544
0.999970029053316
1.0001504668770038
1.0000011142196634
1.0000643658611157
0.9998442923976194
0.9999836160614215
1.000159226901968
0.9998733006558732
0.999975447880015
1.0000468168576218
1.000101757663196
1.0004294496633177
0.9999228085592944
1.0001803399327784
1.0000833409649266
1.0000276515030226
1.000058485194325
0.9998927180750311
1.0000615989504256
1.0001046693502424
1.0000188632512708
1.0006318614885479
0.9999187875505465
1.000117028681757
1.0001710737721277
0.9999888332363461
0.9998257034385336
1.0002691648583797
0.9996271650164671
0.9931382902182345
1.0003881461490034
0.9999832402788174
1.0002955378227818
0.9999069675673923
0.9997957353443265
1.0000740270793258
0.9990685950249729
0.9998993761212657
1.0003015719091306
0.9999677172980275
0.9997364841940621
1.0002968103113936
0.999991163575539
1.001037368028269
1.000127352198743
1.0003232681340084
1.0000163895424001
1.0007009692671653
0.999880124257777
0.9998574292356632
1.000153497779162
0.9998965716628968
0.999648953278727
1.0000090568810138
0.9998532609557631
1.0000996867024436
1.0000678794861664
1.0002503343288742
0.9998354293061288
1.000013913768041
0.9998593520749565
1.000019976703634
0.9999075243798597
0.9999621728138385
0.9999725254087235
1.0000784894541026
0.9996810210831272
0.9960033639117135
1.0000708030214913
1.0003790350758397
1.0003807205002868
1.0010701330737748
0.9999583232990963
0.9999768801449503
1.0002343329274297
1.0007881746072733
1.0000983525793603
0.9999512055470648
1.0001738593534157
0.9999690513579428
0.9995526713217604
1.0003532969868014
1.0000651966430223
1.0001199599344461
1.0000425695249477
0.9999275945273566
1.0000472961413838
0.99997503688074
0.9999451270556977
1.0000931630246206
1.0000485744434013
0.9992534330554868
0.9998224655374264
1.0000437524942805
0.9982633808827551
1.0001635501797466
0.9998252386472459
0.9998492859642992
1.0000562907035864
0.9992780263310629
0.9998764592855215
1.000199867060967
0.9999856010765663
0.9999317645540474
1.000036829871513
1.0002382444004725
1.0000984382875038
1.0000520703284985
1.000820119725369
1.0050589675123485
0.9999579951597027
1.0001514530299467
1.002250535879278
1.0001071738555054
1.0000494784293876
0.9999674617265665
1.0000414545315812
0.999958646882506
0.9998928937818734
1.0000264225579092
0.9998865054907146
1.0065712585465691
0.999991809656937
1.000337987358059
