0.999999985178752
1.0000000862193545
0.9999999509350201
0.9999998499460871
1.0000000921906524
0.9999999947597239
0.9999999725926427
0.9999999523206067
1.0000000336941803
0.999999998326981
1.0000000053202676
0.999999995938707
0.9999999810897439
1.000000025699898
0.9999999684370818
0.9999999966036072
0.9999999977705945
1.000000093544783
1.00000002703466
0.999999987694828
0.9999999896516495
0.9999999560118611
0.9999999525148398
1.0000000233380633
1.0000000648572525
0.9999999928814396
0.9999998843504823
0.9999999778647971
0.999999993483619
0.9999999967149125
0.9999999514494776
1.0000000343970814
0.9999999797039327
0.9999999774233345
0.9999999685009994
1.0000001777372443
0.9999999674111072
0.9999999853468529
1.0000000308629142
1.0000002566614872
0.999999960593058
1.0000002078513874
0.9999999596050633
0.9999999940033467
0.9999999659241826
0.9999999217767273
1.0000000660980426
1.000004657068652
1.0000001613452083
1.0000000172149348
0.9999999841439988
0.9999999546184786
0.9999999774177888
0.9999999473729161
0.9999999716437836
0.9999999841751727
0.9999999898675364
0.9999999882390198
0.9999999830293659
1.00000022220489
1.0000000316787176
0.9999997998700846
1.0000000830971492
0.9999999983580153
1.0000001225501964
1.000000128462916
0.9999999620070037
1.0000000007421836
0.9999999939606778
0.9999999957604645
1.0000001148276425
0.999999979742996
0.9999999905815419
0.999999993226182
0.9999999951957782
1.0000001153642888
1.0000000877775121
0.9999999860773766
0.999999985044975
0.999999951578822
0.999999954049543
0.9999999828267692
0.9999999578196603
0.9999999943889496
0.9999993260545825
1.0000003982802341
0.9999999851385178
1.0000000236776037
1.000000416192624
1.00000008554894
0.9999999916320225
0.999999994400374
1.000000075289471
0.9999999940658589
0.999999962293051
0.9999999669346459
1.0000000432128646
0.9999999791500818
0.9999999830050798
0.9999999923403222
0.9999999770836963
1.0000000604153627
0.99999998790122
1.0000000418774329
1.0000000310809833
0.9999999954920333
0.9999999895768006
0.999999993423267
0.9999999872309702
0.9999999603641948
0.9999998104242478
1.0000000381925402
0.99999984087743
0.9999999965360179
1.0000000276948053
1.0000001030098113
0.9999999820823346
1.0000020706614348
0.9999999880011495
0.9999999752125434
0.9999999978984135
0.9999999787775938
1.0000000594673477
0.9999999988759813
0.9999999929225113
0.9999999837117984
0.9999999791488838
0.9999999736870318
0.9999996450803915
1.0000000046923698
1.0000002810384203
0.9999999923432646
0.9999999371960304
1.0000000866060552
0.9999999974581895
0.9999999826408584
1.000000191345095
0.9999999941999255
0.9999999522184931
0.9999999916318323
0.9999999742882331
0.9999999136520769
0.9999998920061495
1.000003435709743
0.9999999923183802
1.00000000803615
0.9999999979072379
0.9999999933095868
0.9999999320799492
1.0000007374304527
0.9999999597673065
1.0000005917489811
0.9999999874083705
0.9999999923007507
0.9999999895588937
1.000000000323926
1.0000001558518872
1.0000000521477963
0.9999999924936184
0.9999999910822285
0.9999999829439552
0.9999999712915242
1.000000041249088
0.9999999331902893
1.0000000741744834
0.9999999804840208
0.9999999782337449
0.9999999601078743
0.9999999850264499
0.9999999914509736
0.9999999603027913
0.9999999799333187
0.9999999914663115
0.9999999784178562
0.9999999889994169
0.9999999824056174
0.9999999753949715
0.9999999953387658
0.9999999907662422
0.9999999943803524
1.000002723416012
1.0000000487158678
0.9999999728540818
1.0000003243770155
0.9999999866950865
0.999999990860016
1.0000048698557356
0.9999998652483024
0.9999999488248814
0.9999999950116327
0.9999999937266862
0.9999999913619239
0.9999999800513295
0.9999999907687378
0.9999999694794933
0.9999999294257673
0.9999999421926548
0.9999999443417351
0.9999999777905465
0.9999999891607683
1.0000002684991418
0.9999999919338042
0.9999999942332589
0.9999999840263328
1.0000000099289104
0.9999999729021948
0.9999999090753472
1.000000022015661
0.9999999371409478
0.9999999750132008
0.9999999534123667
0.9999999913365349
0.9999999866971834
1.0000001545605806
0.999999851780035
0.999999987085154
0.9999999864452337
0.9999998831354383
1.0000002601129263
0.9999999652910364
0.9999999867685848
1.0000000297761182
0.9999999928175608
1.0000001168953299
0.9999999937469829
0.9999999981678134
0.9999999709077624
0.9999999872741886
0.9999999872543972
1.0000003142546168
1.0000002713053644
1.0000005101476328
0.9999999850985644
0.9999999984010299
0.9999999908713848
0.9999999304071552
0.9999999836516407
0.9999999928077589
0.9999999875901923
1.0000004277570274
0.999999957495729
0.9999999945429969
1.00000003895628
0.9999999837021193
0.9999999158275356
0.9999999941268362
1.0000000347459994
0.9999999881133089
1.0000008213554823
1.0000000037060186
0.999999897227237
0.9999999921458387
1.0000003487810447
1.000000087057275
1.000000411189839
1.0000000424239912
0.9999999884942089
0.9999999943460284
0.9999999908751411
0.9999999893336318
0.9999999609269257
0.9999999723715165
0.9999999961843954
0.9999999831722437
0.9999999944182669
0.9999999693093304
0.9999999611139606
0.9999999770983795
0.9999999947012173
1.0000000198275105
0.9999999922649816
0.9999999886246923
1.0000000965855076
0.9999999870908547
0.9999999959955044
0.9999999537172011
0.999999990275495
0.9999999972221781
0.9999999257889656
0.9999999873983315
1.0000000752519607
0.9999999799203559
0.9999999741273545
0.9999999914142301
1.0000000952617705
1.0000000967265592
1.0000003535819215
0.9999999783030388
0.9999999818325239
0.9999999902372069
1.0000000209484181
0.9999999786936647
0.999999986511835
1.0000001165493744
1.0000001634898836
0.9999999781543673
0.9999999887605975
0.9999997627156967
1.0000001664486082
0.9999999960158193
1.000000022899363
0.9999999747892409
0.9999999788817053
0.9999999794911607
1.0000002325858823
0.9999999765939362
1.0000000992470606
0.9999999957592322
0.9999999667993624
0.9999999945993607
1.0000003595915148
0.9999999838238189
1.0000002729806916
0.9999999983430814
0.9999999687155188
0.9999999904020305
0.9999999862800336
0.9999999957022645
0.9999999879407518
1.0000000088022352
1.0000000064583194
0.9999999024614437
1.0000001901437239
1.0000000227821688
1.000014746804893
0.9999999883221438
1.0000001151127529
0.9999999981223069
0.9999998753965876
0.9999999134871734
1.000000072707941
1.0000001399639753
0.9999999889449784
0.9999999950095837
0.999999987457222
0.9999999909681723
0.9999999953909577
0.9999999891197168
0.9999999448086244
0.9999992671345079
0.9999999736763945
0.9999999803125821
0.9999999877155776
0.9999999925168319
1.000000643718711
0.9999999824502399
0.999999993612411
0.9999999590664017
0.9999999590991842
0.9999999904172019
0.9999999630948887
0.9999999752399832
1.0000000021024047
0.999999993219783
1.0000000699170277
0.9999999809904705
0.9999999970738879
0.9999999818634009
0.9999999545750898
0.9999996453668893
0.9999999242631137
0.9999999675395324
0.9999998949073693
0.9999999943706367
0.9999999826564934
1.0000001339139728
1.0000002630375933
0.9999999759915871
0.999999988614185
0.9999999782556215
0.9999999900154678
0.9999999264148474
0.999999983923552
1.0000000037598762
0.99999998050754
0.9999999960051276
0.9999998862182161
0.9999999924214655
0.9999999318159887
1.0000000248953553
1.000000030203786
0.9999999833930022
1.000000032377444
0.9999999907222242
0.9999990103251221
1.0000003466596006
1.0000000742486517
1.0000001512693997
1.000000037038683
1.000000019305809
1.000000053445299
1.0000009653244415
1.000000042952314
0.9999999831932401
0.9999999607313743
0.999999795328538
0.9999999518383349
1.0000005733845105
1.0000000176389598
0.9999999957345103
1.0000005923794804
0.999999990485556
1.000000373441278
0.9999999796480271
0.9999999975640269
0.9999999865874613
1.0000003751326711
1.00000014897342
0.9999999405997911
0.9999999947510609
0.9999999900394164
1.0000000841296661
1.0000001227909547
1.0000022858868467
0.9999999752621153
0.9999999900781819
0.9999999828636735
0.9999999915283212
0.9999999746497371
0.9999999915786567
0.9999999995002844
1.0000000065748154
1.000000020456146
0.9999998757839998
1.0000000671020282
0.9999999905416403
1.000000552136979
1.0000000741358088
0.9999998566830732
1.0000000947838235
1.0000000764908727
1.0000001064113477
0.9999999944085185
0.9999999852300961
0.9999999926257701
0.999999936219827
1.000001844292354
1.0000000424478637
1.0000000657873889
0.9999999996353149
0.9999999750422471
1.0000000518532408
0.9999999972950667
0.9999999874306935
1.0000001303834387
0.9999999724933779
1.0000000476449944
0.9999999581427175
1.0000000887661613
1.0000000383374983
0.9999999864054891
0.9999999940845161
0.9999999630347028
1.0000004073245339
0.9999999856831344
0.9999999219687944
0.999999982689393
0.9999999864822829
1.0000000244424316
0.999999920473475
0.9999999829578047
0.9999999859643502
0.9999999906400668
1.0000002131179866
1.000000169697117
1.000000000239909
1.0000002235939829
0.9998644807805117
0.9999999878025286
0.9999999886773445
1.0000000524857897
0.9999999873036296
1.0000000151614938
0.9999999128850193
1.0000000604715567
0.9999999963251219
1.0000000232627897
1.0000000363659973
0.9999999756133816
0.9999999863291905
0.9999999983009036
0.9999999899835653
1.0000001159402312
0.9999999769421732
1.0000002819520906
0.9999999839759193
0.9999999949616591
0.9999999844153267
0.999999932586846
1.0000001967662466
0.9999999763565289
0.999999958407569
1.00000000973438
0.9999998943815573
0.999999991896339
1.0000000627074526
1.000006965514227
0.9999992089699358
0.9999999938320149
0.9999999989151408
0.9999999790735635
0.9999999896769033
0.999999899099648
0.9999999598337632
0.9999994252847919
1.0000000364437645
1.0000000900608077
1.0000002589937704
1.0000001305652009
0.9999999975958342
0.9999999144121561
1.0000000797788755
0.9999999911686231
0.9999999863854301
0.9999999955719618
0.9999999887084075
1.0000000107131048
0.9999999940255307
1.000000044078309
0.9999997457103201
0.999999997290333
1.000000313943153
0.9999999899900999
1.0000004724332467
0.9999999846198944
0.999999982917529
0.9999999554480259
0.9999999833836127
0.9999999803835997
0.9999999444919144
0.9999999815532432
0.9999998503823915
0.9999999912254901
0.9999999699115345
0.9999999954643014
0.9999999585048661
1.0000002556446232
0.9999999755998743
0.9999999921634715
1.0000002624731836
0.9999998846510341
1.0000002285126672
0.9999999919898827
0.999999991541126
1.000000099314529
0.9999994571011188
0.9999999938984578
0.9999999902859714
1.0000000035738372
0.9999999980079911
0.9999999924170583
0.9999999898410065
1.0000000120130041
0.9999999847115428
0.9999999227992237
0.999999989655142
0.9999999858420816
0.999999990626142
1.000000027143185
0.9999999961638875
0.9999999902978869
0.9999999613646626
1.0000000394339295
0.999999991464268
1.0000000442842538
0.9999999743096457
1.0000000891016516
0.9999999821040519
0.9999999882428964
1.0000000371743052
0.99999999358323
0.9999999980713568
1.0000001372770753
1.0000000639633637
0.9999999875852715
0.9999999978894856
0.9999999749413717
0.9999999961292859
0.9999999826782329
0.9999999911427635
0.9999999028910143
0.9999999924844469
0.9999998996598065
0.9999999291541894
0.999999993029517
1.0000000503642907
1.000000038243574
1.0000000483257947
0.9999999785124899
1.0000003363615262
0.9999999787208386
0.9999999891018195
1.000000035237186
0.9999999700194447
0.999999982915002
1.0000000875634236
0.9999999518021678
0.9999999912917243
0.999999984634291
0.9999999978641778
0.9999999862222158
1.0000000194418104
1.0000004304621195
0.9999999868542936
0.9999999130941898
0.9999999835908613
0.9999999714383834
0.9999999582198067
1.00000069058497
0.9999999730614332
0.9999999975952235
1.0000002467818183
1.0000001521660513
0.9999999972943971
0.9999999830995886
1.0000002601613285
0.9999999742034682
0.9999999752657766
0.9999999911101536
0.9999999841762116
0.9999999874580373
1.0000004531116053
0.9999999768639105
0.9999999805062937
0.9999999861526676
1.000000004479964
0.9999999522355737
1.000000239255041
0.9999999842425261
0.999999948996797
1.0000001871535185
1.0000000346761557
0.9999999935070296
0.9999999964609911
0.9999999910070025
0.9999991251849465
0.9999999940577898
0.9999999943568174
0.9999999987916877
0.9999999878840455
0.9999999698162652
0.9999999767623353
1.0000063917039308
0.9999997797845867
0.9999999737421594
0.9999999896892205
1.0000000727340728
0.9999999606786146
1.000000155449517
0.9999999799171613
0.9999999879608807
1.0000002567019097
1.0000005310042255
0.9999999835543021
1.0000004220710639
0.9999999903361052
0.9999999470534582
0.9999999854425087
1.0000000167312757
0.9999999847554863
0.99999999808812
1.0000000022015272
0.9999999838894679
0.9999999860563742
0.999999987234887
0.9999999595032367
0.9999999942408664
1.000000040805853
1.0000002880615197
0.9999999894582374
0.9999999591491282
0.9999999653967336
0.9999999967926706
0.9999999530451065
1.0000000894067005
0.9999999389201818
0.999999962392393
0.9999999627151303
0.9999999880712389
1.000000075714885
0.9999999860336469
0.9999999596480699
0.9999999607272896
1.0000010938249635
0.9999999676757254
0.9999999815617664
0.9999999091700104
1.0000000058477883
0.999999928232482
0.9999999872735416
0.9999999733544583
0.9999999915236502
0.9999999719451774
0.9999999332833999
0.99999995127299
1.0000000382464753
1.0000001229829456
0.999999993936967
1.0000000382883085
0.9999999723304038
1.0000012223745958
1.0000030083564102
1.000000105345464
0.9999999972491329
0.9999999853501056
0.9999998748398291
0.9999999904185104
0.9999999691546986
1.0000000150245907
1.0000001228161257
0.9999999845016498
0.9999999950728848
0.9999999953797857
0.9999906936924374
0.999999991618456
0.9999999974357647
1.0000000532219788
1.0000002462204236
1.0000000143490335
0.9999999743161575
0.9999999972774807
0.9999999840614407
0.9999999771259135
0.999999983819203
1.0000000522594938
0.9999999886929558
0.9999999916635411
1.0000000086234573
1.00000017402031
0.999999983087521
0.9999999843039048
0.9999995273653324
0.9999999916005031
1.0000003999008653
0.9999999647236982
1.0000000943824912
0.999999993438992
0.999999986893148
1.00000063111124
1.0000000047367776
0.999999969455834
1.0000000464912184
1.0000020055387955
0.9999999900306527
1.0000001652598347
0.9999999781090074
0.9999999506007978
0.9999999955867342
0.999999997032894
1.0000000035050574
0.9999999845342639
1.000000000108848
0.9999999528923516
1.000000163884854
0.9999998952452538
1.0000001889126544
0.9999999625584843
0.9999997683521777
0.9999999885949973
1.000003524195178
0.9999999830437081
0.999999998301979
1.000001563402231
1.0000000003654081
0.9999999789036452
0.9999999885756125
0.9999999906717079
0.9999999877116496
1.000000057389468
1.0000011754280411
1.0000000224280798
1.0000000259680035
1.0000030240350104
0.9999999876201413
0.9999999945234385
0.9999999844300809
0.9999999894116817
1.0000000966239952
0.9999999705096813
0.9999999841889554
0.9999999814819412
0.9999999429402625
1.000000032756627
0.9999998930469484
1.00000008754383
1.0000000066952786
1.0000000299410108
0.999999986959899
0.9999999914236708
0.9999999815425253
0.9999999815933045
0.9999999925111507
1.0000000012727783
0.9999999953260977
1.0000000007852508
1.0000000529027746
1.0000000169500929
0.9999999919018405
0.9999999582963538
0.9999999824819307
1.0000000000263456
0.9999998937907585
1.0000001065043556
0.9999999775830818
0.9999999684218223
1.0000000034568945
0.9999999298855211
1.0000000459239087
0.9999999897433384
1.0000000022510227
0.9999999925521909
0.9999999850658408
1.0000047445135634
0.999999991736947
0.9999999065103633
0.999999982805278
1.0000000779725688
1.0000001238091771
0.9999999838840133
0.9999999682867142
0.9999999925968164
1.0000000390563368
0.9999999894050248
0.9999999950371055
1.0000009800120555
1.000000086150664
1.0000000300247531
0.9999999762039242
0.9999999961545816
0.9999998597838667
1.0000000253884536
0.9999999672961907
0.9999999774555315
0.9999999880329683
1.000000058842868
0.9999999880145416
1.000000123616635
0.9999999967053537
1.0000003682058063
0.9999999271093666
0.9999999923676598
1.0000000292265854
0.9999999756664651
1.0000000381989607
1.0000001818553637
0.9999999665715479
0.9999999839699719
0.9999999909430859
1.0000000288423834
0.9999999803895948
1.0000000065367534
1.000000045644128
0.9999999867019456
1.000000663699541
1.0000001038933417
0.999999986422649
0.9999999919871952
0.9999999951403035
0.9999999947749679
0.9999995811281962
0.9999999847596841
0.9999999958006414
1.000000021924371
1.000000004422751
0.9999999823339172
0.9999999884966685
0.9999999865491099
0.999999997847528
1.0000000360448587
0.9999999210799166
0.9999999952230417
0.9999999683356523
1.0000000801823308
0.9999999574349415
0.9999999578735362
1.0000000976428365
1.00000004547522
0.9999999970887066
0.9999999754405026
1.000000011336039
1.0000000007241698
0.9999999726128634
0.9999999722965135
0.9999999924643451
0.9999999751450365
1.0000004382253453
1.000000117607279
0.9999999138334343
0.9999999144780444
0.999999988308244
0.9999999542738708
0.9999998562884184
1.0000000385490773
0.9999988109537138
1.0000000685718335
0.9999999650612049
1.0000000296085554
1.0000000325031508
0.9999999661203915
0.9999999785156006
0.9999999922344521
0.9999999114374081
0.9999999581337827
0.9999999813774721
1.0000002120333955
0.9999999780957495
0.9999999883446742
0.9999999594559869
0.9999999968061665
0.9999999699769943
0.9999999982182297
1.0000000572525434
1.000000110412249
0.9999999791572485
0.9999999887973742
1.0000003516374458
0.9999999830666702
1.0000000563546965
0.9999999939688038
0.9999999856191172
0.9999999879074362
1.0000002181846435
0.999999969067488
1.0000001509714396
0.9999999951891785
1.0000000850361421
0.9999999897434444
0.9999999580352011
0.9999999906372915
1.0000052685267071
0.9999999732752143
1.0000001281404434
1.0000002495612095
1.0000010881314392
1.0000000002232703
0.9999999740607
0.9999999716445078
0.9999999958140655
1.0000002056918522
0.9999999744547308
1.0000000740644588
0.9999998154390058
1.0000002578350888
0.9999999927924895
0.9999999912079724
0.9999999679256347
0.999999990600078
0.9999999914844316
0.999999961935187
0.9999999798733751
0.9999999890268981
1.000000011584379
1.000000122001345
1.0000000625156136
0.9999999825474564
1.000000005323221
0.999999989876638
1.0000000754967817
0.9999999996605548
1.0000000564392963
0.9999999937462898
0.9999999670906331
1.0000000070603792
0.9999999325269284
1.0000000244025118
0.999999997188117
0.9999999901311946
1.0000000638714552
0.9999999932285196
1.0000000264132003
0.9999999968249162
0.9999999747330138
0.9999999937574754
1.0000001588446763
1.000000003323927
0.999999991926878
1.0000000044034931
1.000000156213413
0.9999999956358103
1.0000000185027658
0.9999999785654412
0.9999999836092517
1.0000003434056874
0.9999999964594154
1.0000009597843686
0.9999999809087121
0.9999999821012414
0.9999999694793631
1.0000001500155096
0.9999999884522928
0.9999999803422494
1.0000000254093357
1.0000000625948353
1.000000075175307
0.9999999883828743
0.9999999707673071
1.0000000219646172
1.0000002663699488
0.9999999863843126
1.0000000695847473
1.0000000412565153
1.0000003022721708
0.999999984117345
0.9999999850813855
0.9999999859504312
0.9999995862896757
1.0000000952468944
1.0000000462411989
0.9999999446982563
0.9999999823478503
0.9999999625879342
1.0000000009938295
0.9999999811009033
0.9999993886706693
0.9999999898014149
0.999999998000557
0.9999999891257665
0.9999999847411537
0.9999998175612826
0.999999982062709
1.0000000788355863
0.9999999866586678
0.9999999920269161
0.9999999525466688
0.9999999821683809
1.0000000023371645
1.0000000409808352
0.9999999853377005
0.9999999896913621
1.0000003485377282
0.9999999918744978
0.9999999627652952
1.0000000024993856
0.9999999618681439
0.9999999797780883
1.0000000909253066
1.0000000782416565
0.9999999790431806
1.0000002015005516
0.9999999975410377
1.0000000403113958
1.0000001022845335
0.9999999936394285
0.99999994943506
0.9999999841261362
0.9999999764443899
0.999999995440861
0.999999993936451
0.9999999169374251
1.0000001482938505
1.0000001880166964
1.000000212366305
0.9999999969152867
1.0000001021071478
1.0000001408555363
0.9999999770078886
0.9999999909094288
0.99999988531079
0.999999989128631
0.9999999601883924
0.999999992954903
1.0000000579883868
1.0000001232305928
0.9999999638903326
0.9999999884735022
0.9999999732218434
1.000005643204378
0.9999999294657553
0.999999990042751
0.9999999999591
0.9999999935840543
1.0000000313963273
0.9999998739531641
0.9999999911853802
0.9999999877193748
1.0000000205065729
1.0000000479255824
0.9999999701064549
0.9999999898315837
0.9999999921347915
1.0000002892943314
0.9999999913494236
0.999999968341612
0.9999999906280416
0.9999999100419439
1.0000000087835588
1.0000000755030933
0.9999999746385615
0.9999999803597134
0.9999998960292102
0.9999999656019711
0.9999999906611855
1.0000000056528748
0.9999999954328884
0.9999999461287
0.9999998158643078
0.9999999828667301
0.999999927804167
1.0000000459393479
1.0000000132970561
1.0000004167460914
1.000000065089334
1.0000000797884947
1.0000001035605859
0.9999999053814349
0.9999999821471952
0.9999999351028052
0.9999999935749732
0.9999998340087447
0.9999999830295884
1.000000058694674
0.9999999882034274
0.9999999963656907
0.9999999592992911
0.999999978196752
0.9999999739671862
0.9999999886460611
1.0000000073066573
0.9999999765943239
0.9999999710919376
0.9999999905269623
1.0000001364433342
0.9999999895445663
0.9999999817208729
1.0000002841564755
0.9999999716997013
1.0000008499511417
0.99999998670526
0.9999999905769492
0.9999999973376477
1.0000000043171668
0.9999999792913551
0.9999998531462988
0.9999999936611204
0.9999999685045909
0.9999999846848631
1.0000000243591263
1.0000000672850333
0.9999999846364842
0.999999990907935
0.9999999808367434
1.0000000532394087
0.9999999550177328
0.999999978297406
0.9999999916493688
1.0000000440420438
1.0000001373093332
0.9999999530946508
0.9999999934367069
1.0000001572617636
0.9999999959126497
0.9999999956275364
1.0000000545381544
1.0000000122527424
1.0000000590638438
0.9999999841592784
0.9999999938052889
0.999999991721872
0.9999999833842119
0.9999998624622648
1.0000001126473543
0.9999999783060673
0.999999995704332
1.0000019434586014
1.000000056270144
0.9999999943424679
1.00000019596614
0.9999999787423379
1.0000000022010465
0.9999999729912171
0.9999999687797387
0.9999999133463416
0.9999998807514942
0.9999999787543351
1.0000000666448867
0.9999999881853234
0.9999999853406546
0.999999990516573
0.9999999835753686
0.9999999969975558
1.000000150312729
0.9999999521694468
0.9999999943451697
1.0000005557673899
1.0000000808519416
0.9999999877716548
0.9999999866467694
0.9999999116799038
0.9999999826816296
0.9999999905022278
0.999999996581841
0.9999999889163825
0.9999987907769259
0.9999999132960374
0.9999999954862182
0.9999999847185592
0.9999999262298123
0.9999999871990399
0.9999999675569173
0.999999982844012
0.9999999933774931
0.9999995795297393
0.9999999973863699
1.0000000329600125
1.000000001024992
1.000000886124648
0.9999999689421815
0.9999999895338895
0.9999999446991946
0.9999999680541409
0.9999999949832249
0.9999999938837022
1.0000009704435848
0.9999999624123813
0.9999999839192633
0.9999999937812244
1.0000000143874161
0.9999999933045313
0.9999999871708133
0.9999999798592276
1.0000000483253548
1.0000000390741737
1.0000000002532563
0.9999999878292181
1.0000000599203935
0.9999999916136049
0.9999999925896357
1.000000149488251
0.9999999497698956
0.9999998223227531
0.9999999850913273
0.9999999901803307
0.9999999920621544
1.0000001073379101
1.0000017275599613
0.99999998661399
0.9999999923194945
0.9999999967258354
0.9999999918393986
0.9999998268120489
1.0000001283494402
0.999999986965966
0.9999999570451328
0.9999999258757925
0.9999999883662946
0.999999989260844
0.9999998945341367
1.0000000034835135
1.0000004217121012
0.9999999891953882
0.9999999790668236
1.0000000281299015
0.9999999827661257
1.0000005899772195
0.9999999870450217
0.9999999664721229
1.0000001266873735
1.0000023060752392
1.0000006848560075
0.9999999329940011
0.9999999953871371
0.9999999913474048
0.99999999004602
0.9999999481670768
0.9999999842192707
0.9999999714092626
0.9999999846978
0.9999999767611489
0.9999999955389894
0.9999999977713917
0.9999999980969196
1.0000000015298767
0.9999999882747205
1.0000000851301056
1.0000000980858192
0.9999999884243338
1.0000003810808644
0.9999999777793965
0.9999999845021731
0.999999964381078
0.9999999444320458
0.9999999651373268
0.9999999608823118
0.9999999962616825
0.9999999747850449
0.9999998553715991
1.0000001249884047
1.000000229778874
0.9999999815005106
0.9999998339581435
0.999999984080411
0.9999998863823154
1.0000000196864458
0.9999999829736484
0.9999999911029804
0.999999991852227
0.999999990268091
1.0000000106274778
1.0000001094970932
1.000000067913374
0.9999999944238339
1.0000002108823283
0.9999999738563984
0.9999999350899518
1.0000000258746182
0.9999997927105875
0.9999999932229454
0.9999999712553435
0.9999999719349417
0.9999999910910622
0.9999999555909387
0.9999993002739324
1.000000011859264
1.0000000486668552
0.9999999844921293
0.9999999981756983
0.9999999945003214
0.9999999921874159
0.9999999837468742
0.9999999268944344
0.9999999943990237
0.9999998664340728
0.9999999506984237
0.9999999864516365
0.9999999386747239
0.9999999263170322
1.000002532845295
1.000000059465402
0.9999999611247486
0.999999955902949
1.00000009234976
0.9999999803003169
1.0000005393023592
0.9999999741608087
1.0000000401831817
1.0000000665567914
1.0000000377505085
0.999999989770813
1.0000000874241768
1.0000002474440222
1.000000043612019
1.0000008024633869
1.000000000526211
0.9999999873234088
1.0000001082202767
1.0000000077938724
0.9999999686268596
0.9999999934923107
0.9999999920426486
0.9999951899414741
0.9999999344221296
1.0000000714284016
1.000000192951842
0.9999999685044144
0.9999999757569746
0.9999999849057524
0.999999983605541
0.9999999924474644
1.0000070495395852
1.0000000566167409
1.0000000374741276
0.9999999925311656
0.9999999902453073
0.9999999162805137
0.9999998866692775
0.9999999949278542
0.9999999923515207
0.9999999810237259
1.0000000279778294
1.0000001169315893
0.9999999881340934
0.999999985554442
0.999999986485601
1.0000000219564888
0.9999999879202426
1.0000000447965227
0.9999999666871651
0.9999996421175422
1.0000000487815788
0.9999999898304902
0.9999999862751033
0.9999999717218807
0.9999999924621245
0.9999999831040135
0.9999998230288303
0.9999999910548127
0.9999999955688791
1.0000000566205816
1.0000000081061038
0.9999999824012148
0.9999999915348663
0.9999999962811453
0.9999999927320405
0.9999999810668224
0.9999999734258505
0.9999999949641504
1.0000000758241352
1.000000030162649
0.9999999889428303
1.000000015515804
0.9999999966018913
0.9999999971898832
0.9999999962210555
0.9999999606401725
1.0000025497088287
0.9999999957351694
0.9999999914350133
1.0000000403243487
0.9999999875013796
1.000000003052384
0.9999995299608873
0.9999999957025689
1.0000002310597802
0.9999999904475831
1.0000001775029113
1.0000003239891908
0.9999999493307691
0.9999999902248563
0.9999998628087667
0.9999999807141978
1.000000001570204
1.000000208119508
1.0000000000563056
1.0000000052136049
1.0000001320897207
0.9999999915020815
0.9999999868292843
0.9999999951946933
1.0000001559507505
1.000000429686128
0.9999999880313089
1.0000000675164515
0.9999999959110611
0.9999999714169668
0.9999998764328236
0.9999917997490724
1.000000022368244
0.9999999646186529
1.000000249366299
0.9999999910099282
0.9999999668450232
1.0000000003228133
0.9999999855687641
0.9999999753764394
0.9999999045474639
0.9999999921841846
1.0000000863510978
0.9999999829846258
0.9999999943987242
1.000000276072559
0.9999999891933626
0.9999999786204028
0.9999999896274258
0.9999999531297243
0.9999999770302697
1.0000000365970254
1.0000000245186211
0.9999999760200265
0.9999999891259294
0.9999998266372259
0.9999999816320626
0.9999999803410312
1.0000001132139924
0.9999999946154523
0.9999999919743375
1.0000002095381593
0.999999991469808
1.0000000688313164
1.0000001781381485
0.9999999788357934
0.9999999923841503
0.9999999825993702
1.0000001425855924
0.9999999953498434
1.0000001385079607
1.0000000145948924
1.0000000589188676
0.9999999882668537
1.0000576530375518
0.9999999941229342
0.9999999954372605
0.9999999940113043
1.000000042841096
1.0000000669052944
0.9999999857736737
0.9999999377681317
0.9999999940625625
0.9999999772962163
0.9999999886576467
1.000000008887775
0.9999985439326441
0.9999998712310406
0.9999999808526892
0.9999999952712157
0.9999999799803012
0.9999999943821416
0.9999999818800953
1.0000000021989286
0.9999998448094994
0.9999999838385915
0.999999975802771
0.999999936205309
0.9999999719327667
0.999999969139253
0.9999999904170839
0.9999999955133886
0.9999999142542546
0.9999999650369188
0.999999988243238
0.99999986637341
1.0000000187763256
0.9999999874298484
1.0000001219593946
1.0000013287281937
1.0000217163749714
0.9999999791986844
1.0000002003789634
0.999999986944398
1.0000000822103599
1.0000000281368286
0.9999999903383944
1.000000045112218
0.9999999205112782
0.9999999758068971
1.000000003008494
0.9999999893072901
0.9999999865292774
0.9999999966374907
1.000000022235202
0.999999947647105
1.0000000025338478
1.0000000727046925
0.9999999971678248
0.9999999408001251
1.0000000519365229
0.9999988416184881
0.9999999711206654
0.9999999944285414
1.0000008312495985
0.9999999824584039
0.9999999687411139
0.999999988354652
1.0000000341569135
1.0000002518577826
1.0000000839664152
0.999999984265514
0.9999999775913201
0.9999999909707045
0.9999999875978618
0.999999982245063
0.9999999638766024
1.0000000148702828
1.0000000172361643
1.0000001019082723
1.0000000998269345
0.9999999892654106
0.9999999976451653
1.0000000182250899
0.999999991977021
0.9999999796431791
0.999999940869976
0.9999999648618317
0.999999991911376
0.9999998852657528
1.0000000585143822
0.9999999839259415
1.000000785898364
0.9999999742880537
0.9999999962726409
0.9999999970196884
0.9999998605552737
1.0000001116684984
0.9999999825555427
0.9999999972480752
0.9999999973024278
0.999999949692311
0.9999999946768949
1.0000003184594468
0.9999999908941462
0.99999996182015
0.999999995581211
0.9999999927193811
1.0000001707530144
0.9999999967544677
0.999999972371249
0.9999999656790927
0.9999999528784752
1.0000000531848607
1.0000000411820333
0.9999999346271119
0.9999999827219
0.9999999485949066
1.000000000481523
0.9999999771478479
0.9999999761836003
0.9999999919428908
0.9999999233878678
0.9999999817858394
0.9999999913152794
0.9999999927989965
0.9999999713744832
1.0000029814871916
1.0000000029945681
0.9999999956892204
1.0000000176489998
0.9999999944540477
1.0000007002221052
0.9999999847786236
0.9999999966276948
0.9999999814834492
0.9999999822857154
0.9999998792863114
1.0000001211751361
1.000000320602508
1.0000000481814326
0.9999999602443834
0.9999999908246178
0.9999999195419259
0.9999999916568137
0.9999999810982699
0.9999999846693043
0.9999998864987892
0.9999999548332488
0.9999999947496272
0.9999999516014749
1.0000000524854629
1.000000002538621
1.0000002703040078
0.9999999887340972
0.999999874518317
0.9999999890901227
0.9999999589098183
0.9999999349959023
0.9999999795648747
1.0000000923214012
1.0000001361066024
0.9999999752390687
0.999999986658143
0.9999999242933384
0.9999999322058042
0.9999999991591624
0.9999999725825506
0.9999999880677707
0.9999999988659382
1.000000043250067
0.9999999959099962
0.999999949869159
0.9999999889178984
1.0000020807971497
1.000000065840542
0.9999999963431234
0.999999993640951
0.9999998931215625
1.0000000080185456
0.9999999870435222
0.9999999311559723
1.0000000053889675
0.9999999918226025
0.9999999927436649
0.9999999765305073
0.9999999917643501
0.9999999937066425
1.0000001332471955
1.0000007366207009
0.9999999594300195
1.000000372279478
0.9999999846550937
0.999999993552117
0.9996576762331973
1.000000100230679
0.9999999553503279
1.0000000147268044
0.9999999925033417
0.9999999522684201
0.9999999979159585
0.9999999839161519
0.9999999386054247
1.0000000989984346
0.9999999914749239
1.0000000410374903
1.0000000037239394
0.9999999763622442
0.999999993885703
1.0000000953787593
0.9999999944672008
0.9999998195722408
1.0000002660706595
1.0000000584723274
1.0000000576932604
0.999999997045711
0.9999999976001536
0.9999999974584132
0.9999999982254785
0.9999999836046953
0.999999996515075
0.9999999886962266
0.9999999900187128
0.9999999732829941
0.9999999947413947
1.0000000149465451
0.9999999551488944
0.9999995344345839
0.9999999912199051
0.9999999973333504
0.9999999824161809
1.0000003666443182
0.9999999984814342
0.9999999953591927
0.9999999562094115
1.0000001030438723
0.9999998450557049
1.0000000464811867
1.0000000326818943
0.9999999873772567
1.0000000229928563
0.9999999664755918
0.9999999887223746
0.9999999093729006
0.999999986212743
0.999999986824273
0.9999999808930596
0.9999999932074454
0.9999999966362956
0.9999998865415467
0.9999999944560213
0.9999999923457148
0.9999999809692247
0.999999951477512
0.9999999824328196
0.9999999819600696
0.9999999921913469
0.9999999949086762
0.999999968646809
0.9999999743011299
1.0000000409574499
0.999999942829464
1.0000000859137228
1.0000001790735578
0.9999999973331359
1.000000606913854
0.9999999498303377
0.999999980163834
0.9999999889616205
1.0000006489933337
0.9999999683617431
1.0000000001972449
0.999999960580116
0.9999999891584787
0.9999999835822216
0.9999999981466888
0.9999999915195117
1.0000000459280807
0.9999999925742289
1.0000000346157025
1.0000000821126533
0.9999999052799928
1.0000000128702722
0.9999999635755237
1.000000097168012
0.9999997794117285
0.9999999848182242
0.9999998291170973
1.0000004220563534
0.9999999846776968
0.9999999945556723
1.000000025917931
0.9999999898864856
0.9999999836107146
0.9999999951528938
0.999999996136603
1.0000001126646028
0.9999999889443
1.0000003105539355
0.9999999896433949
0.9999999894083929
0.9999999917856353
0.9999999927322296
1.0000000043392612
1.000000085220392
0.9999996528667798
0.9999999661862544
0.999999989401933
0.9999999447077057
0.9999999641878856
0.9999999929920266
0.9999999920165282
0.9999999848526829
1.000000172021857
0.999999950862579
0.9999999733832023
1.0000000851621036
0.9999999935690523
0.9999999841836584
0.9999999573276191
0.9999999754825923
0.9999999853562545
0.9999999957466961
1.0000000751122635
0.9999999552652638
0.9999999885999484
1.000000115048713
1.0000000772314535
1.0000000588020028
1.0000000308607293
1.0000000050389983
1.0000000097532649
1.0000001917762018
0.9999999938118885
0.9999999491560533
1.0000000198196424
0.9999999958452588
0.9999999265781003
0.9999999815210479
1.0000000057054996
0.999999982687856
0.9999999439079913
0.9999999858187432
0.9999999799608321
0.99999999471726
0.9999999878678211
0.9999999944810423
0.9999999897915995
1.000000001473565
0.9999999771868371
1.0000001813405677
1.0000000368640987
0.9999998211760098
0.9999999956624221
0.9999999940934655
0.9999999156684257
0.9999999922229434
1.0000000364676802
0.9999999953319879
0.999999967654399
0.9999999464051744
0.9999999786533046
0.9999999819423895
1.0000000588896614
1.000000626172987
1.0000000593238625
0.9999999904468932
0.9999999224873547
0.9999999689800962
0.9999999952841773
0.9999999478975582
0.9999999692074601
1.0000000646595764
0.9999997464048601
0.9999999879312848
0.9999999929870341
1.000004482365611
0.999999986590161
0.9999998142003522
0.999999999020229
1.0000003157094073
0.9999999810534127
0.9999999910098206
1.0000000370134425
0.9999999911882721
1.0000000020444682
0.9999999883945391
1.0000000448481128
0.9999999950900275
0.9999999514217541
0.9999999937652078
0.9999999958985619
0.9999999774967813
1.0000000456916585
1.000000147173351
0.9999999667808847
1.0000014296830455
0.9999999812303256
0.999999923822151
1.0000000082496516
0.9999999895240932
0.9999999852228612
0.9999999951100708
0.9999999911923229
1.000000085337464
1.0000000949867696
0.999999975561083
1.0000001331277972
0.9999999883435653
0.9999999892246019
0.9999999803631254
1.000000008630834
1.0000000070945263
1.0000000109731673
1.0000000312880832
0.9999999715319797
0.9999998918821661
0.9999999419225041
0.9999999984279502
0.9999999951857446
0.9999999597787476
0.9999999986503387
1.0000052352319846
0.9999999706486524
1.0000000255065873
0.9999999967504275
1.0000000188659641
0.9999999994403169
1.000000355314308
0.9999999779101221
0.9999999151131391
0.9999995136582809
0.9999999939660724
1.0000000044175847
0.9999999897997819
1.0000004579549961
0.9999999614040879
0.9999999419372694
0.9999999793065242
0.9999999629164363
0.9999999835418963
0.9999998961079796
0.9999999265965029
0.9999999934256288
0.9999996815271532
0.9999999860216047
0.9999999646624415
0.9999999679212701
0.9999999795781821
1.0000001891998525
0.9999998863283158
0.9999999885665743
1.00000003161702
0.9999999934818254
0.9999999769723618
0.9999999829641383
1.0000000755140326
0.9999999846273485
1.0000000658757073
0.9999999929041727
1.000000195224729
0.9999998759777914
0.9999999867452423
1.0000001957573788
1.0000000435948073
1.0000000623750944
1.0000000299549023
0.9999999860422167
0.9999999717678718
1.000000079222966
0.9999999044514897
0.9999999854894931
0.9999999890650598
0.9999999849969199
0.9999999958797852
1.0000000182566782
0.9999999765790809
0.9999999810581462
0.9999999840238873
0.9999999982827342
0.9999999694314391
1.000000001211431
0.9999999818707258
0.9999999965799006
1.00000004160556
1.0000002438012376
1.000000290575037
1.0000000097251438
0.9999999894333824
0.9999999867248992
1.000000002549472
0.9999999682453369
0.9999999965284553
0.9999999888761882
1.0000000159802174
1.0000000907046533
0.9999999931939553
0.999999990873075
1.0000001902345974
0.9999999028680787
1.0000000846773445
0.9999999771391602
0.9999999945225991
1.0000000057324692
1.000000042650558
0.9999997905571886
0.9999999920195628
0.9999999897363605
1.0000010634109753
1.0000000623374121
0.9999999784037849
0.9999999873369428
1.0000001001892467
1.0000000222930163
0.999999986968842
1.0000017518525728
0.9999999972940431
0.9999999936386343
0.9999998596388617
0.9999999886387231
0.9999998691880989
0.9999999984605256
0.9999999944071849
0.9999999915980818
1.0000000476043776
0.9999998636513839
0.9999999737830266
0.9999999811000644
1.000000076509664
0.9999999610444108
0.9999999918978606
1.0000004959255768
0.9999998294547126
0.9999999914306663
1.0000002522817097
0.9999996101110686
1.0000000127652051
1.0000002527449137
1.000000131632137
0.9999999515164761
1.0000003366512884
1.000000189271005
0.9999999915909636
0.9999999945197935
1.0000000612626685
0.9999999661874444
0.9999999958871704
0.9999999558098994
0.9999999890410142
1.000000061354489
1.0000001015268432
0.9999999925046114
0.9999998940338386
0.9999999918012334
0.9999999968252518
0.9999999927488986
0.9999968508667534
1.0000000588795448
1.0000000153715252
0.9999999967596491
1.0000002229425342
0.9999999879055534
0.9999999322038948
0.9999999990593792
1.0000032567191595
0.9999999775277923
0.9999997330797089
0.9999999196221746
0.9999999934218172
0.9999999695965314
1.0000000181326523
1.000003447911946
0.9999997975536158
1.0000002004722375
0.9999999918406097
1.000000036357181
1.0000002164115425
0.9999999940522224
0.9999999531370523
0.9999999625481345
0.9999999888720396
0.9999998769190305
0.9999999747692292
0.999999341597882
0.9999999844641302
0.9999999145825277
1.0000000303671752
0.9999999774418344
1.0000035449560494
0.9999999910869644
0.9999999861682158
1.0000000153769084
1.0000000651873546
0.9999999900679805
1.0000000623260494
1.0000000303370942
0.9999999753842737
0.9999999891675107
1.000000132280087
0.9999999297235808
1.0000001133560479
0.9999999964024007
1.0000000022122955
0.9999999782189037
0.9999999860974538
0.9999999635426493
0.9999999505552599
0.9999999892803348
0.999999987142671
0.9999999771984721
1.0000002322999078
1.0000001535014584
0.9999994476538832
0.9999999857255598
1.0000000676802365
0.9999999915048349
0.9999999820003028
1.000000224163993
0.9999996154477694
1.0000000129907625
0.9999999976884385
1.0000000007177103
0.9999999834945539
1.0000000211563287
0.9999999867880747
1.0000002891864967
0.9999999907100846
0.9999999748896305
1.0000001105558078
1.0000001502714047
0.9999999822967086
0.9999999933083756
0.9999999724851883
0.9999999911678319
0.9999999942170965
0.9999999993163932
0.9999999870263394
0.9999999773308773
1.0000001047837996
0.9999999937135757
0.9999999868375951
1.000000077597538
0.9999999641484592
0.9999999888653157
1.0000000007667942
1.00000083638794
0.9999999641551445
0.9999999868095492
0.999999988131252
0.9999999905865736
0.9999999776466906
0.9999999931081851
0.9999999962805342
1.0000001336361575
0.9999999957796981
0.9999999977395251
1.000000004806945
0.9999999862270282
0.9999999948638023
1.0000001797110072
0.9999998429324751
1.000000030565988
0.9999999884707594
0.9999999779768457
0.9999999840909701
0.9999999710232726
0.9999999778934411
0.9999999277922359
1.000000023874962
1.0000001368582025
1.0000001127517204
0.999999584389499
0.9999999920983609
0.9999999976792086
0.9999999669412526
1.0000000211030622
0.9999999979850145
1.0000000380896639
1.0000000987038171
0.9999999830030448
0.9999999818342474
0.9999999953074471
0.9999999901071109
0.9999999947857794
0.999999973599198
0.9999999449082324
0.9999999926263085
0.9999999905075464
1.0000002129680434
1.0000000126426063
1.0000000026710039
0.9999999909520131
0.9999999634934643
0.9999999385287464
1.0000000196348908
0.9999999661554301
0.9999999533109926
1.0000000027045035
1.0000001132992822
0.9999999961900583
0.9999999939220102
0.9999999045542995
0.9999998954499407
0.9999999741393115
1.0000000676235552
1.0000000084229248
0.9999999851146928
0.9999999789607266
1.0000000939428433
0.9999998273380424
0.9999999710313535
0.9999999942417138
0.9999999861312888
0.9999999645529238
0.9999999752803234
0.9999999922281846
0.999999988084422
0.9999999682689111
0.9999999987102286
1.0000006820748235
0.9999997771551254
0.999999990677405
0.9999999907053749
1.0000001444955169
1.0000000279742387
1.0000007656632846
1.0000001128153266
0.9999999951837599
0.9999999909479911
0.9999999669012777
1.0000000306993029
0.999999992510175
0.9999999892707104
1.0000000291184188
0.999999976158314
1.0000001788659667
0.9999999826536449
0.9999999796680062
0.9999999815553255
1.000000006817369
1.0000000614401665
0.9999998093353207
1.0000000461004355
0.999999988842028
0.9999999849726867
0.9999999952069948
1.000000527918092
0.9999999875050084
1.0000000302417342
0.9999999733823134
0.9999999623428975
0.9999999761380622
0.999999985747337
0.9999999461697141
0.9999999351569238
0.9999999359184174
0.9999999888092839
0.999999992690796
1.0000001667794762
1.0000000103228324
0.9999999672521991
0.9999999919497965
0.9999999840513196
0.9999999056552414
0.9999999557366313
0.999999987153652
1.0000000152482795
1.0000000175511587
0.9999999835613744
1.0000000272632028
0.9999999665650781
0.9999999909895316
0.9999998129441487
1.000000033011717
0.9999881302062114
1.0000000027716864
0.9999999606742753
0.9999999924932027
1.0000000248521266
0.9999999994122841
0.99999997515218
1.0000000059978114
0.9999999749857801
1.0000000279640688
0.9999999854192345
1.0000000031998268
1.0000000408084158
0.9999999803136935
0.999999498861182
1.0000000030710534
0.999999949041573
0.9999999920983084
0.9999999944720345
0.99999995059519
0.9999999897502195
1.0000000495280907
1.0000000231587822
0.9999999832200672
0.9999999610635787
1.0000000047642554
1.0000000111338176
0.9999999981255487
0.9999999994381923
0.9999999360460802
0.9999999821952487
0.9999999939657968
1.0000000163118485
0.999999990674178
1.0000001682506061
0.9999999929109769
1.0000004708807497
0.9999999908851952
0.9999998256032737
0.999999980869175
0.9999999771452955
0.9999999927037421
0.999999989997731
0.9999999713748583
0.9999999937911106
0.9999999754245255
1.0000001048482214
0.9999999728851962
0.9999999955148529
0.9999998671080945
1.0000000573056855
0.99999996417379
0.9999998668434152
0.9999999669287452
0.9999999805171667
0.9999999882796392
1.0000000328825973
1.0000001575890838
0.9999999867261163
0.9999999893826612
0.9999999861795095
0.9999999969228575
0.9999999989511369
1.0000000752030356
0.9999999374283582
1.0000001202994577
0.9999999948155582
1.0000000149045822
1.0000000959689774
1.0000003109219606
1.0000001597017174
0.9999999881831234
0.9999998902904297
0.9999999382248177
0.9999998760876633
0.9999996775151438
0.9999999936163421
0.9999999867742809
1.0000001089768051
0.9999999957118288
0.9999999935345836
0.9999999929536691
1.0000001190549708
0.9999999754643516
0.9999999981974507
1.0000001321433807
1.0000000399535391
0.9999999989015791
0.9999999957713303
1.000000091477949
0.9999999990896172
1.0000000139135008
1.0000000354272718
0.999999992286093
0.9999999355913618
0.9999999913211458
0.9999998194561864
1.0000002257934575
0.9999999868948524
0.9999999689713959
0.9999999913966375
0.9999999900896405
1.000000557450582
0.9999999670451847
0.9999999514379168
1.00000011760718
0.9999999911135999
0.9999995468947612
0.9999999642361861
0.999999979172068
0.9999999828766883
1.000000037817116
0.9999999626612931
0.9999999923257464
0.9999999902107177
0.9999999326468709
0.999999943967302
1.00000050679571
0.9999999381088039
1.000000017805856
0.999999745558911
1.0000000352414686
1.0000000032655594
1.0000001033821122
0.9999999999913693
1.0000004814299062
0.9999999805924684
0.9999999831307355
0.9999999881734601
0.9999999906380878
0.9999999949024191
0.999999981926206
0.999999986325396
0.9999999988928631
0.9999999896468736
0.9999999989866423
0.9999999596819708
0.9999999927588498
1.0000000636830866
0.9999999849721892
0.9999999939027471
0.9999999914860775
0.9999999246577309
0.9999999796629111
1.0000001434026098
0.9999999929658893
0.9999999939410575
1.0000004386633516
1.0000000630051318
0.9999999345430574
1.0000000170826306
1.0000000528849415
0.9999999859185272
1.000000131355813
1.0000002319053256
0.999999975900431
0.9999999932641497
0.9999999727023962
0.9999999913248491
0.9999999910547257
0.9999999842589827
1.0000000692454851
1.0000001239718799
1.0000001869359516
1.0000000257385642
1.0000003914111921
0.9999999703415852
1.0000000363234784
0.9999999905931798
0.9999998868576034
0.9999999913539254
0.999999910454661
0.9999999598806971
0.9999999878458496
1.0000000285143937
0.9999999814489412
0.9999999897004027
0.9999999950485314
0.9999999866393946
0.9999998988197918
1.0000001241894505
0.9999998546062232
1.0000000509138
0.9999999800422513
0.9999999969363722
0.9999999972898598
1.0000000011242065
1.0000000732208363
0.9999999208311898
0.9999999863170057
0.9999997839096686
0.999999996144545
0.9999999845186376
0.9999999888736413
1.0000000276247987
1.0000007742242993
0.9999997444853249
0.9999999742155442
1.0000002587336467
0.9999999942398459
0.9999999881457983
0.9999999966519637
0.9999999896345925
1.0000002983466552
0.9999999859489069
0.9999999430224633
0.9999999815217722
1.00000011830985
0.9999998481000061
1.0000001160967351
0.9999999481603178
0.9999999907468833
1.0000001600566018
1.0000000588090876
1.0000001231486308
1.0000061507878628
1.0000000580165629
1.000000055059355
0.9999999810224622
0.9999998774508634
0.9999999855228505
0.9999999856150504
1.0000001187534466
0.9999999297284612
0.9999999875519776
0.9999999769737746
0.9999999960980537
0.9999999681044035
1.000000046306851
0.999997309902775
1.000000031147876
0.9999999776024412
0.9999999574574198
0.9999999375793374
0.9999999794579812
1.0000002121950415
1.0000000294252265
0.9999999543502971
0.9999999881109857
1.0000000387116028
0.9999998302525815
0.999999971762494
0.9999999924114006
0.9999999846519203
0.9999999942099225
1.0000000227389612
1.0000001255636841
0.9999999848212423
0.9999999916519434
1.0000000653318062
1.0000000026066076
0.9999999093538211
1.0000000002390246
1.0000000590697031
0.9999999840564175
1.0000002957300929
0.9999999978287891
0.9999999865480775
0.9999996723374871
0.9999999918481621
0.999999979252147
0.9999999942888865
0.9999999341755151
1.0000002720382752
0.9999999340180591
0.9999999868473013
1.0000000849985269
1.0000000587590232
0.9999999505583639
1.0000000474581068
0.9999999576752385
0.9999999884803925
0.9999999822078547
0.9999995732168995
1.0000001606812412
0.9999999964372039
0.9999999798230921
0.9999999636870215
0.9999999944703327
0.9999999933727677
1.0000001296898953
0.9999999920620837
1.0000005742600246
0.9999999915158864
1.0000000222735608
0.99999999279548
0.9999999483833731
0.9999999629204697
1.0000003879079955
0.9999999124943837
0.9999999911419152
0.9999999886294074
0.9999995565096694
1.00000002121686
1.0000000765617716
0.9999999807764817
1.0000000156145334
1.0000000464076482
0.9999999956550008
0.9999999902729166
0.999999996918357
0.9999999850098842
1.0000000674786755
0.9999999842086041
1.0000000261139246
0.999999995307617
0.9999999922864977
0.9999999887925883
0.999999921876721
0.9999999796953073
0.9999999872043086
0.9999999791522549
1.000000033614195
1.0000000773899762
0.9999999495916183
1.0000000008268088
1.0000000409478367
0.9999999734214998
0.9999999173316626
0.999999990631497
0.9999999873928297
0.9999972502372991
0.9999999555404016
0.9999999767079353
0.9999999874104579
0.9999999763486169
1.0000004643614937
0.999999996844412
1.000000162668798
0.9999999964945696
0.9999999886505772
0.9999999779278455
0.9999999251461864
0.9999999752537136
1.0000001807942704
0.9999999941488075
0.9999999909215468
0.9999999941378366
1.0000000323443272
0.9999999516591087
1.0000000525668349
0.9999999892604627
0.9999999946842019
1.0000000000230138
0.9999999910270151
0.9999999889006572
1.000000183348668
0.9999999539342566
1.0000005076705027
1.0000000176136707
0.9999999962767645
0.9999974530415526
0.9999999424685351
0.9999999942668425
0.9999999891151152
1.0000000026929536
1.0000000580351942
0.9999999962766374
0.9999999862759316
1.0000001980173785
0.9999999961135952
0.9999999935639328
1.0000006563005057
1.0000183400648126
1.0000001282283941
1.0000000118797385
0.9999997717803524
0.9999999903585723
0.9999999988638609
0.9999999911094825
0.9999999919968195
0.9999999988994669
0.9999999895701901
0.9999999923461813
1.0000005413542272
0.9999999869403347
0.9999999937184637
0.9999999944684348
0.9999999884468649
1.000000166695208
1.0000000261901125
0.9999999404515421
1.0000000720186295
1.000000120667151
0.9999998879277366
1.0000001144932495
1.0000000959678954
0.9999999910739328
1.0000100760451542
0.9999999734723387
0.9999999787337381
0.9999999937631339
0.9999998179233944
0.9999999072564582
0.9999999812341646
1.000000220689566
0.9999999780969978
0.9999999723844378
0.9999999931872846
0.9999999954320309
1.0000004026597036
0.999999989695575
0.9999999920574866
1.0000000084596194
0.9999999584599599
0.9999999963303348
1.000000007951157
0.9999999845350206
0.9999999842439444
1.000000050609566
0.9999999749039846
0.9999999537963469
0.9999999841780081
0.9999999953355908
0.9999999913470563
0.9999999924728918
0.9999999947893354
1.0000001310167157
0.999999989387647
0.9999999929330757
1.0000000236235793
0.9999999982799738
1.0000003999252887
1.00000062061429
0.9999999856159071
0.999999988651001
0.9999999890014262
0.9999999957214647
0.9999999923469014
0.999999973909626
0.9999999920430974
1.000000024712118
1.0000001943817807
1.000000213683642
0.9999999781193738
0.9999999986435029
1.0000000915746912
0.9999999332653168
0.9999999413804764
0.99999998979146
0.9999999819285664
0.9999999740392455
1.0000002848279852
0.9999999939091754
1.0000000299013778
1.0000000332355774
1.000000034500248
0.9999999940530165
0.9999996848839201
1.0000001414348405
1.0000000031160428
1.0000002858731765
0.9999999393346758
0.9999998977330791
0.9999999708935725
0.9999999964210762
1.0000000301833383
0.9999999517046665
0.9999999927779039
0.9999999968305443
0.9999999884140417
0.9999999873839187
0.9999999952303585
0.9999999774170174
0.9999999888058316
1.0000001043644662
0.9999999918603463
0.9999999674031845
0.9999999934125222
1.000000473676785
0.9999999877965827
0.9999999171565672
0.9999999983808188
0.9999999961294977
0.9999999881319088
0.9999999824774333
0.9999999786834548
1.0000003698254638
1.0000000685937294
0.9999999758008782
1.0000000155449817
0.9999999810214105
0.9999999927585641
1.000000191858114
1.0000000494133563
1.000000057815657
0.9999999970466417
1.0000001490190873
0.9999999890752201
0.9999999899836
1.0000003194565155
0.9999999667608296
1.000000066421482
1.0000000619753173
0.9999999794573047
0.9999999841839158
1.0000000125121062
0.9999998472834043
1.0000001329949073
0.9999999566471444
1.000000105667067
0.999999993781928
0.9999999920163645
1.0000000646636789
0.9999999877101483
0.9999999711562624
0.9999998904116526
0.9999999967822701
0.9999999921925472
1.0000000610003184
1.0000001537917051
0.9999999836589252
1.0000004810709424
1.000000400016186
1.0000003662715893
0.9999999241918287
0.9999999864449542
0.9999999474133091
0.9999999936921232
0.9999998810897492
0.9999999898648022
0.999999871933618
0.9999999815599866
0.9999999840293573
1.000000023898996
0.999999971575447
0.9999999813555348
0.999999975609516
0.9999999944309164
0.9999999974704634
1.0000000247998448
0.999999996062091
0.9999999823373121
0.99999999438266
0.999999986024556
0.9999999933248861
1.000000024827539
1.0000000616690217
0.9999999331521835
0.9999999559139064
1.000000067348104
0.9999999979744789
0.9999999726196155
0.999999951341335
1.0000001699715246
0.9999999800249589
1.000000013807444
0.9999999927006912
0.9999999887990246
1.0000000018789674
1.0000001244908363
0.9999999722650594
1.0000000258757176
1.0000000576861368
1.000000002821257
0.9999999902028859
0.9999999485143986
0.9999999701630419
0.999999997201398
1.000000015828319
0.9999998880382748
0.9999999975267614
0.9999999942884458
1.0000000106795284
0.9999999783197467
1.0000000893962286
0.9999999767103793
1.0000000263826305
0.9999997973864451
0.9999999749575117
0.999999882269083
0.9999999555162608
0.9999999601985964
0.9999999738625779
1.0000000194770002
1.0000000126976591
0.9999999799344701
1.000000055036669
1.0000000526406123
0.9999999884624051
0.9999999729508579
0.9999998330505271
1.000000103450617
0.9999999634259079
0.9999999901461555
0.999999996165932
0.9999999965262313
0.9999998850262847
0.9999999798110053
1.0000002294221075
1.000001495468935
0.9999999686881066
1.000000047350559
0.9999999880220124
0.999999996638597
0.9999992551893376
0.9999999794954716
0.9999999965460259
1.0000000325129468
0.9999999932687299
1.0000000497711528
0.9999999952024067
0.9999998975911379
0.9999999726202637
1.00000475224567
1.000000077094972
0.9999999883558074
0.9999999921483588
1.0000001416226754
0.9999999871717569
1.0000001234005387
1.0000000527350785
1.0000000415683339
0.9999995038342038
1.0000001867285455
1.0000000473059427
1.0000003787518237
0.9999999931217403
0.9999999960352485
0.9999999833806091
1.0000000521914825
0.9999999771453113
0.9999999925476836
0.9999992459433639
0.9999999858698843
0.9999999719608299
0.9999999395600152
1.0000001290759057
0.9999999869179094
0.9999999930450127
0.9999999846256175
0.9999999956281482
0.9999999897135478
1.000000012241831
0.9999999878244995
0.999999949714174
0.9999999889073631
1.0000000074895792
0.999999947771623
1.0000001415556483
0.9999999954285221
0.9999999969217795
0.9999999933449234
0.9999999841711518
1.0000001197525803
0.9999999844993828
1.000000042785192
1.000000128618807
0.9999999940364266
1.0000007517124185
0.9999999841682234
0.9999999916350527
1.0000000839630256
0.9999998996889476
1.0000000025696854
0.9999999949404662
1.000000142347027
0.9999995761775463
1.000000097937972
0.9999999192455507
1.0000000259690525
0.9999999803101604
0.9999999834713307
0.9999999847037809
0.9999999221928195
0.9999998718259316
1.000000150069261
0.9999999943153828
0.999999935912773
0.9999999634081294
0.9999999890351907
1.0000001437014912
0.9999999677251
1.0000001121305706
0.9999999442683534
0.9999999862931621
1.0000001246451957
1.0000000515052807
0.9999999913974112
0.9999999922047845
0.9999999428991604
0.9999999906929434
0.9999999880698771
0.9999999900075517
0.9999999924722333
1.0000000386760857
0.999999979314723
1.0000000516893233
0.9999999744837518
1.0000000327366245
1.0000000586378002
0.9999999663188603
1.000000000884527
0.9999999833587037
0.9999999313158026
0.9999999094317874
1.0000001128651603
1.0000002931617158
1.000000312411719
1.0000006999611732
0.9999999863749606
0.9999999954427861
1.0000001878423848
1.0000002183073673
0.9999999919138739
0.9999999932532203
1.000000038126648
0.9999999893085871
0.9999999547190846
0.999999891027726
0.9999999775573074
0.9999999963022292
1.0000000749900508
0.999999995724506
0.9999999796215092
1.0000001223225947
0.9999999947739716
1.000000049231891
0.9999999965337729
0.9999997900643158
0.999999962890095
1.0000000796390605
0.9999986508853047
0.9999999835073127
0.9999999735155002
0.9999999966229143
0.9999999828538527
0.9999999634833502
0.9999999795752508
0.9999998463833687
0.9999999890531903
0.9999999624521477
0.9999999879340687
1.0000006948006972
0.9999999747751955
0.9999999723161003
0.9999997977929845
0.9999998245396139
0.9999999985339715
0.9999999977095472
1.0000001995984416
0.9999999740416151
0.9999999869032529
0.9999999884258768
0.9999999848549279
0.9999999979605568
0.9999999864353112
0.9999999803586953
0.9999999974000111
1.0000025462576896
0.9999999744266328
1.0000001149755344
