1.000000000138926
1.0000000000981
1.0000000000869746
0.999999998835993
1.0000000000607616
1.0000000001028624
1.0000000000660119
1.0000000000927216
0.9999999998379244
0.9999999999367523
0.9999999999869429
0.9999999999996495
0.9999999996928718
1.0000000000690297
1.0000000000267082
0.999999999914367
1.000000000073375
0.999999999961405
1.000000000040158
0.9999999998106631
1.0000000001039433
0.9999999999401017
0.9999999999547134
1.0000000000501825
0.9999999999251756
0.9999999998602128
1.000000000796541
0.9999999999274335
0.9999999998949608
1.000000000112627
1.0000000000590534
1.0000000000404254
1.0000000000638967
0.9999999998261938
0.9999999997902694
0.9999999999605107
0.9999999999813779
0.9999999999168735
1.0000000001126004
0.9999999997950721
0.9999999998423971
0.9999999997569954
1.0000000004901297
0.9999999999741
1.0000000002402978
1.0000000001131382
0.9999999998707689
0.9999999999168171
1.0000000002152236
1.0000000000534945
0.9999999998351651
1.0000000000846891
0.9999999999768686
0.9999999995629706
0.9999999999707467
1.0000000001139486
0.9999999998573519
0.9999999999514871
1.000000000180079
1.0000000000505025
1.0000000000343376
1.000000001191707
0.9999999998713885
0.9999999999704114
0.999999999916367
1.0000000001248255
0.9999999989910352
1.0000000000437594
0.9999999998256016
1.000000000047491
1.0000000000608444
1.0000000000921103
1.0000000000151126
1.0000000001392986
0.9999999999744015
0.9999999999311182
0.9999999998293273
0.9999999999789465
0.999999999894664
0.9999999999321268
1.0000000001657259
1.000000000017995
0.9999999997790975
0.9999999999953683
0.9999999988103669
1.0000000006176273
1.0000000003092406
1.0000000000173386
0.999999999538027
0.9999999997557442
0.9999999999596441
1.00000000015665
1.0000000001216678
0.9999999999301558
1.0000000009827934
0.9999999992544799
1.0000000000420812
0.9999999998222477
0.9999999999389745
1.0000000000578124
1.0000000000582752
1.0000000000199412
1.0000000000545723
1.0000000004281802
1.0000000000902156
0.9999999999534965
1.000000000150599
0.9999999998487223
1.0000000000842468
1.0000000001285065
1.0000000005929561
0.9999999998550801
0.9999999994877102
0.9999999999908011
1.0000000001455613
1.000000000079722
1.0000000000652605
1.0000000098302828
1.0000000000551605
0.9999999997935178
0.9999999999968302
1.0000000001213847
1.0000000000384912
0.9999999999029625
0.9999999999829206
0.9999999999331302
0.9999999999877612
1.0000000005373273
0.9999999966460967
0.9999999998338573
1.0000000001879972
0.9999999999524186
0.9999999996523268
1.0000000002636014
0.999999999894921
0.9999999997377355
0.9999999997859638
1.0000000000758094
0.9999999991318784
1.0000000000139764
0.9999999998937119
1.000000000253347
0.9999999998435994
0.9999999974520172
1.0000000000036466
1.0000000000841534
1.0000000000157292
0.9999999998849506
0.9999999988065627
0.9999999997754776
1.0000000002224947
1.0000000002913143
1.0000000000132907
1.0000000000833407
1.0000000000747848
0.9999999999757677
0.9999999998159191
1.0000000004417384
1.0000000000202185
1.0000000000298352
1.00000000013652
1.0000000003763052
1.000000000134362
1.0000000001584528
0.9999999999783934
0.9999999999594188
1.000000000047406
1.0000000000170601
0.9999999998224509
1.0000000000427478
0.9999999995909418
0.9999999999067053
1.0000000000610672
0.9999999999245178
0.9999999998992586
1.0000000001925722
1.0000000000519926
1.0000000000624496
0.9999999998879087
0.9999999999658271
1.0000000024960929
0.9999999998912386
0.9999999999404895
1.0000000001995966
1.000000000189002
0.9999999999383499
0.9999999840577096
1.0000000026329516
0.9999999998117876
0.9999999999094715
0.9999999998545658
1.0000000000500404
0.9999999999141097
1.0000000000081466
1.0000000000911877
1.0000000002826541
1.0000000001212752
0.9999999999894789
0.9999999999934612
1.0000000000064735
0.9999999998913114
0.9999999999904253
0.9999999999623804
0.9999999997762503
0.9999999999952318
1.0000000003201277
1.000000000023665
0.9999999999501932
1.0000000009181225
1.0000000010216097
0.9999999992030771
1.0000000000765308
1.0000000000219613
1.0000000000283609
0.9999999996901439
1.0000000000961342
0.9999999995709014
1.000000001164915
1.0000000000092035
1.0000000001405542
1.0000000000750764
1.0000000002020486
1.0000000000419416
0.9999999999944221
1.0000000000861815
1.0000000000079905
0.9999999999294944
1.0000000002092329
1.0000000000208007
0.9999999997144036
1.0000000000255758
1.0000000010618002
1.0000000000780616
1.000000000005814
1.0000000000223095
1.0000000002696199
0.9999999999834212
1.0000000000140836
1.0000000000356375
0.9999999997963059
0.9999999998017157
0.9999999999869056
0.9999999998917805
0.9999999996920235
1.000000001267468
1.0000000000216418
0.9999999999464833
0.9999999998960332
0.9999999996001286
0.9999999999513157
0.999999999834793
1.0000000000944396
1.0000000002732752
1.0000000000679061
0.9999999995271419
1.0000000000206402
0.999999999946158
0.9999999998939387
1.0000000000967915
1.0000000000188174
1.0000000000424345
0.9999999999618996
0.9999999998465832
1.0000000001289164
0.9999999998288464
1.0000000000213185
0.9999999997473508
1.0000000001345732
1.0000000001110811
0.9999999997658008
0.9999999998570747
0.9999999998519465
0.9999999999666817
0.999999999913994
0.9999999999072992
1.000000000013846
1.0000000001057088
0.9999999993533094
0.9999999996452875
0.9999999999181368
0.9999999996956375
0.9999999998989705
0.9999999999774156
1.0000000000933515
0.9999999998168357
0.9999999999986293
0.9999999999974994
1.000000000064328
1.0000000000042442
0.9999999999169772
0.9999999999134362
1.0000000004494203
1.000000000097249
0.9999999998124183
1.0000000002250677
1.000000000071688
1.0000000001014118
0.9999999911726367
0.9999999998414505
0.9999999999319206
1.0000000001243534
0.999999999575839
0.9999999999250888
0.9999999999014493
0.9999999995934051
0.9999999998904631
1.0000000003054559
0.999999999964399
1.0000000004993541
0.9999999999171925
1.0000000011213324
0.9999999999758239
1.0000000002851683
1.0000000000381601
1.0000000001841964
0.9999999999503976
1.0000000000338942
0.9999999998838613
1.0000000000299931
1.0000000000529494
0.9999999996984233
1.0000000002118081
0.9999999998958515
1.0000000001053715
1.000000012660203
1.0000000000122775
0.9999999999065502
0.9999999998386566
1.0000000003051976
1.0000000002795295
1.000000000090819
0.9999999999879657
1.0000000000381564
1.000000000034902
0.9999999998170701
0.9999999998826986
0.9999999999168924
1.0000000000633387
0.999999999056546
0.9999999977671736
1.0000000000795977
1.0000000001098264
0.9999999998621479
0.9999999999861229
1.000000000168875
0.9999999998847214
1.0000000001252145
1.0000000001371072
1.0000000000607312
0.999999999931263
0.9999999995778146
0.9999999999945389
1.000000000008702
1.0000000001032958
0.9999999998969977
1.000000000096571
1.0000000001360068
1.0000000001053335
0.9999999999970439
1.0000000001534703
0.9999999990427562
1.0000000000735334
1.0000000003112177
1.000000000040082
1.0000000000003573
0.999999999831741
0.9999999996651052
1.0000000001580933
1.000000000134783
0.9999999999495001
1.0000000000699543
1.0000000004411842
1.0000000001893583
1.000000000026727
1.0000000001038103
0.999999999908275
1.0000000004729492
1.0000000000557476
1.0000000004694602
1.0000000001055638
1.0000000000460345
0.9999999998908149
0.9999999998615696
0.9999999999291443
1.0000000028428582
1.0000000012908372
0.9999999997551318
0.9999999999732928
1.0000000000643938
0.9999999998114257
1.000000000104138
1.0000000003829672
0.9999999999795662
0.9999999997088631
0.9999999999299333
0.9999999998652809
0.9999999998738256
1.0000000014030477
1.0000000000943539
0.9999999999328013
1.00000000093385
0.9999999999511399
0.9999999998008698
1.0000000002893958
1.0000000000281166
1.0000000001084357
0.9999999999378991
0.9999999999526366
0.9999999998744545
0.9999999999672268
0.9999999999094367
0.9999999999886611
0.9999999999418232
0.9999999983037133
0.9999999999930318
0.9999999998556663
0.9999999998550626
1.0000000000643405
1.0000000001043685
0.9999999999411523
0.9999999999869447
0.9999999999038067
1.0000000000651577
0.9999999988791666
1.0000000003110763
0.9999999998928079
1.0000000009349663
1.0000000001137812
1.0000000004601333
1.0000000002017435
0.9999999999554039
0.9999999997832197
1.0000000000723894
1.0000000003988974
0.9999999999372401
1.0000000001160523
1.0000000042043076
0.9999999998970261
0.9999999998989126
1.000000000130394
1.0000000001527463
0.9999999999510718
0.9999999999562932
0.9999999999632458
0.9999999999833933
0.9999999999791563
0.9999999999301248
1.0000000002489613
1.000000000122336
1.0000000000651474
0.9999999999157116
1.0000000000327083
1.0000000000098115
1.0000000003489324
1.0000000000649982
1.000000000547794
0.9999999996900687
0.999999999958927
0.9999999999190116
0.9999999997789659
0.9999999999103262
1.0000000000964642
0.9999999999672483
0.9999999998203372
1.0000000000079023
0.9999999998511793
0.9999999996048444
0.999999972165868
0.9999999999287938
1.0000000000698825
1.0000000000515818
1.000000000061637
0.9999999997720201
1.0000000002722695
1.0000000001767124
0.9999999999055262
1.0000000000602924
0.9999999999550312
1.0000000000516982
0.9999999998704704
0.9999999999346599
1.0000000000174314
1.0000000000654767
1.0000000001314073
1.000000000132636
0.9999999999539017
1.000000000160176
1.0000000000932072
0.9999999999824725
0.999999999854427
1.0000000000364953
1.0000000006586685
1.0000000000486011
1.0000000002603564
1.0000000000347296
0.9999999998953325
1.0000000057483711
0.9999999978815554
0.9999999999546277
1.0000000001616298
0.9999999999531707
0.9999999998893764
0.9999999997357466
0.999999999806026
0.9999999954858712
1.0000000000670153
1.0000000000547522
0.9999999998196613
1.0000000000554277
1.0000000001042044
0.9999999997418163
1.0000000001731897
1.000000000001202
1.000000000041183
1.0000000001079434
1.0000000000666909
1.0000000000476446
1.0000000000594762
0.9999999999245274
0.9999999995444824
1.0000000000481173
1.0000000006722127
1.000000000094681
1.000000003044468
0.9999999999650613
0.9999999998204852
0.9999999999482535
1.000000000067399
1.0000000000621139
1.0000000001352642
1.0000000000470135
1.0000000002049638
1.0000000000217484
0.9999999996919107
1.0000000000885199
1.0000000001014147
1.000000000031375
1.0000000001066496
0.9999999999907632
1.0000000003846812
1.0000000003077067
0.9999999995233817
0.9999999999937375
0.999999999934037
0.9999999999646413
0.9999999962158065
1.000000000011222
0.9999999999314472
1.0000000001253546
1.000000000070247
0.9999999993976822
1.000000000040271
1.0000000002158238
1.0000000000890323
0.9999999999847228
1.0000000001231035
1.0000000000246676
0.9999999998734894
1.0000000000340121
1.0000000000180762
1.000000000060354
0.9999999999156999
1.0000000000021885
0.999999999925763
0.9999999999424025
1.0000000001446812
0.9999999998038985
1.000000000005493
1.0000000000174483
1.0000000000644322
1.0000000000710647
0.9999999998129371
1.0000000001230105
1.0000000003840797
0.9999999999508153
1.0000000000272073
1.0000000000680809
1.0000000000268614
0.9999999999285214
1.0000000000774854
0.9999999977333185
1.0000000000276286
1.0000000001013924
1.0000000001455938
1.0000000001187381
1.000000000099779
0.9999999999958146
0.9999999999400664
0.9999999997515627
0.9999999998324927
0.999999999856584
1.0000000001576437
0.99999999996718
0.9999999997824174
0.9999999997274766
1.0000000000243416
0.999999999924663
1.000000000079143
0.9999999998905846
0.9999999999747892
0.9999999998224072
1.0000000000033975
0.9999999998868009
1.0000000001241778
1.000000000624881
0.9999999997451916
1.0000000000614957
1.0000000000862534
0.9999999994241519
0.999999999907402
1.000000000118226
1.000000000100054
0.9999999999679029
1.0000000000535665
0.9999999999807577
1.000000000067457
1.0000000000274742
1.0000000002636704
1.0000000000042468
1.0000000001180418
0.9999999999381868
0.9999999999532244
1.0000000001953966
1.0000000000435552
1.000000000077928
0.9999999999789542
1.0000000007825474
1.0000000002038656
0.9999999999957596
0.9999999997422694
0.9999999999559985
0.9999999999852677
0.9999999999930347
0.9999999999220263
0.9999999999239287
0.9999999750938872
0.9999999998731482
0.9999999998520213
1.000000000078083
1.0000000001265186
1.0000000000425706
0.999999998597426
0.9999999866491041
1.0000000004529777
1.0000000000449696
0.9999999999132437
0.9999999999622655
1.0000000002167697
1.0000000000945442
0.9999999999074906
1.0000000002846423
0.9999999999473993
1.0000000001389893
0.9999999999552112
1.0000000009382393
1.0000000000147216
1.0000000001920122
1.0000000003031533
0.999999999937475
1.000000000170622
0.999999999928828
0.9999999999992815
1.0000000003087826
0.9999999999442688
0.9999999999038965
0.999999999861659
1.000000000051445
0.9999999999390461
0.9999999998719645
0.9999999998773912
1.00000000053401
1.000000000755016
0.9999999999264739
1.0000000002653804
1.0000000000235925
0.9999999999164749
0.9999999998731236
1.0000000008137773
0.9999999999773751
0.9999999999416078
1.0000000001178901
0.9999999996478459
0.9999999998978517
0.9999999992751915
1.0000000000158904
0.9999999998123154
1.000000000172609
1.000000000235696
1.000000000679238
0.9999999999900014
1.000000000028777
1.000000000084315
1.0000000002588862
0.9999999992742744
0.999999999806097
1.0000000000934781
1.0000000000947
0.9999999998016433
1.0000000001511888
0.9999999998629104
1.0000000003070155
0.9999999977010684
1.000000000048656
0.9999999999654319
1.000000000108457
0.9999999992548936
0.9999999998877412
0.9999999997771502
0.9999999999830761
1.0000000000491467
0.9999999998124655
0.9999999999996091
0.9999999998330883
0.9999999780628108
1.0000000000548386
0.999999999941924
1.0000000000610498
1.0000000001797733
1.0000000000935358
0.9999999999388492
0.9999999999832397
1.0000000000800329
1.0000000001204108
1.000000000070596
1.0000000000520517
0.9999999998082697
1.0000000000004727
1.0000000000917697
0.9999999999557472
1.000000000156837
0.9999999999910396
1.000000001800685
0.999999999925554
0.9999999998250604
0.999999999608836
0.9999999997992257
1.0000000000313
1.000000000051639
1.000000001268803
1.0000000004712062
1.0000000000093394
1.0000000000756353
0.9999999995985014
0.9999999998846358
1.0000000000389049
1.000000000278598
0.9999999997084382
1.000000000139722
0.999999999957351
1.000000000031343
0.9999999999550568
0.9999999999470529
1.0000000003256904
0.9999999998730209
1.0000000005556675
0.9999999997972561
0.999999998679473
1.0000000027417628
1.0000000000021139
0.9999999977180742
1.000000000117865
1.0000000000074698
0.9999999976041442
1.0000000002788059
1.0000000001475378
0.999999999960563
0.9999999997616756
1.0000000000480123
0.9999999998887824
0.9999999972479896
0.9999999999211188
1.000000000279712
0.9999999815353873
1.0000000000534133
0.9999999998519957
0.9999999996886889
1.0000000000003442
0.9999999999081022
1.000000000659955
1.0000000001544296
0.9999999999547208
1.000000000211723
0.999999999988581
1.0000000000335376
0.9999999999598385
1.000000000084763
0.9999999999543986
0.9999999999585811
1.0000000001149862
1.0000000001165843
1.0000000071559814
0.9999999998237222
1.0000000001537723
1.000000000034008
1.0000000000504932
0.9999999995993754
0.9999999998156196
1.0000000000200842
1.0000000003474503
1.0000000001409717
0.9999999999740952
0.9999999999993483
1.000000000068274
1.0000000000758116
1.0000000000199536
0.9999999999421726
1.000000000096422
1.0000000000268647
1.0000000000821359
1.0000000001793816
0.999999999914552
1.0000000000209832
1.0000000048536704
1.0000000000483908
0.9999999996458514
0.9999999999565476
0.9999999997925214
0.9999999998924929
1.0000000001954625
0.9999999997354753
0.9999999998801936
0.9999999999622757
1.0000000000195373
0.9999999993784173
0.9999999998719802
0.9999999999147312
0.9999999999330721
0.9999999998035208
0.9999999999439652
1.0000000015722728
0.999999999941535
1.0000000001465679
1.000000000070607
0.9999999999316782
0.9999999999604973
0.999999999933745
1.0000000000444091
1.0000000000336473
0.9999999987041538
1.0000000001535212
0.9999999999633952
0.9999999999044715
0.9999999993624246
0.9999999999593912
1.0000000000049796
1.00000000019255
0.999999999973191
0.9999999997538247
0.9999999999483072
1.0000000001710099
1.0000000002274794
1.0000000001109288
1.0000000001693314
1.000000000775254
0.9999999998916291
1.0000000001067408
0.9999999999509778
0.9999999999569605
0.9999999999688589
1.0000000022726108
0.9999999998114275
0.9999999998833237
1.00000000020763
0.9999999999424998
0.9999999999750481
0.9999999999290022
0.9999999998037522
0.9999999999662611
0.9999999999330976
1.0000000001873857
1.000000000186931
1.0000000002141638
0.99999999984293
1.0000000001611147
0.9999999997844586
1.0000000001137848
1.0000000000960383
1.000000000026359
0.9999999999552841
0.9999999999578886
0.9999999999554272
0.9999999999326716
0.9999999999453181
0.9999999998850531
0.9999999998043941
1.0000000001734564
0.9999999999344142
1.0000000001235303
1.0000000004374017
0.9999999999989165
1.0000000002150415
1.000000001006007
1.0000000001543203
0.9999999930125161
0.9999999998737022
0.9999999998317172
1.0000000000210925
1.000000000032334
0.9999999994137596
1.0000000001386695
0.9999999999401501
0.9999999986951769
1.00000000158852
1.0000000002103728
1.0000000000535123
0.9999999997884979
0.9999999999085166
1.0000000004661276
1.0000000000286409
1.0000000001424014
0.9999999998780116
1.0000000000838363
0.9999999999695874
0.9999999998200861
1.0000000000829272
0.999999999145441
0.9999999999533061
1.0000000000892453
1.0000000000264502
0.9999999999412399
0.9999999999131052
0.9999999971757617
0.9999999998514253
1.0000000000683467
1.0000000001343583
1.000000000009358
0.9999999999136114
0.9999999999654465
1.000000000176813
1.00000006718802
0.9999999999534723
1.0000000001904985
1.0000000000522629
1.0000000010060164
1.000000000061293
0.9999999999409573
1.0000000000935936
0.9999999999485266
1.0000000001064973
1.0000000001408693
1.0000000001128095
0.9999999993902853
1.0000000001261664
1.0000000001016267
1.0000000000560445
0.9999999996831455
1.0000000001528304
0.9999999999411627
0.9999999997257573
1.0000000000690012
0.9999999999485056
1.000000000384367
1.0000000000939022
1.000000000264507
0.9999999998683772
0.9999999999568794
0.9999999998434305
0.9999999999622764
0.9999999998994713
0.9999999999934382
1.000000000086983
0.9999999993921849
0.9999999999661203
0.9999999997385567
1.0000000008350278
1.0000000000336147
1.0000000000484484
0.9999999999364041
1.000000000082772
1.0000000000302904
1.0000000000321179
0.999999999959166
0.9999999999679794
0.9999999999433927
0.9999999999766004
1.0000000000759042
0.9999999999632315
0.9999999998932924
1.00000000003665
0.9999999999898855
1.0000000001412281
1.0000000001109746
1.000000000192802
1.0000000001259077
1.0000000001110503
0.9999999994908407
0.9999999997617486
0.9999999999102529
1.0000000015959278
1.0000000000533538
0.999999999824543
1.0000000001177651
1.0000000000040195
1.0000000001506473
0.9999999999696674
0.9999999998696769
0.9999999999409369
1.0000000000723668
0.9999999999417412
0.9999999999768913
1.0000000000802225
1.0000000000008331
1.0000000002315232
0.9999999997144471
0.9999999999093678
0.9999999999927786
0.9999999998864562
1.0000000000301539
0.9999999991114042
1.000000000033558
1.000000000469428
1.0000000000065754
0.9999999999439569
0.9999999994522767
0.9999999999433187
1.000000000190939
1.0000000000711493
0.9999999995836935
1.000000000565745
0.9999999999078912
1.0000000000573341
0.9999999999022556
1.0000000000859033
0.9999999999977106
0.9999999999092242
0.9999999999201704
0.9999999998911023
0.9999999999365942
0.9999999999303767
0.9999999998143317
1.0000000000574563
0.9999999998701753
0.9999999999173088
1.0000000003860587
0.9999999999196957
0.9999999999218216
0.9999999999054232
1.0000000000241556
0.9999999999733669
0.9999999999133059
1.0000000000464657
1.0000000002766103
1.000000000070261
1.0000000003492173
0.9999999999103297
1.0000000000355438
1.0000000000188543
1.0000000000820295
0.9999999989790943
0.99999999988892
0.9999999999109712
1.0000000002563223
1.000000000170291
1.000000000031464
0.9999999999705954
1.0000000000421343
1.0000000000969698
1.000000000095707
1.0000000000511908
0.9999999998129325
0.9999999999864245
0.9999999999893538
0.9999999999911966
0.9999999994997741
1.0000000001074225
0.9999999998880525
1.000000001638321
0.9999999999442228
0.9999999999265896
1.000000000074491
0.9999999999763565
1.0000000000487357
1.0000000008801082
0.9999999999791611
1.000000000131872
1.000000000040195
1.0000000000562932
1.0000000001658549
0.9999999998500988
0.999999999966207
1.0000000007209162
0.999999999953802
0.9999999999751299
0.9999999999910596
1.000000000352752
1.0000000001149574
0.9999999999091359
1.000000000003431
0.9999999994548878
0.9999999977529836
1.0000000000918494
1.000000000102921
1.000000000105074
1.0000000000763547
0.9999999997110839
1.000000000516658
1.000000000154717
0.9999999988936726
1.0000000000340716
1.000000000022463
0.9999999997069733
0.9999999999908652
0.9999999999692981
1.0000000002795904
0.9999999959330921
1.0000000000509293
0.9999999998992913
1.000000000064198
0.9999999968984347
0.9999999999214693
1.0000000001444629
1.0000000001782832
1.0000000000573632
0.9999999995296364
1.000000000129936
0.9999999998275291
1.0000000000375255
1.0000000000058438
1.0000000002704774
0.9999999998429702
0.9999999999350374
0.9999999999631883
1.0000000002672385
0.9999999999338984
0.9999999998412931
1.0000000002662888
0.9999999983399472
0.9999999998651159
1.0000000000231268
1.0000000000164855
1.0000000003385339
0.9999999998634763
0.9999999996219008
1.0000000001007616
0.9999999999763711
1.0000000000969667
0.999999999811601
1.0000000001451412
0.9999999999873759
0.9999999999891899
0.9999999999344426
1.000000000037505
0.9999999997964788
0.9999999999702863
0.999999999957314
1.0000000000617972
1.0000000000173714
1.0000000002697007
1.0000000000529656
1.000000000161238
0.999999999881674
0.9999999999742016
0.9999999998763782
0.9999999999448671
0.9999999999205494
1.0000000000827869
0.9999999998332156
1.0000000001135692
0.9999999999666779
1.000000002502442
1.0000000000735085
1.0000000008934513
0.9999999999233584
0.9999999985021099
1.0000000001029523
1.0000000000847695
0.9999999997366135
0.9999999999608054
1.000000000202776
0.9999999998730611
0.9999999994188673
0.9999999999298808
0.9999999994333267
1.000000000058152
1.0000000000969558
1.0000000000343694
0.9999999997685726
0.9999999999095686
1.000000000237705
0.999999999961409
0.9999999998943295
1.0000000000766698
0.9999999999526856
1.0000000003557201
0.9999999999850431
0.9999999999969299
0.9999999999308891
0.9999999997405049
0.9999999999418836
0.9999999999262924
0.9999999998817469
0.9999999998722693
1.000000000922185
1.0000000002787135
1.0000000000878582
0.9999999999242222
0.9999999996824092
1.0000000000539437
0.9999999998702965
1.000000000014324
0.9999999999834736
0.9999999943494206
1.0000000000177993
1.000000000139525
0.9999999999426719
0.9999999999729056
1.0000000000593317
1.0000000001040181
1.0000000000720768
1.0000000000893456
0.9999999999986249
1.000000000037539
0.9999999995979797
1.0000000001701428
0.9999999998179859
0.9999999998946636
1.000000000069553
0.9999999999633665
1.0000000000775553
1.000000000100413
0.9999999997317441
0.9999999999385685
0.9999999999916438
1.000000000009869
1.0000000001445515
1.0000000000233815
0.9999999999529319
1.0000000000463076
0.9999999998621327
1.0000000005135505
1.0000000001152436
1.0000000000572085
1.000000000115084
1.0000000000084213
1.0000000054570084
0.9999999999012078
0.99999999997249
1.0000000000879226
0.9999999996891319
0.9999999999940496
0.9999999999531882
0.9999999999872774
0.9999999999706969
0.9999999989442385
0.9999999998162247
0.9999999998892607
0.9999999994664974
1.0000000000832452
1.0000000000676637
0.9999999999724253
0.999999999832581
1.0000000001034945
1.0000000000206155
1.0000000005672802
1.000000000054613
1.0000000000739189
1.0000000000570763
1.0000000012567738
0.9999999991230415
1.0000000001157465
1.0000000000350608
0.9999999999858913
0.9999999998816181
1.0000000003519647
1.0000000000279121
1.0000000000159412
1.0000000001379323
1.000000000084983
1.000000000070311
1.000000000039996
0.9999999998509852
0.9999999999881177
1.0000000000741787
1.0000000000211307
1.0000000001134781
1.0000000000149714
1.0000000005707377
0.9999999997567488
0.9999999998499747
0.999999999839034
0.999999999727059
1.0000000008415948
0.9999999999643858
0.9999999998388412
0.9999999990933864
1.0000000005909933
0.9999999998271604
0.9999999999598255
0.999999999861836
1.0000000005756555
0.9999999998940281
1.0000000041499026
0.9999999998976953
1.0000000000727942
0.9999999999642815
1.0000000000727667
0.999999999940052
0.9999999999873329
0.9999999999429761
0.9999999998754182
1.0000000002401437
1.000000000015146
0.9999999999775284
0.9999999994950376
0.9999999999398849
1.0000000021416982
1.000000000206558
0.9999999999480506
0.9999999999768491
0.9999999999859638
0.9999999999599972
1.0000000058511795
0.9999999999915613
0.9999999999930856
0.9999999998213045
0.9999999999827914
1.0000000000729805
0.9999999998504842
1.0000000000484723
1.0000000003085943
0.9999999999478882
1.000000000003713
1.0000000001604747
1.000000000068163
0.9999999998090717
0.9999999989618386
0.9999999992673843
1.0000000001622578
1.0000000003328708
1.0000000000919598
0.9999999999714997
1.0000000000192133
1.000000000150586
0.9999999999271519
0.9999999998452164
0.9999999994540292
1.0000000000435292
1.0000000000360452
0.9999999999031175
0.9999999997512087
0.9999999999212379
1.0000000009717531
0.9999999996940179
0.9999999999240925
1.0000000000274438
1.000000000115131
1.0000000000044598
1.0000000000927922
0.9999999999774333
1.0000001102318679
1.0000000008642476
0.9999999999434882
0.9999999990832545
1.0000000000058633
1.0000000001195397
1.0000000000807456
0.9999999999219729
0.9999999999503224
1.000000013397439
1.0000000000225422
0.9999999999517594
1.0000000000990565
1.0000000000121105
0.9999999998315109
0.9999999999375799
1.0000000001029274
0.99999999990421
1.0000000000089433
0.9999999999606839
1.00000000004113
1.000000000055992
1.000000000060062
1.000000000067346
0.9999999999408737
1.0000000001435285
0.9999999999077787
1.0000000001842646
0.9999999988094911
1.000000000083864
0.9999999999242798
0.9999999999199226
0.9999999998731617
0.9999999999980168
0.9999999999032401
0.9999999975273075
0.9999999999275488
0.9999999997373982
0.9999999999000505
0.9999999999242277
1.0000000001086047
0.9999999999456681
0.9999999999905602
0.999999999942257
1.0000000001125318
0.9999999998069133
1.0000000012111356
0.9999999999652378
1.0000000001432134
1.000000000138997
0.9999999999381459
1.0000000002299876
0.9999999999973723
0.9999999999579375
0.9999999999337218
1.0000000043817474
1.0000000000385565
0.9999999998637489
1.000000000536875
0.9999999999218526
0.9999999998854185
0.9999999950340213
0.9999999998732682
1.0000000000408744
0.999999999898303
0.99999999999696
0.9999999997533777
0.999999999993099
1.0000000001066605
0.9999999992666447
1.0000000000804479
0.999999999950518
0.9999999999343981
0.9999999999588114
1.0000000000921974
1.0000000000914366
0.9999999999507603
1.0000000000259213
1.0000000000405742
0.9999999998615692
0.9999999999709188
0.9999999998960287
1.0000000001168936
0.9999999999966002
1.0000000000527955
0.9999999984953387
0.9999999394543044
1.0000000000704543
1.000000000154692
0.9999999999075996
0.9999999998995632
1.0000000005242404
1.000000000020001
0.9999999999797967
1.000000000007283
0.9999999997685394
0.9999999999889669
0.9999999998492165
0.9999999999958341
0.9999999999452676
1.0000000001292522
0.9999999998681967
0.9999999998787691
0.9999999999443697
0.9999999996285275
1.0000000001175045
1.0000000001190912
1.0000000001021339
0.9999999998898512
1.0000000001584843
1.0000000015947625
0.9999999998789108
0.9999999998470015
0.9999999999479096
1.0000000000665124
0.9999999999936364
1.0000000000748284
0.9999999996457473
1.000000000007373
1.000000000063551
0.9999999999632294
1.0000000000057285
0.9999999999832423
0.9999999999496955
1.0000000000269151
1.00000000022621
1.0000000000696232
1.0000000000315286
1.0000000001556797
0.9999999877887381
1.0000000000966283
1.0000000001208311
0.9999999999203677
1.0000000000987335
1.0000000000835734
1.0000000004657046
0.9999999999531363
0.9999999999507594
0.999999999885207
1.0000000000460043
1.0000000001150413
1.0000000012930232
0.9999999999152528
0.9999999999101201
1.0000000000279121
1.0000000002285034
1.0000000000289018
0.9999999999363782
1.0000000000340992
1.0000000008872854
1.00000000008372
1.0000000001146858
1.0000000004729641
0.9999999998834765
1.000000000001838
1.0000000000211657
0.9999999999714786
0.999999998580554
1.0000000001322136
0.9999999999412252
1.0000000000210372
1.0000000000607894
0.9999999999072762
0.9999999977707708
1.0000000008456251
0.9999998303926099
0.999999999940631
0.999999999935792
1.0000000000588767
1.0000000001465026
1.0000000000349831
0.9999999999883636
1.000000000074484
0.9999999995421907
1.0000000000233964
0.9999999999379877
0.9999999999516654
1.0000000000487999
0.9999999999649906
1.0000000006779157
0.9999999999364941
0.9999999999435715
0.9999999999596603
1.00000000005655
0.9999999999428524
0.9999999998803645
1.000000014050444
1.000000000188862
0.9999999999408494
0.9999999999799869
1.0000000000887157
0.9999999999658261
1.0000000000160172
1.0000000000513751
0.9999999999336856
1.0000000001685023
1.000000000068279
1.0000000001980307
1.0000000001099232
1.0000000000457587
1.0000000000269416
0.9999999995900185
1.0000000000236697
0.9999999997015032
0.9999999999761507
0.9999999999119776
1.0000000001512388
0.9999999999931671
0.9999999998990137
0.9999999999098069
1.0000000000473723
1.00000000066142
0.9999999997354636
1.0000000000510556
0.9999999995753553
1.000000000056326
0.9999999999032961
0.999999999273428
1.000000000076669
0.9999999999726162
1.000000000120938
1.0000000006977998
0.9999999999284871
0.999999999862258
1.000000000063325
1.000000000057011
1.0000000000334603
1.0000000000663951
1.0000000012876484
0.9999999999619186
1.0000000000956666
0.9999999999695249
0.9999999999662706
1.0000000000296994
1.00000000014156
0.9999999999267485
1.000000000050074
0.9999999994568176
0.9999999999552691
1.0000000000615787
1.000000000469429
1.0000000000584084
1.0000000001408977
1.000000000046337
0.9999999998502747
0.9999999998825772
1.0000000001075062
0.999999999062509
0.999999999956187
0.9999999999092175
0.999999999880119
1.000000000033709
0.9999999998233301
1.000000000194981
1.0000000000495362
1.000000000016551
0.9999999999775301
1.0000000018969002
0.9999999998187163
0.9999999999112157
1.0000000001090035
0.9999999998064278
0.9999999993461179
0.9999999999856796
0.9999999988358718
0.9999999999909468
0.9999999998895286
0.999999999927734
1.000000000202089
0.9999999998332546
0.9999999999960046
1.0000000000988647
0.9999999992336733
0.9999999999431795
0.9999999998068587
0.9999999998943487
0.9999999999337338
0.9999999999930321
1.0000000007935865
0.9999999998965463
1.0000000018099484
1.0000000000570284
1.0000000002052654
1.0000000000804636
1.0000000001563183
0.9999999998985956
1.000000000038099
0.9999999997993314
1.0000000000274898
0.9999999996822097
0.9999999998334393
1.0000000000961717
1.0000000000560487
1.000000000025994
0.9999999999741098
1.0000000000943297
0.9999999999895502
1.0000000000203226
1.0000000000105378
1.0000000017824855
0.999999999972761
1.0000000000475198
1.000000000008619
1.0000000008417023
0.9999999999571125
1.0000000000590537
0.9999999989302026
1.0000000001198392
1.0000000000187133
1.0000000004106333
1.0000000000841445
0.9999999999230439
1.0000000001030829
1.000000000011026
0.9999999996449975
1.0000000002450136
1.0000000000771299
1.000000000076704
0.9999999999364853
1.0000000013543808
0.9999999999075752
1.0000000003761806
0.9999999999734782
1.0000000001868539
1.0000000003468161
0.9999999998954017
0.9999999998378983
1.0000000017487658
0.9999999999533713
0.9999999999509922
0.9999999998563426
0.9999999998652362
0.9999999998180612
1.0000000002699092
1.000000000172175
1.000000000054457
1.00000000061524
0.9999999997793962
1.0000000000141895
1.0000000000596436
1.000000000020754
1.0000000000229339
1.0000000001042486
1.0000000000577784
0.9999999999959195
0.9999999998268081
1.0000000001287606
1.00000000010363
0.9999999994635645
0.9999999998923157
1.0000000000975435
1.0000000007340177
0.9999999985447716
1.0000000000499019
0.9999999999252314
1.0000000001289702
1.0000000005871277
0.9999999998840856
0.9999999999547033
0.999999999999391
1.0000000005026513
1.0000000006944096
0.9999999999986114
1.000000000153526
1.0000000000389642
1.000000000000623
1.000000000076841
0.9999999999747698
0.9999999997138556
0.9999999999589334
1.000000000182045
1.0000000001748084
0.999999999777901
0.9999999999812367
1.000000000249993
1.000000000023501
1.0000000000150673
1.0000000004671528
0.9999999999877827
0.9999999999672091
0.999999999734387
0.9999999998936183
1.0000000007745844
1.0000000000879665
1.0000000002398226
1.000000000010799
0.9999999998060088
0.9999999999130288
1.0000000005001841
1.0000000000107818
0.9999999992910561
1.0000000000414835
1.0000000001596687
0.9999999999729432
1.0000000012041907
1.0000000001666507
1.0000000000295153
0.9999999981728452
0.9999999998698065
1.0000000001635319
1.0000000000209317
0.9999999999040251
0.9999999999528603
1.0000000001067129
1.0000000000358134
0.9999999999918997
0.9999999999130166
0.9999999999472097
1.0000000002463827
1.0000000000860372
1.00000000132399
0.9999999999654374
0.9999999994009504
1.0000000003141303
0.9999999999034722
0.9999999999674033
1.000000000090579
0.9999999999584064
1.0000000000707208
1.0000000001131284
0.9999999998861195
0.9999999998761444
0.9999999999553897
1.0000000001233118
1.00000000009006
1.000000000147457
0.9999999997174454
1.000000000060262
0.9999999999064517
0.9999999999313396
0.9999999939261771
1.0000000000294527
0.9999999998863686
1.0000000002317806
1.0000000002446041
0.999999999976478
1.0000000000463072
1.00000000017918
1.000000000042671
0.9999999995632555
0.999999999620806
0.9999999999816984
1.0000000000152014
1.0000000001044942
1.0000000000402163
1.0000000000292337
1.000000000033872
1.000000000058664
0.9999999999173741
0.9999999996455485
1.0000000000105294
1.0000000000923723
0.9999999999484896
1.0000000000669909
1.0000000002348082
0.9999999999379555
0.9999999999259372
1.0000000000464926
1.0000000000106268
0.9999999999411046
1.0000000001162865
0.9999999999329124
0.9999999954856243
1.0000000001148313
0.9999999992338939
0.9999999995329643
1.000000003017641
1.000000000027799
1.0000000004753642
1.00000000004744
0.9999999999474001
0.9999999999071908
0.9999999999991231
0.999999999969852
0.9999999998143381
0.9999999998973549
1.0000000000881921
1.0000000010384364
1.0000000001127887
1.0000000000197828
1.0000000001577598
1.0000000000271165
1.0000000000651208
1.0000000001065772
1.0000000000686429
1.00000000025406
0.9999999999514223
1.0000000002137364
0.9999999997472317
1.0000000000573976
1.000000000017757
1.000000000144751
1.0000000001414235
0.9999999998352028
1.000000000058765
1.000000000158201
0.9999999999100483
1.0000000013542627
0.999999997877029
0.9999999998082779
1.0000000001187341
1.0000000038194827
1.000000000023914
0.9999999991621366
1.0000000000667812
0.9999999997740274
0.9999999999745113
1.0000000001545153
1.0000000002151213
0.9999999998510437
1.0000000000246916
0.9999999999904967
1.000000000017199
0.9999999999367234
1.0000000004158274
1.000000000072853
1.0000000000811888
1.0000000000154636
1.0000000000937548
0.999999999906706
1.0000000000723845
0.9999999988189925
0.9999999997569976
1.0000000002030693
1.000000000116603
0.9999999999108171
0.999999999928608
0.999999999865304
1.00000000004812
0.9999999998954425
0.9999999982926981
1.0000000000768807
0.999999999879655
0.9999999998973365
0.9999999999227144
1.0000000001669656
0.9999999999622234
1.0000000000038398
0.9999999999764202
1.0000000006748553
0.9999999999422913
1.0000000000684488
1.0000000000191955
1.0000000000579365
1.0000000000645275
1.0000000000897684
0.9999999999445472
0.9999999983070894
0.9999999999464702
0.9999999998962024
0.9999999999904126
0.9999999999036212
0.9999999999400903
0.9999999999529446
0.9999999999720244
1.0000000002253382
1.0000000006699852
1.0000000000924025
0.9999999997210433
1.0000000000529505
1.0000000004874965
0.9999999996932631
0.9999999999747247
0.999999999943847
1.0000000001106453
1.0000000002852276
0.999999999722226
1.0000000005012912
1.000000000045732
0.9999999991504702
1.0000000000899656
1.0000000000644231
1.0000000000775862
0.9999999999461836
1.000000000109044
0.9999999985350303
1.0000000001102447
0.999999999890699
0.9999999999589898
1.0000000000730433
0.9999999998723531
1.0000000000435476
1.0000000000432048
1.0000000000528428
1.0000000001504379
1.0000000000605265
1.0000000002155767
0.9999999998563217
0.999999999775746
1.0000000002289646
0.9999999999506523
1.000000000013417
1.00000000005136
1.0000000002925595
1.000000000138314
0.9999999998314818
1.0000000000401719
0.9999999999085586
1.0000000000688694
0.9999999999506716
1.000000000040006
1.000000000085593
1.0000000000808096
1.0000000001532379
0.9999999999115111
1.00000000030604
0.999999999958604
1.0000000000725353
0.9999999998938751
1.0000000000001992
0.9999999997079161
0.9999999999324287
0.9999999995009458
0.9999999998746799
1.0000000001047784
0.9999999999314538
1.0000000000992675
1.0000000001225007
0.9999999999700728
1.000000000008072
0.9999999998618078
0.9999999997985078
0.9999999998556227
0.9999999994951105
1.0000000009358674
0.9999999998240036
1.0000000000486784
1.0000000000302127
1.0000000000900084
1.0000000000831768
0.9999999998683557
0.9999999999655486
1.000000000046747
1.0000000037851284
0.9999999999490164
1.0000000001687843
1.0000000000834715
0.999999999822258
0.9999999977853977
1.0000000000137579
1.000000001789492
1.000000000160314
0.9999999999814462
0.999999999559199
0.9999999999267531
0.9999999988884205
1.000000000094033
0.9999999998818803
1.0000000000489753
1.0000000001457312
1.0000000000775637
0.9999999995023664
1.0000000000714389
0.9999999999881416
0.999999999726147
1.0000000000054825
0.999999998470565
1.000000000380303
0.9999999998542617
0.9999999996093045
1.0000000000829294
1.0000000000209477
1.0000000003174052
1.0000000000954135
0.9999999998727098
0.9999999996905203
0.9999999995969867
0.9999999999409939
0.9999999999793305
0.9999999999371274
1.0000000004753575
0.9999999999593645
0.9999999993645804
1.000000000051001
0.9999999997204798
0.999999999871598
1.0000000000689606
0.999999999976608
0.9999999999122338
1.000000000058168
0.9999999998509603
0.9999999970106729
0.9999999998407801
0.9999999996980252
0.9999999999500877
1.0000000001153961
1.000000000030121
1.000000000700612
0.9999999999369387
0.9999999980937878
1.0000000001763487
1.0000000015024764
0.9999999993788327
1.0000000000346319
1.000000000028523
1.000000000159047
0.9999999936239083
0.9999999998257132
0.9999999998370553
1.0000000000941944
0.9999999999718729
1.0000000000728677
0.9999999999033595
0.9999999999700171
1.0000000001556189
0.9999999999744155
0.9999999979993656
0.9999999998600858
0.9999999985128907
0.9999999998377377
0.9999999992660528
1.000000000061308
0.9999999999851614
1.0000000011758745
1.0000000001178706
0.9999999999007864
0.9999999999254839
1.000000000089187
1.0000000000335378
1.0000000000987246
1.0000000001139702
1.0000000002293534
1.000000000014186
1.0000000001645706
1.0000000000957903
1.000000000102794
0.999999999957307
0.9999999999276123
1.0000000000422142
0.9999999998210993
1.000000000094125
0.9999999999160476
1.000000000019125
0.9999999999951535
1.0000000000991656
1.0000000000536953
0.999999999953473
0.9999999938040858
0.999999999924587
1.000000000123421
0.9999999997495322
0.9999999999965166
0.9999999998893161
0.9999999970220101
1.000000000057488
1.0000000000617608
0.9999999998614196
0.9999999999987037
1.0000000000600218
0.9999999999564763
0.9999999996833367
1.00000000010005
1.000000000122271
1.000000000124818
0.9999999999747491
1.0000000000106013
0.9999999996950855
0.9999999999785154
0.9999999999848869
0.999999999884332
1.0000000001224398
1.00000000010294
0.9999999999178658
0.9999999998073027
1.0000000001331535
0.9999999997768744
1.000000000364518
1.0000000000258171
1.0000000000805738
1.0000000000717175
1.000000000395746
0.9999999998455106
1.0000000000819675
1.000000000023408
1.0000000000018232
0.9999999998837189
1.0000000001060885
1.0000000001097904
0.9999999998324082
0.9999999999611919
0.9999999999807123
0.9999999999546092
1.0000000000160307
1.0000000000927696
0.9999999998567669
0.999999999163359
1.0000000000310232
1.0000000000446903
1.0000000000638145
1.0000000000663392
1.0000000000788005
1.0000000000354536
1.0000000009198382
1.0000000001425107
1.000000000221417
0.999999999973793
1.0000000015220134
0.9999999999737765
0.9999999998586652
1.0000000000896958
0.9999999999687701
1.0000000000957596
1.0000000001913414
1.0000000000958134
0.9999999998495489
1.0000000000451605
1.0000000000705564
0.9999999999997162
0.9999999998741769
0.9999999999520538
1.0000000001367448
1.0000000002041527
0.9999999999208324
1.0000000003476208
1.000000000132919
0.9999999998584123
1.0000000000359357
1.0000000000348819
0.9999999997116642
1.0000000001978955
1.000000000240638
0.9999999999355216
1.0000000001176237
0.9999999998515501
0.9999999998871052
0.999999999929079
0.9999999995035391
0.9999999996632508
0.9999999999404746
1.0000000000164402
1.0000000000109268
0.999999999972464
0.9999999999408626
0.9999999998134007
1.0000000007350565
0.9999999997652267
1.0000000000532212
0.9999999996930152
0.9999999999643945
0.9999999999417057
0.999999999884191
1.0000000001140716
0.9999999999855557
0.9999999999443334
0.9999999927240462
0.9999999993909422
1.0000000000431652
0.9999999998431377
0.9999999998585395
0.9999999999391512
1.0000000002294884
0.9999999999400478
0.9999999998751042
0.9999999998968838
1.000000000109924
1.0000000000936224
0.9999999998616131
0.9999999998911555
1.0000000000547933
1.0000000001318896
1.000000000056406
0.999999999499421
0.9999999998926951
0.9999999998860607
0.9999999999281673
0.9999999999643469
1.0000000003948948
0.9999999999598356
0.9999999999500826
1.000000000110541
0.9999999999781426
0.9999999996472757
1.000000000140513
0.9999999999914263
1.0000000000469826
0.9999999999137063
1.000000000069462
1.0000000000238327
1.0000000000580664
0.9999999999607108
0.9999999996230404
0.9999999998928586
1.0000000004669427
1.000000000015988
0.9999999999344412
1.0000000000984357
0.9999999999849868
1.0000000001302602
1.0000000011162986
0.9999999998921328
1.000000000117891
1.0000000001979097
0.9999999997071332
1.0000000004623597
0.9999999999631268
0.9999999997268515
0.9999999999643524
1.0000000015473507
0.9999999998178626
1.0000000077590059
0.9999999999076793
0.999999999893067
0.9999999999147232
0.99999999992613
1.000000000177239
1.0000000000441411
0.9999999999442459
0.9999999998829161
0.9999999999057169
1.0000000000053566
1.0000000000764808
0.9999999998976408
0.999999999992308
0.9999999901342173
1.0000000000802782
0.9999999999105956
1.000000000052325
0.9999999999374772
0.9999999992961587
1.0000000001650762
0.9999999999144401
1.0000000000607951
0.9999999996116787
1.0000000003295193
1.0000000000876008
1.000000000050299
0.999999999923116
0.9999999999388428
0.9999999998838488
0.9999999997952712
0.9999999999882411
0.9999999997175512
1.0000000000991256
1.0000000001571814
1.0000000000325089
1.0000000006040572
0.9999999999827248
1.0000000017570185
0.9999999999157005
1.000000000159998
1.0000000000649225
0.9999999999732946
0.9999999998934683
1.000000000044395
0.9999999999326413
0.9999999999245848
1.0000000000406053
0.9999999998972908
1.0000000015582837
1.0000000000853946
1.0000000004059324
1.0000000000263678
0.9999999999535042
1.0000000002144613
1.0000000001167266
1.0000000000700184
1.0000000000213924
0.9999999999602479
0.9999999999080341
0.9999999999364876
0.9999999999223251
1.0000000000351885
0.9999999997267478
1.0000000001528804
0.9999999999709737
1.0000000000327296
0.9999999999996091
0.9999999997345692
0.9999999999506705
0.999999999954875
1.0000000000440223
1.0000000005523226
1.0000000000808502
1.0000000017330106
1.0000000003548695
1.0000000000520954
1.0000000000674503
1.0000000000176483
0.9999999999118288
1.0000000000305371
1.000000000063464
0.9999999999196186
1.000000000158853
0.9999999999107522
0.9999999998559777
1.0000000001076081
1.0000000000598457
0.9999999999836846
1.0000000000465585
0.9999999998248075
1.0000000000557259
1.000000000117561
1.0000000001423206
1.0000000001845255
0.9999999999373045
1.0000000003066511
0.9999999999820363
1.0000000001521565
1.000000000196295
0.9999999999743785
0.9999999999472344
1.0000000022484343
0.9999999997242037
1.0000000002439702
1.0000000000461624
1.0000000000299734
1.0000000000463407
1.0000000005051422
1.0000000001599647
0.9999999999021554
0.9999999999626487
1.0000000000304057
0.99999999990243
1.0000000000588365
1.0000000008587142
0.9999999997663506
0.9999999997396037
0.999999999674502
1.0000000000707743
1.0000000071562152
0.9999999999932863
0.9999999998941381
1.00000000002932
1.0000000001122553
1.000000000593455
1.0000000001007767
0.9999999998692826
1.0000000000305478
0.999999999941307
0.9999999998387311
0.9999999999012206
0.999999999974616
0.9999999999429987
1.0000000000474214
0.9999999999947993
0.9999999994055873
0.9999999999664856
1.0000000001124243
0.9999999999868947
1.0000000001488238
0.9999999999366748
0.9999999999493425
0.9999999999632561
0.9999999999307501
0.9999999998331938
1.0000000000553622
1.0000000003263323
1.0000000000562752
0.9999999993168024
0.9999999999602757
0.9999999999633279
1.0000000001459535
1.0000000000711562
1.0000000000007672
0.9999999999463476
1.0000000000879385
1.0000000000662106
1.0000000000491696
0.9999999998097976
0.9999999999869688
0.9999999999389949
0.9999999999634006
0.9999999999665611
1.0000000000438882
0.9999999996313422
0.9999999996281742
0.9999999999751843
0.9999999999302096
0.999999999276319
0.9999999999399608
0.9999999991099264
1.0000000003433378
0.9999999999761094
1.0000000000572664
1.0000000000240972
0.9999999999588263
0.999999999901862
0.9999999999560532
0.999999998949011
1.0000000000579152
0.999999998944092
1.0000000000413936
0.9999999999704501
1.0000000000927665
1.0000000000372746
0.9999999998171527
1.0000000000136096
1.0000000001427891
1.0000000000060563
1.0000000002362335
1.000000000043151
1.000000000044367
0.999999999855424
0.9999999996837576
1.0000000003877072
1.0000000011440993
0.9999999999518411
0.9999999999411635
1.0000000000539977
1.0000000000029392
0.999999999703831
1.0000000001081073
0.9999999998159327
1.0000000000512854
1.0000000004451806
0.9999999999358296
1.0000000001210436
1.0000000018041704
1.0000000001043412
0.9999999998063408
1.0000000001371956
0.9999999999978781
0.9999999999701942
0.9999999998469533
0.999999999284457
1.000000000093854
0.9999999999137282
1.0000000001184017
0.9999999991852265
1.0000000001257998
0.9999999998998088
1.0000000000212548
0.9999999995817964
1.0000000001036073
0.9999999999303388
1.0000000001405787
1.0000000000726046
1.0000000001323948
1.000000061368086
0.9999999999077135
0.9999999998538529
1.0000000001917764
1.0000000001799132
0.9999999998922265
1.000000000143925
0.9999999999992755
0.9999999999035617
0.999999999982386
1.0000000000654126
0.9999999993237471
1.000000000171299
0.9999999999431687
0.9999999999047857
1.0000000000898759
1.0000000000767653
1.0000000000137075
0.9999999999885953
1.0000000000214802
1.0000000001570322
1.0000000000685008
0.9999999992273562
0.9999999999451334
1.000000000181996
1.0000000000254092
0.9999999995593339
1.0000000000166853
1.0000000001376044
0.9999999955942147
1.0000000000394775
0.9999999998085035
1.0000000000590834
0.999999999852446
1.0000000014739174
0.9999999988783885
1.0000000000616904
1.0000000001215539
1.0000000000288878
0.9999999998276662
1.000000000063965
1.0000000006382046
1.0000000000236065
0.9999999999344852
0.9999999853961078
1.000000000199813
1.0000000000710794
0.9999999999340791
1.0000000001377956
0.9999999999083067
0.9999999999932938
1.0000000000283864
1.0000000000214768
0.9999999999410524
0.9999999999468704
0.9999999999138296
0.9999999999742517
1.0000000001897136
1.0000000000704643
0.9999999997865743
0.9999999993228952
1.000000000037613
0.9999999999506656
1.0000000221332424
0.9999999999138005
0.999999999976554
0.9999999992889734
0.9999999960345476
0.9999999999337318
1.0000000000885159
0.9999999999842941
1.000000000091229
0.9999999998012427
1.0000000001197802
1.000000000021523
1.0000000000500344
1.0000000000201168
1.0000000000846276
0.9999999999831257
0.999999999738572
0.9999999999380098
0.9999999998972633
1.0000000000557807
0.9999999999660918
1.0000000001997407
0.9999999999953816
0.9999999999779616
0.9999999998993137
1.000000000103354
1.0000000002237088
1.0000000000105753
0.9999999999986646
1.0000001049005094
1.0000000000620521
0.9999999996123861
1.0000000001188734
0.9999999999349926
0.9999999996981461
0.9999999999863143
0.9999999999717929
0.9999999999955014
0.9999999999825575
0.99999999991314
0.9999999998950265
1.0000000003990306
0.9999999998844327
1.0000000000439682
1.000000000038913
1.0000000000610012
0.9999999998658642
1.0000000009226024
1.000000000090273
1.0000000000964324
0.9999999998830635
1.0000000000980525
0.9999999999499479
0.9999999999375989
1.000000000227817
1.0000000001590912
1.0000000005968674
1.000000000084726
1.0000000000063343
0.9999999725430472
1.0000000002722989
0.999999999919126
0.9999999999631695
0.9999999998292035
1.00000000008137
0.9999999998448055
1.0000000000020566
1.0000000001004319
1.000000000152665
1.0000000000889395
1.0000000005239111
1.0000000399519797
1.0000000000947433
1.0000000000369047
1.0000000000826075
0.9999999999328373
1.0000000000748448
0.9999999999437915
1.000000000054151
0.9999999998768362
1.000000000064154
0.9999999998989306
0.9999999996010355
0.9999999999163169
1.0000000000867062
0.9999999998089688
0.9999999999296681
0.9999999999814179
0.9999999998901575
0.9999999984271875
1.0000000003297356
1.00000000001979
1.000000001133314
0.9999999999686102
0.9999999999169635
0.9999999999914628
1.0000000128338573
1.0000000001631364
1.0000000001432967
0.9999999998947453
0.999999996782277
1.000000000080448
0.9999999998688521
0.9999999999725695
1.0000000000380418
1.0000000000828908
0.9999999999027357
0.9999999999696367
1.000000000451107
0.9999999999333505
1.0000000001084828
1.0000000000097942
1.0000000004220486
1.0000000000458256
0.9999999999909193
1.0000000000259022
0.9999999998787837
0.9999999999495799
1.000000000016523
0.9999999999212691
0.9999999998170427
1.0000000000154772
1.0000000000179534
1.0000000000070661
1.000000000052814
0.9999999998963883
1.0000000000299503
1.000000000042458
1.0000000000187295
1.0000000001063734
0.9999999997391666
0.9999999997729614
1.000000000044421
0.9999999999115876
0.999999999980844
1.0000000000154645
0.9999999998924622
0.999999999924781
0.9999999998912876
1.0000000000995253
0.9999999996404088
1.0000000000887102
1.000000000120291
1.0000000002044331
0.9999999999217961
1.0000000005738046
0.9999999998347068
1.00000000035897
0.9999999999822524
0.9999999997288248
0.9999999999681936
1.0000000001054512
1.0000000000006297
1.0000000001937228
0.9999999999698891
1.0000000000848943
0.9999999960455787
0.999999999960536
1.0000000000063607
1.0000000004279868
0.9999999999278568
0.9999999994750823
0.9999999999524083
0.999999999884899
1.0000000000897
1.0000000002555514
1.0000000000282758
1.0000000000196592
1.0000000001053433
0.9999999999004129
1.0000000001357594
1.0000000041077939
1.0000000000853009
1.000000000259526
1.000000000149313
0.9999999996772567
0.9999999999887864
1.0000000004440996
0.9999999999064317
0.9999999997949768
1.0000000000474412
0.9999999999964876
1.0000000001897265
1.000000000087629
0.9999999997730104
1.000000000066977
0.9999999999564694
0.9999999999008311
0.9999999999601629
0.9999999997660577
0.9999999999454356
1.000000000193582
0.9999999998020519
1.0000000000075357
1.0000000001223799
0.9999999998919193
1.0000000000707359
0.9999999999580304
1.0000000005725436
1.000000000204901
0.9999999999402842
0.9999999997748364
0.9999999995316865
0.9999999998484542
1.000000000028401
1.00000000140038
0.9999999995984314
0.9999999998369103
1.0000000001531781
1.000000000097945
0.9999999999724775
0.9999999998757138
1.0000000000776565
1.000000000828786
0.9999999989832927
0.9999999998500485
1.0000000000249722
0.9999999999757448
0.9999999995660434
0.9999999998858387
0.9999999986834816
0.9999999998310507
1.0000000003339604
1.0000000009786292
1.0000000001934823
1.0000000026351026
1.000000000068076
1.0000000003920129
0.9999999999628906
0.999999997626715
1.0000000000209552
0.9999999999315669
0.9999999998345348
0.9999999999247322
0.9999999998992508
0.9999999998114738
0.9999999998069201
0.99999999993551
0.9999999998472902
0.9999999999897383
1.0000000000535303
0.9999999999729353
0.999999999897518
1.0000000000091562
0.9999999999602937
0.9999999999972256
1.0000000001084177
1.0000000000777352
1.0000000000766278
0.9999999998310266
0.9999999998194705
0.9999999989066198
1.0000000004172707
1.000000000049833
0.9999999999729731
0.9999999999379668
1.000000000090608
1.000000000406068
1.0000000000025262
1.000000000113591
0.9999999998927607
0.9999999999218653
1.0000000000567246
1.0000000000150349
1.0000000000348883
1.0000000002088385
0.9999999999134648
0.9999999999712966
1.0000000015457182
1.000000000087396
1.0000000000946658
1.000000000046564
1.0000000003152023
1.000000000039831
0.9999999998794095
0.999999999919559
0.9999999979311726
1.0000000000043625
1.000000000357118
0.9999999993803474
1.0000000003347669
1.0000000000027587
0.999999999889459
0.9999999999549857
1.000000000131953
0.9999999999804738
1.00000000018514
0.9999999999368673
1.000000000210338
1.0000000006213843
0.9999999999454103
0.9999999997832298
0.9999999999830357
0.9999999999207234
1.0000000000406957
1.0000000013719896
0.9999999999584138
0.9999999999675517
0.9999999942026258
1.0000000000900935
1.000000000003458
0.9999999999421716
0.9999999998788058
1.0000000024081337
1.0000000000278724
1.0000000000123785
0.9999999999169567
0.9999999999338367
1.0000000004184704
0.9999999999706694
0.9999999998350841
0.9999999999645124
1.0000000029341938
0.9999999998421536
1.000000000063863
0.9999999998806374
0.9999999999465328
1.0000000000398914
0.9999999998809102
0.9999999999400075
1.0000000004764789
1.0000000003631135
1.000000000810079
1.0000000000832223
0.9999999999275805
0.9999999999380075
1.000000000013834
1.0000000000127558
1.000000000077695
0.9999999999717425
0.9999999998594498
0.9999999644820025
1.0000000000826657
1.0000000000815668
1.0000000024800442
1.000000000133743
0.9999999999647167
0.9999999999827014
1.0000000000875997
1.0000000000958675
0.9999999999959494
1.000000000165985
1.0000000000124412
0.9999999999206505
1.0000000001095388
1.0000000001804599
1.000000000023841
1.0000000000802811
0.9999999999707249
0.9999999998939538
1.0000000000830322
1.0000000000623461
1.0000000000498255
0.9999999998974433
0.9999999999482985
1.0000000000099867
1.0000000000260578
0.999999998762503
1.0000000000511362
0.9999999998730809
1.00000000004899
0.9999999999986803
0.9999999998835587
0.9999999997927391
0.9999999995322283
1.0000000031434095
0.9999999996498756
1.0000000000127853
0.9999999998330434
1.0000000000474436
0.9999999999394208
0.9999999999075729
0.9999999991204462
0.999999999379968
1.0000000000328861
0.9999999998435949
0.999999999274306
1.0000000000245695
0.9999999999789305
0.9999999997484108
0.9999999999532715
0.999999999978225
0.9999999999446552
0.9999999990924381
1.0000000000749232
1.0000000004430498
1.000000000007156
0.9999999999816019
0.9999999997472736
0.9999999999259065
1.0000000000468554
1.0000000000572864
1.000000000110449
1.0000000000168598
0.9999999999228243
0.9999999999229964
1.0000000000530043
0.9999999999391647
0.9999999998701987
1.0000000000011187
1.0000000000055471
1.0000000001056992
1.0000000001372233
0.9999999956900525
1.0000000000280571
0.9999999998755361
0.9999999999286712
0.9999999974021677
0.9999999999189682
0.99999999995341
0.9999999999453953
0.9999999997225892
1.0000000000786056
1.0000000001065208
1.0000000000092586
1.0000000000051612
1.0000000002630853
1.0000000008978576
0.9999999999635497
0.999999999942569
1.000000000003088
1.0000000000135638
0.9999999998743921
1.0000000001110758
0.9999999999744714
0.9999999999929406
0.9999999998317127
0.9999999988627845
1.0000000000319775
0.9999999997619735
1.0000000028498688
1.0000000001079756
1.0000000002352318
0.9999999998965743
1.000000000004046
1.0000000002908775
0.9999999999395996
0.9999999995616569
0.9999999999512422
0.9999999998246162
1.0000000000815277
0.9999999989436612
1.00000000004901
1.00000000023968
1.0000000008336778
0.9999999981008885
0.9999999996924677
1.000000000117078
0.9999999998571891
1.0000000001298672
0.9999999998760704
1.0000000000148992
1.000000000027489
1.0000000000685227
0.9999999999605168
1.0000000000687825
0.9999999998402024
1.0000000042382258
1.0000000000924933
1.0000000001404048
