0.9999999999769095
0.9999999999543312
0.9999999999542641
0.9999999995629493
0.9999999999505292
0.9999999999740595
0.9999999999098468
0.9999999999268422
0.9999999999603401
0.9999999999621838
0.9999999999747996
0.9999999999829011
0.999999999925678
0.9999999999514689
0.9999999999696709
0.9999999999731233
0.9999999999836314
0.9999999999580057
0.9999999999692348
0.9999999999674172
0.99999999998141
0.9999999999566562
0.9999999999234854
0.9999999999710776
0.9999999999674091
0.9999999999635373
0.9999999996618785
0.9999999999795961
0.9999999999828704
0.9999999999633264
0.9999999999616911
0.9999999999680802
0.9999999999517354
0.9999999999835207
0.999999999932219
0.9999999999539155
0.9999999999417368
0.9999999999697327
0.9999999999452953
0.999999999904627
0.9999999999390068
0.999999999923065
0.9999999999266921
0.9999999999709628
0.9999999999433449
0.99999999992086
0.9999999999409059
0.9999999980574217
0.9999999998889129
0.9999999999699604
0.9999999999732934
0.9999999999264892
0.9999999999317388
0.9999999998636947
0.9999999999560166
0.9999999999693227
0.9999999999738107
0.9999999999749327
0.9999999999600764
0.9999999999390358
0.9999999999402269
0.9999999997130492
0.9999999999629916
0.9999999999818926
0.9999999999315395
0.9999999999222253
0.9999999998799181
0.9999999999774274
0.9999999999582311
0.9999999999822863
0.9999999999625784
0.9999999999709447
0.999999999977812
0.9999999999405293
0.9999999999799228
0.9999999999530672
0.9999999999560506
0.9999999999093941
0.9999999999742505
0.9999999999246166
0.999999999893538
0.9999999999680838
0.9999999999506302
0.9999999999789823
0.9999999995487473
0.999999999823844
0.9999999999564503
0.9999999999803832
0.9999999998540847
0.9999999999009231
0.9999999999809863
0.9999999999577942
0.9999999999650717
0.999999999985799
0.9999999997840093
0.9999999998470845
0.9999999999446153
0.9999999999580108
0.999999999960854
0.9999999999788648
0.9999999999585674
0.9999999999429564
0.9999999999763987
0.9999999999114013
0.9999999999615339
0.9999999999743852
0.9999999999654537
0.9999999999718212
0.9999999999749279
0.9999999999069537
0.9999999996088051
0.9999999999434909
0.999999999852853
0.9999999999665984
0.999999999965931
0.9999999999418928
0.999999999985077
0.9999999978242534
0.9999999999552516
0.999999999922446
0.999999999968526
0.9999999999539807
0.9999999999148651
0.9999999999680996
0.9999999999773315
0.9999999999593064
0.9999999999787078
0.9999999998137951
0.9999999989120104
0.9999999999584254
0.9999999998565445
0.999999999977134
0.9999999997152633
0.9999999998913317
0.9999999999596302
0.9999999999242183
0.9999999999041482
0.9999999999827436
0.9999999998034186
0.9999999999612733
0.9999999999420188
0.9999999998031127
0.9999999997944196
0.9999999984253021
0.9999999999723722
0.9999999999812589
0.9999999999721169
0.9999999999813863
0.9999999998428398
0.9999999997013712
0.9999999998577227
0.9999999996849416
0.9999999999807794
0.9999999999730432
0.9999999999800306
0.9999999999541394
0.9999999998976206
0.9999999999614508
0.9999999999666395
0.9999999999691905
0.9999999999765471
0.9999999999129214
0.9999999999621272
0.9999999996908007
0.999999999944905
0.9999999999632706
0.9999999999477028
0.9999999999130722
0.9999999999555189
0.9999999999481025
0.9999999998925558
0.9999999999742263
0.9999999999690997
0.9999999999316641
0.9999999999790486
0.999999999967498
0.9999999999460828
0.9999999999806881
0.9999999999812735
0.9999999999748912
0.999999998892561
0.9999999999435036
0.9999999999065714
0.9999999998271348
0.9999999999612672
0.9999999999579435
0.9999999964411251
0.999999999012209
0.9999999999454746
0.99999999997645
0.9999999999696307
0.9999999999789844
0.9999999999501359
0.9999999999603121
0.999999999969849
0.9999999999352975
0.9999999998741255
0.9999999999623862
0.9999999999653337
0.9999999999756614
0.999999999862835
0.9999999999860352
0.9999999999853189
0.9999999999129663
0.9999999999650455
0.9999999999251297
0.9999999998824999
0.9999999999332672
0.9999999998446986
0.9999999997256591
0.9999999998689637
0.9999999999656545
0.9999999999656346
0.9999999999490938
0.9999999995103634
0.9999999999388888
0.9999999998636244
0.9999999996431453
0.9999999999056438
0.999999999967061
0.9999999999493334
0.9999999999611578
0.9999999999744875
0.999999999952018
0.9999999999848773
0.9999999999818878
0.999999999941481
0.9999999999524634
0.9999999999391264
0.9999999998793667
0.9999999999097683
0.9999999996217367
0.999999999970918
0.9999999999629581
0.9999999999739635
0.9999999998485494
0.9999999999723047
0.9999999999763522
0.999999999976476
0.9999999998478114
0.9999999999373019
0.9999999999777412
0.9999999999653778
0.9999999999216825
0.9999999998059919
0.9999999999757933
0.9999999999586889
0.9999999998897534
0.9999999997507639
0.9999999999821438
0.9999999999208683
0.9999999999632891
0.9999999997537022
0.9999999999636856
0.9999999998521282
0.9999999999161969
0.9999999999776418
0.9999999999707376
0.9999999999743144
0.9999999999663339
0.9999999999183532
0.999999999961355
0.9999999999786686
0.9999999999718179
0.9999999999679826
0.9999999999687071
0.9999999999248594
0.9999999999549126
0.9999999999811999
0.9999999998853798
0.999999999974862
0.9999999998865896
0.999999999925244
0.9999999999690118
0.9999999999675837
0.9999999999615858
0.9999999999727729
0.9999999998502714
0.9999999998876733
0.9999999999803427
0.9999999999031731
0.9999999999484541
0.9999999999499651
0.9999999999795197
0.999999999948335
0.9999999999604398
0.9999999997807267
0.9999999999731383
0.9999999999774105
0.9999999999660046
0.999999999900883
0.9999999999210893
0.9999999999677552
0.9999999999188652
0.9999999998793311
0.9999999999779777
0.9999999999543502
0.9999999988023436
0.999999999925683
0.999999999959143
0.9999999999573064
0.9999999998874186
0.9999999999784454
0.9999999999542863
0.999999999819354
0.9999999999667655
0.9999999999074083
0.999999999980113
0.9999999999138839
0.9999999999545506
0.9999999995905053
0.9999999999725919
0.9999999998717566
0.9999999999627797
0.9999999999131278
0.9999999999822736
0.9999999999780615
0.9999999999791861
0.9999999999727135
0.9999999999764746
0.9999999999082707
0.999999999907688
0.9999999999281007
0.9999999999698065
0.9999999915765829
0.9999999999705456
0.9999999999474289
0.9999999999637107
0.9999999998852299
0.999999999906151
0.9999999999496878
0.999999999954789
0.9999999999788206
0.9999999999689804
0.9999999999569649
0.9999999999712408
0.99999999997586
0.9999999999799021
0.9999999998564705
0.9999999983770216
0.999999999961605
0.9999999999628453
0.9999999999738358
0.9999999999838862
0.9999999998181464
0.9999999999431884
0.9999999999680955
0.9999999999181243
0.9999999999318996
0.9999999999745969
0.9999999999194251
0.9999999999583872
0.9999999999459668
0.9999999999745248
0.9999999999408197
0.9999999999501661
0.9999999999791174
0.9999999999609417
0.9999999999255668
0.9999999989544757
0.9999999998074894
0.9999999999382387
0.9999999998097127
0.999999999980633
0.9999999999615994
0.9999999999489284
0.9999999999002723
0.9999999999506692
0.9999999999756382
0.9999999999706186
0.9999999999810774
0.9999999998790466
0.9999999999411923
0.9999999999629118
0.99999999991039
0.9999999999791098
0.9999999998361485
0.9999999999565711
0.9999999998921745
0.9999999999729187
0.9999999999497072
0.9999999999602193
0.9999999999402799
0.9999999999732894
0.999999997400628
0.9999999996856875
0.9999999999340871
0.9999999999507134
0.9999999999753104
0.999999999943511
0.9999999999298074
0.9999999995971033
0.9999999999376269
0.9999999999588888
0.9999999999627527
0.9999999997569449
0.9999999999096879
0.9999999991217128
0.999999999954399
0.9999999999698692
0.9999999996699026
0.9999999999673209
0.9999999998917984
0.9999999999582351
0.999999999936763
0.9999999999799299
0.9999999998631508
0.9999999999439231
0.9999999998824732
0.9999999999764994
0.9999999999665885
0.9999999999577117
0.9999999998585396
0.999999999275232
0.9999999999683358
0.9999999999649155
0.9999999999588635
0.999999999971528
0.9999999999564713
0.999999999970413
0.9999999999690784
0.9999999999654837
0.9999999999718646
0.9999999996552941
0.9999999998941785
0.9999999999696719
0.9999999997233487
0.9999999999148242
0.9999999997345161
0.9999999999603477
0.9999999999548816
0.999999999865924
0.9999999999796875
0.9999999999083146
0.9999999999835972
0.9999999999281914
0.9999999990742453
0.999999999950824
0.9999999999497495
0.9999999999715102
0.9999999999554777
0.9999999998953357
0.9999999999736479
0.9999999999673249
0.9999999999440868
0.9999999999683119
0.99999999996423
0.9999999999232233
0.9999999999294663
0.9999999999600243
0.9999999999810674
0.9999999999862285
0.9999999999561325
0.9999999998517805
0.9999999999810865
0.9999999998327803
0.9999999999531697
0.9999999999648029
0.9999999999336833
0.9999999999340606
0.9999999999549612
0.9999999999574501
0.9999999999654458
0.9999999999196739
0.9999999999492121
0.999999999970117
0.9999999998098097
0.9999999702569126
0.9999999999473319
0.9999999999765977
0.9999999999429307
0.9999999999645626
0.9999999998870376
0.9999999998713981
0.9999999999492687
0.9999999999778119
0.9999999999761352
0.9999999999639604
0.999999999955369
0.9999999999630542
0.9999999999556776
0.9999999999741619
0.99999999994881
0.9999999999483077
0.9999999999006619
0.9999999999765524
0.9999999999657336
0.9999999999687732
0.9999999999176429
0.999999999922753
0.9999999999110276
0.9999999998308039
0.9999999999678967
0.9999999998785626
0.999999999982365
0.9999999999726332
0.9999999968987524
0.9999999979557839
0.9999999999842498
0.9999999999624412
0.9999999999763182
0.9999999999741592
0.9999999998053783
0.9999999998883046
0.9999999990744869
0.999999999960389
0.9999999999349303
0.9999999998707914
0.9999999999497291
0.9999999999794197
0.9999999998594739
0.9999999999249022
0.9999999999768867
0.9999999999673295
0.9999999999758282
0.9999999999791862
0.9999999999729853
0.9999999999834398
0.9999999999666747
0.999999999806856
0.9999999998732849
0.9999999998534781
0.999999999964406
0.9999999995160639
0.9999999999514109
0.9999999999586536
0.9999999999299378
0.9999999999431909
0.9999999999715175
0.9999999998789194
0.9999999999761169
0.9999999997811847
0.9999999999840823
0.9999999999415147
0.9999999999730181
0.9999999999283907
0.9999999998940147
0.9999999999802861
0.9999999999806031
0.999999999818661
0.9999999998554799
0.9999999998272184
0.9999999999824627
0.9999999999760975
0.9999999999589494
0.9999999991112287
0.9999999999749399
0.9999999999732284
0.9999999999710781
0.9999999999785845
0.9999999999061205
0.9999999999798213
0.9999999998974418
0.9999999999762555
0.9999999999155817
0.9999999999733419
0.9999999999640247
0.9999999999733364
0.9999999999583455
0.9999999999742429
0.9999999999745378
0.9999999998323658
0.9999999999593203
0.9999999999812015
0.9999999999599244
0.9999999999510756
0.999999999932163
0.9999999999798558
0.9999999999700865
0.9999999998975589
0.9999999999650205
0.9999999999797411
0.9999999999431737
0.9999999998905578
0.9999999999832664
0.9999999999788929
0.9999999999337499
0.9999999999855758
0.9999999999773952
0.9999999999495206
0.9999999994197257
0.9999999999791945
0.999999999890286
0.9999999999131653
0.9999999999846387
0.999999999948748
0.9999999999709169
0.9999999999500073
0.9999999999326947
0.9999999998817432
0.9999999999530955
0.9999999999528134
0.9999999999577628
0.9999999999511487
0.9999999999269663
0.9999999999095281
0.9999999998456669
0.9999999999641552
0.9999999999465123
0.9999999999798985
0.9999999999133716
0.9999999999420741
0.9999999998535637
0.9999999999714119
0.999999999833025
0.9999999999319347
0.9999999999729987
0.9999999999564907
0.9999999997940991
0.9999999999267615
0.9999999999835902
0.9999999999150941
0.9999999999432969
0.9999999999641278
0.9999999999809824
0.9999999999321784
0.9999999999509561
0.9999999999290459
0.999999999951904
0.9999999999656074
0.9999999999729704
0.9999999998671519
0.9999999999610771
0.9999999999525636
0.9999999999716853
0.9999999999704497
0.9999999998611998
0.9999999998858331
0.9999999999713091
0.9999999998701878
0.9999999999201366
0.9999999999723719
0.9999999999783826
0.9999999999738554
0.999999999983245
0.9999999969212391
0.9999999999781719
0.9999999999795605
0.9999999999735226
0.999999999952939
0.9999999999415734
0.9999999995063004
0.9999999974594375
0.9999999997669343
0.9999999999581106
0.9999999999834928
0.9999999999647265
0.9999999999187625
0.9999999999316076
0.9999999999534372
0.9999999999186404
0.9999999998606467
0.9999999998361128
0.9999999999703604
0.9999999993406256
0.9999999999750889
0.9999999999251822
0.999999999927015
0.9999999999342148
0.9999999999302236
0.9999999999759538
0.9999999999563759
0.9999999999187592
0.9999999999749967
0.9999999999672886
0.9999999999336687
0.9999999999675309
0.9999999999528933
0.9999999999221513
0.9999999999675107
0.9999999999019334
0.9999999997222443
0.9999999999749579
0.9999999998850779
0.9999999998660679
0.9999999999580439
0.9999999999513903
0.9999999997945827
0.9999999999761207
0.9999999999611636
0.9999999999780466
0.9999999998151641
0.9999999999475189
0.9999999986213262
0.9999999999645218
0.999999999966776
0.9999999999127215
0.9999999999395932
0.9999999996322234
0.9999999999725602
0.9999999999644575
0.9999999999728604
0.9999999998595405
0.9999999998883171
0.9999999999294219
0.9999999999652145
0.999999999951902
0.9999999999374769
0.9999999999629683
0.999999999953751
0.999999999062292
0.9999999991917681
0.9999999999661634
0.9999999999818694
0.9999999999546446
0.9999999997350468
0.9999999999760517
0.9999999999282672
0.9999999999498896
0.9999999999630129
0.9999999999634928
0.9999999999737442
0.9999999999817452
0.9999999872003068
0.9999999999668349
0.9999999999837074
0.9999999999679046
0.9999999999002879
0.9999999999394983
0.9999999999742646
0.9999999999757304
0.9999999998942122
0.9999999999678516
0.9999999999683483
0.9999999999659746
0.9999999999321352
0.9999999999699893
0.9999999999663537
0.9999999999216868
0.9999999999571489
0.9999999999437947
0.9999999993155312
0.9999999999792345
0.999999999850857
0.9999999999223503
0.9999999999341238
0.9999999999606877
0.9999999999769575
0.9999999995594379
0.9999999999237276
0.9999999999723137
0.9999999999559008
0.9999999979066292
0.9999999999760268
0.9999999999450693
0.9999999999267686
0.9999999999173402
0.9999999999780734
0.9999999999798016
0.9999999999745803
0.9999999999727677
0.9999999999697068
0.999999999875561
0.9999999999426386
0.9999999998672268
0.9999999998751836
0.9999999997299582
0.9999999995383612
0.9999999999740096
0.9999999987843065
0.999999999957048
0.9999999999715591
0.9999999994631946
0.999999999906375
0.9999999999540197
0.9999999999411278
0.9999999999814161
0.9999999999828512
0.9999999999450566
0.9999999994238293
0.9999999999591336
0.9999999999169579
0.9999999950275704
0.999999999983805
0.9999999999662904
0.9999999999230573
0.9999999999712833
0.9999999999581275
0.999999999856374
0.9999999999470874
0.9999999999776108
0.9999999998712578
0.9999999999692715
0.9999999997391535
0.9999999999608031
0.9999999999555673
0.9999999999612333
0.9999999999742587
0.999999999965363
0.9999999999750905
0.9999999991330618
0.999999999932635
0.9999999999638227
0.9999999999624166
0.9999999999671242
0.9999999998255942
0.9999999999592799
0.999999999945189
0.9999999999483096
0.9999999999597068
0.9999999999622485
0.9999999996902518
0.999999999962607
0.999999999971445
0.9999999999401674
0.9999999999602416
0.9999999999234677
0.9999999999667709
0.9999999999727205
0.9999999999639119
0.999999999962923
0.9999999999733056
0.9999999980566446
0.9999999999840645
0.9999999997916441
0.9999999999833924
0.9999999999030662
0.9999999999573101
0.9999999999425241
0.9999999998167501
0.999999999972367
0.9999999999574185
0.9999999999635025
0.9999999997007565
0.9999999996085591
0.9999999999390028
0.9999999999382531
0.9999999999048897
0.9999999999789144
0.9999999997548906
0.9999999999557254
0.9999999999487684
0.9999999998700051
0.9999999999748617
0.9999999999317092
0.9999999999746173
0.9999999999381347
0.9999999999799594
0.9999999996350822
0.9999999999370985
0.999999999965051
0.9999999999492347
0.9999999999133815
0.99999999996261
0.9999999999199355
0.999999999912483
0.9999999999768132
0.9999999999079895
0.9999999999654761
0.9999999999425457
0.9999999999407813
0.9999999999629419
0.9999999999789101
0.9999999997059118
0.9999999999581292
0.9999999999536533
0.9999999999649716
0.9999999999785543
0.9999999999849585
0.9999999985844861
0.9999999999707743
0.9999999999809542
0.9999999999609461
0.9999999999536174
0.9999999999687759
0.9999999999642409
0.9999999999431776
0.9999999999736375
0.9999999999652524
0.9999999999391128
0.9999999999814996
0.9999999999216168
0.9999999999228136
0.9999999998183888
0.999999999922195
0.9999999999173468
0.9999999999640897
0.9999999999452748
0.9999999999638334
0.9999999999732754
0.9999999999706812
0.9999999999266281
0.9999999999685235
0.999999999979962
0.9999999999407908
0.9999999998355108
0.9999999999576337
0.9999999998327225
0.9999999997979779
0.999999999966838
0.9999999998313011
0.9999999998010872
0.9999999999468314
0.9999999990815097
0.9999999999337801
0.9999999999113816
0.9999999999678396
0.999999999917299
0.9999999998402398
0.9999999999626901
0.999999999979817
0.9999999997477133
0.9999999997705257
0.9999999999465983
0.9999999999323903
0.9999999999622041
0.9999999999711234
0.9999999998926664
0.9999999999763723
0.9999999999526497
0.9999999999673482
0.9999999999504192
0.9999999999525546
0.9999999999634893
0.9999999999779579
0.9999999996895553
0.9999999999692812
0.9999999999526601
0.9999999999724605
0.9999999999754452
0.9999999999734552
0.9999999993143579
0.9999999999074708
0.9999999998967749
0.9999999999640119
0.9999999999586832
0.9999999999831921
0.9999999999097361
0.9999999999594368
0.9999999862491946
0.9999999999784844
0.9999999998468295
0.9999999999145475
0.9999999993512155
0.999999999971282
0.9999999999787128
0.9999999999673607
0.99999999998113
0.9999999999274253
0.9999999999555177
0.9999999999405205
0.9999999995945749
0.9999999999153887
0.9999999999704859
0.9999999999715283
0.9999999999310667
0.9999999999691026
0.9999999999846954
0.9999999999126025
0.999999999946627
0.999999999981375
0.9999999998397235
0.9999999999595182
0.9999999998833443
0.9999999999718101
0.9999999999657467
0.9999999999242767
0.9999999999448743
0.9999999999738518
0.9999999999572445
0.9999999999816026
0.9999999998955067
0.999999999961268
0.9999999999470726
0.9999999999178211
0.999999999972487
0.9999999999820863
0.9999999999689192
0.9999999999719631
0.9999999999544193
0.9999999999803215
0.9999999999538299
0.9999999999798416
0.9999999999389394
0.9999999999642868
0.9999999999775957
0.9999999999655588
0.9999999999511233
0.9999999999769399
0.9999999999282372
0.99999999996406
0.9999999999643396
0.9999999998836233
0.9999999999769392
0.9999999996461341
0.9999999998832788
0.999999999957672
0.9999999999749444
0.9999999996494293
0.9999999999578235
0.9999999999518534
0.9999999999710307
0.9999999999601713
0.9999999999435978
0.9999999999715804
0.999999999801205
0.9999999999598792
0.9999999999219122
0.9999999999665922
0.999999999965106
0.9999999999709777
0.9999999998388371
0.99999999989788
0.9999999999179655
0.9999999999764855
0.9999999986802053
0.9999999999608893
0.9999999999688729
0.9999999998209526
0.999999999978958
0.9999999999335732
0.9999999999769162
0.9999999999781749
0.9999999989105878
0.9999999999778816
0.9999999999555756
0.999999999966377
0.9999999999420965
0.9999999997969906
0.9999999999674215
0.9999999999549336
0.9999999999562406
0.9999999999688977
0.9999999999296525
0.9999999999336668
0.9999999999527597
0.9999999999363517
0.9999999999591395
0.9999999999783509
0.999999999823453
0.9999999999822196
0.9999999999127641
0.9999999999435771
0.999999999830661
0.9999999999729262
0.9999999999374133
0.9999999999372808
0.9999999999731893
0.9999999999390579
0.9999999999740384
0.9999999999765048
0.9999999999219564
0.9999999999773115
0.999999999817683
0.9999999999492283
0.9999999999762443
0.9999999999609228
0.9999999999795928
0.9999999997942705
0.9999999999487437
0.9999999999191252
0.9999999997283211
0.9999999999570655
0.9999999999128023
0.999999999904278
0.9999999999739639
0.9999999999831728
0.9999999998515232
0.9999999997738322
0.9999999999096726
0.9999999999455974
0.9999999999110892
0.9999999999601155
0.9999999998954816
0.9999999999733336
0.9999999999575954
0.9999999977412729
0.9999999998812611
0.9999999999671693
0.9999999999822341
0.999999999967742
0.9999999999648105
0.9999999998151834
0.9999999999678181
0.9999999999736813
0.9999999999564754
0.9999999999559439
0.9999999999533444
0.9999999999622059
0.9999999999805048
0.9999999995387555
0.9999999999598421
0.9999999999760535
0.9999999999495569
0.9999999998131635
0.9999999999674679
0.9999999999536636
0.9999999999451944
0.9999999999346894
0.9999999996197938
0.9999999999677959
0.9999999999814452
0.9999999999415006
0.9999999999837912
0.9999999997277824
0.9999999997143142
0.9999999999725179
0.9999999998098783
0.9999999999597902
0.9999999999640204
0.9999999998443306
0.9999999999312922
0.9999999999521925
0.9999999999174428
0.9999999993339307
0.9999999999715583
0.999999999712127
0.9999999999844285
0.9999999992213295
0.9999999998213905
0.9999999999601616
0.9999999999616465
0.9999999999799704
0.9999999999328981
0.9999999999158792
0.9999999999795482
0.9999999999816432
0.9999999999810257
0.9999999999439684
0.9999999999506326
0.9999999999809541
0.9999999999283536
0.9999999999704833
0.9999999999649251
0.9999999998858722
0.9999999999437548
0.9999999993983774
0.999999999970093
0.9999999999788993
0.9999999999723292
0.99999999989428
0.9999999999688836
0.9999999997719049
0.9999999999812592
0.9999999999074214
0.9999999999650167
0.9999999999351186
0.9999999998976001
0.9999999999564455
0.9999999999777589
0.9999999999769538
0.9999999999467978
0.9999999999406094
0.9999999999607271
0.9999999999737355
0.9999999999534067
0.9999999999335792
0.999999999734873
0.9999999999853385
0.999999999929854
0.9999999999666153
0.9999999999854479
0.9999999999571988
0.9999999999713142
0.9999999999677395
0.9999999999540469
0.9999999999785819
0.9999999999766378
0.9999999999701241
0.9999999984491778
0.9999999999400828
0.999999999560383
0.9999999999692583
0.9999999988756526
0.9999999999672936
0.9999999999659616
0.999999999929107
0.9999999999488622
0.9999999999066757
0.9999999998584167
0.9999999998208406
0.9999999999021947
0.9999999998060957
0.9999999999763307
0.9999999999690552
0.9999999999749549
0.9999999999619738
0.9999999999673786
0.9999999999607692
0.9999999999608123
0.9999999999118794
0.9999999999113179
0.9999999999806788
0.9999999998435869
0.9999999999478798
0.9999999999692689
0.9999999999802935
0.9999999999138263
0.9999999999687227
0.9999999999806396
0.9999999999668374
0.9999999999582218
0.9999999986950457
0.9999999998540468
0.9999999999802012
0.9999999999796223
0.9999999997577487
0.999999999976156
0.9999999999605003
0.9999999999723949
0.9999999999812931
0.9999999991280146
0.9999999999767853
0.999999999954161
0.9999999999764906
0.9999999996727245
0.9999999999526996
0.9999999999721743
0.9999999999370894
0.9999999999732885
0.9999999999650654
0.9999999999768713
0.9999999997064403
0.9999999999446995
0.9999999999522629
0.9999999999704843
0.9999999999291536
0.999999999963315
0.9999999999477684
0.9999999999764837
0.9999999999320014
0.9999999999732493
0.9999999999596144
0.999999999954127
0.9999999999300572
0.9999999999686141
0.9999999999549036
0.9999999999508001
0.9999999999361175
0.9999999998486794
0.9999999999566004
0.9999999999720605
0.999999999964153
0.9999999999460942
0.9999999991402527
0.9999999999668989
0.9999999999798432
0.9999999999767785
0.9999999999294513
0.9999999996711773
0.999999999959178
0.9999999999676933
0.9999999998783227
0.9999999997312317
0.9999999999723205
0.9999999999633375
0.9999999998290839
0.9999999999811099
0.9999999998682174
0.9999999999735417
0.9999999999499136
0.9999999999595741
0.9999999999593939
0.9999999995691652
0.9999999999639281
0.9999999999359944
0.9999999999562866
0.9999999993388341
0.9999999995637668
0.9999999998032623
0.9999999999713153
0.9999999999810547
0.9999999999755795
0.9999999997731883
0.9999999999503013
0.9999999999790683
0.999999999975441
0.9999999999512962
0.9999999999818631
0.9999999999737917
0.9999999999770527
0.9999999999667457
0.9999999999777753
0.9999999999107885
0.9999999998604248
0.9999999999283863
0.9999999998417062
0.999999999934466
0.9999999999660839
0.9999999999568431
0.9999999999827877
0.9999999997125575
0.9999999999695119
0.9999999999784607
0.9999999998711946
0.9999999997772254
0.9999999999377418
0.9999999999348496
0.9999999999624591
0.9999999994923928
0.9999999999677601
0.999999999526207
0.9999999999757045
0.9999999999726785
0.9999999999558017
0.9999999999715184
0.9999999999842883
0.9999999999710687
0.9999999999538832
0.9999999999636996
0.9999999999391738
0.9999999999201017
0.9999999999825581
0.9999999998841588
0.9999999999588662
0.9999999995304066
0.9999999999847874
0.9999999999242944
0.9999999999634432
0.9999999999764329
0.9999999998755086
0.9999999991620583
0.9999999999692035
0.9999999999555204
0.9999999999543123
0.9999999999829814
0.9999999999715502
0.9999999999797098
0.999999999969448
0.9999999999213957
0.99999999998559
0.9999999997889577
0.9999999999590211
0.999999999920017
0.9999999999272497
0.9999999998616274
0.9999999972609331
0.9999999998798188
0.9999999999053866
0.999999999960431
0.999999999924748
0.9999999999590891
0.9999999998606348
0.9999999999447272
0.9999999999661655
0.9999999999189966
0.9999999999490312
0.9999999999747405
0.9999999999622469
0.9999999998746861
0.9999999999653033
0.9999999993038176
0.9999999999309623
0.9999999999680825
0.99999999996502
0.9999999999748765
0.9999999999750958
0.9999999999696134
0.9999999999859395
0.9999999872188092
0.9999999998203434
0.9999999999199091
0.9999999997924547
0.999999999972376
0.9999999999523914
0.9999999999384921
0.9999999999494604
0.9999999999767876
0.9999999957804447
0.9999999999737871
0.9999999999512242
0.9999999999764103
0.999999999948321
0.9999999998182871
0.9999999999161405
0.9999999999777974
0.999999999977682
0.999999999944308
0.9999999999483272
0.9999999999203436
0.9999999999709924
0.9999999999559054
0.9999999999685982
0.9999999999333682
0.9999999999208612
0.9999999999524805
0.9999999999377353
0.9999999997309443
0.9999999999482144
0.9999999999612675
0.9999999999698262
0.9999999999688114
0.999999999986218
0.9999999999655487
0.9999999993718521
0.9999999999798672
0.9999999999383562
0.9999999999502174
0.9999999998494141
0.9999999999753793
0.9999999999606982
0.9999999999838778
0.9999999999463747
0.9999999999376255
0.9999999999284396
0.9999999998118895
0.9999999999617694
0.999999999956316
0.9999999999340277
0.9999999999640693
0.9999999999050255
0.9999999999542898
0.9999999999587349
0.9999999999035294
0.9999999987053304
0.9999999999798261
0.9999999999814002
0.9999999999145767
0.9999999999228706
0.9999999999693415
0.9999999989633318
0.9999999999567866
0.999999999935155
0.9999999999842631
0.9999999999317696
0.9999999997432707
0.9999999998853536
0.9999999999752403
0.9999999998852023
0.9999999999277864
0.999999999963855
0.9999999997467879
0.9999999999671233
0.9999999999511052
0.9999999999471834
0.9999999999691309
0.9999999999700799
0.9999999999634249
0.9999999999412111
0.9999999998244443
0.9999999999802947
0.9999999999556033
0.9999999999858736
0.9999999999563259
0.9999999995747638
0.9999999931179702
0.9999999999522082
0.9999999999372307
0.9999999999025652
0.9999999999713092
0.9999999998936313
0.999999999972191
0.9999999999795506
0.999999999938423
0.9999999997451358
0.999999999977826
0.9999999999209948
0.9999999999283754
0.9999999999780935
0.9999999999341204
0.9999999999712583
0.9999999999676602
0.9999999999809571
0.9999999999087954
0.9999999999408131
0.9999999999648908
0.9999999999544928
0.9999999999108037
0.9999999999665068
0.9999999996618835
0.9999999999663006
0.9999999999586789
0.9999999999629159
0.9999999999805105
0.9999999999857578
0.9999999998833446
0.9999999998885756
0.9999999999408793
0.999999999934628
0.9999999999680697
0.9999999999773572
0.9999999999719958
0.9999999999464187
0.9999999999860822
0.9999999999176907
0.9999999999603588
0.9999999999658852
0.9999999999769124
0.999999987229588
0.9999999999790337
0.9999999999806447
0.9999999999780058
0.9999999999719447
0.9999999999588078
0.9999999998922853
0.999999999906165
0.9999999999861598
0.9999999999663175
0.9999999999826097
0.9999999999634956
0.9999999978325061
0.9999999997455297
0.999999999948491
0.9999999999781556
0.9999999999472645
0.9999999999722875
0.9999999999600765
0.9999999999593078
0.9999999996134393
0.9999999999476779
0.9999999999184939
0.999999999868345
0.9999999999512663
0.9999999999730419
0.999999999969546
0.9999999999734488
0.999999999760621
0.9999999998373046
0.9999999999787783
0.9999999995938886
0.9999999999663618
0.99999999996894
0.9999999995903872
0.999999999570072
0.9999999851421696
0.9999999999597943
0.9999999999433019
0.999999999979347
0.999999999947317
0.9999999999603393
0.999999999975306
0.999999999954364
0.9999999995339964
0.9999999999168813
0.9999999999754774
0.9999999999420862
0.999999999968554
0.9999999999563696
0.9999999997753256
0.9999999998781284
0.9999999999846412
0.9999999999413315
0.9999999999748949
0.9999999999401207
0.9999999999691125
0.9999999976956991
0.999999999943106
0.999999999971526
0.9999999997174154
0.9999999999645177
0.9999999999269251
0.9999999999503332
0.999999999956548
0.9999999999076292
0.9999999999273661
0.9999999999725703
0.9999999999375163
0.9999999999640927
0.999999999979582
0.9999999999665953
0.9999999998381947
0.9999999999674032
0.9999999999459422
0.9999999999344861
0.9999999999627474
0.9999999999329323
0.999999999983456
0.9999999999716956
0.9999999999746753
0.999999999973066
0.9999999998689123
0.9999999998802759
0.9999999999775135
0.9999999997733818
0.9999999999499388
0.9999999999547015
0.9999999997240713
0.9999999999484064
0.9999999999617767
0.9999999999629812
0.999999999552816
0.9999999999572957
0.9999999999430865
0.9999999999715156
0.9999999999651725
0.9999999998742013
0.9999999999756204
0.9999999996141725
0.999999999978773
0.9999999999492506
0.9999999999836022
0.9999999999757097
0.9999999999157838
0.9999999999646295
0.9999999999561808
0.9999999999716291
0.9999999998729123
0.9999999999443953
0.9999999999603786
0.9999999998416608
0.9999999999710208
0.9999999999520344
0.9999999999739843
0.9999999999539766
0.9999999999674865
0.999999999925767
0.9999999997683906
0.9999999999639868
0.9999999999718038
0.9999999999814357
0.9999999999600029
0.9999999994049775
0.9999999999766518
0.9999999999878397
0.9999999999738454
0.9999999999789804
0.999999999420896
0.9999999999597391
0.9999999999787026
0.9999999999710705
0.9999999999436231
0.9999999998417144
0.9999999999516039
0.9999999996230078
0.9999999999554369
0.9999999999622028
0.999999999973531
0.9999999999177873
0.9999999999387825
0.9999999999622174
0.9999999999761265
0.9999999998209942
0.9999999999233431
0.9999999999622946
0.999999999958512
0.9999999999749571
0.9999999999768411
0.9999999997458605
0.999999999969988
0.9999999997167432
0.9999999999579519
0.9999999999478922
0.999999999876922
0.9999999999446685
0.9999999999305893
0.9999999999096092
0.999999999934147
0.9999999999652557
0.9999999998367333
0.999999999900344
0.9999999999755738
0.9999999999675006
0.999999999971024
0.9999999999628763
0.9999999999540103
0.9999999999845108
0.9999999999301523
0.9999999999725849
0.9999999993394364
0.9999999999682326
0.9999999999780255
0.9999999999758709
0.9999999997293518
0.9999999999674264
0.999999999964072
0.999999999745683
0.9999999999788791
0.9999999999624217
0.9999999999177326
0.9999999999728093
0.999999999968883
0.9999999999719251
0.9999999999314214
0.9999999992089335
0.9999999998716055
0.9999999998605139
0.9999999999560704
0.9999999999624928
0.9999999575006412
0.9999999999545939
0.9999999999125826
0.999999999966137
0.999999999937305
0.9999999999138564
0.9999999999695298
0.9999999998999806
0.9999999997365212
0.9999999999612603
0.9999999999756015
0.9999999999345635
0.9999999999655275
0.9999999999554453
0.9999999999142152
0.999999999901543
0.9999999999746891
0.9999999997875235
0.9999999998837413
0.9999999999630106
0.9999999999492623
0.9999999999714908
0.9999999999799838
0.9999999999654563
0.9999999999750779
0.999999999965865
0.9999999999689103
0.9999999999757078
0.9999999999828159
0.9999999999168359
0.9999999999674237
0.9999999999622153
0.9999999996591828
0.9999999991432661
0.9999999999686495
0.9999999999598913
0.9999999999671678
0.9999999998366725
0.9999999999821189
0.9999999999805551
0.9999999999530556
0.9999999998250895
0.9999999998508589
0.9999999999241942
0.9999999999597264
0.9999999999732557
0.9999999999800577
0.9999999999637659
0.9999999999795419
0.9999999998955722
0.9999999999588747
0.9999999999720124
0.9999999999546746
0.9999999999612361
0.9999999999665136
0.9999999998787453
0.9999999999689434
0.9999999999695015
0.9999999998131666
0.9999999999584915
0.9999999999713669
0.9999999999289655
0.9999999999745228
0.9999999998033932
0.9999999999731841
0.9999999999482359
0.9999999999663859
0.9999999998716467
0.9999999999529668
0.9999999997944493
0.9999999999857246
0.9999999996650544
0.999999999895186
0.9999999999629515
0.9999999999707989
0.9999999996818417
0.9999999999224991
0.9999999999799787
0.9999999997479679
0.9999999999679529
0.9999999999403254
0.999999999964051
0.9999999999766465
0.9999999999662049
0.9999999999526832
0.999999999935408
0.9999999999624282
0.9999999999279687
0.9999999999757501
0.9999999999435203
0.999999999931718
0.9999999996677371
0.9999999999727618
0.999999999742617
0.9999999998603223
0.9999999999664256
0.9999999999714438
0.9999999999694072
0.9999999999754116
0.9999999999560221
0.9999999999651683
0.9999999999729228
0.9999999999543999
0.9999999999840959
0.9999999999289161
0.9999999999763429
0.9999999999665372
0.999999999933152
0.9999999999725742
0.9999999999679934
0.9999999999629327
0.9999999980717064
0.9999999999386219
0.9999999999712645
0.9999999998196514
0.9999999999054743
0.9999999999714335
0.9999999999552279
0.9999999999399467
0.9999999999434758
0.9999999998579374
0.9999999999376554
0.9999999999665949
0.9999999999797944
0.9999999999691382
0.9999999998787008
0.999999999965466
0.9999999999660766
0.9999999999792896
0.9999999999416714
0.9999999998818611
0.9999999999759921
0.9999999999360137
0.9999999999695022
0.9999999999517369
0.9999999999139236
0.9999999999733167
0.9999999999531466
0.9999999999405279
0.9999999999772446
0.9999999999163819
0.9999999999709928
0.9999999999732262
0.9999999995291253
0.9999999999646432
0.9999999997620502
0.9999999999241483
0.9999999994672716
0.99999999996327
0.9999999997715917
0.9999999999786716
0.9999999999652609
0.9999999999684072
0.9999999999767185
0.9999999999730881
0.9999999999393134
0.9999999998739235
0.9999999999239081
0.9999999997621967
0.9999999999831218
0.9999999999820148
0.9999999999391366
0.999999999967649
0.999999999962808
0.9999999999723601
0.9999999999472218
0.9999999998773988
0.9999999999725694
0.9999999999511011
0.9999999998735629
0.9999999996108035
0.999999999966469
0.9999999999795598
0.9999999997922879
0.9999999999391053
0.9999999999746907
0.9999999998640663
0.9999999999650757
0.9999999997444801
0.9999999991892011
0.999999999967272
0.9999999999813162
0.9999999984695391
0.9999999999723935
0.9999999997327516
0.9999999999757694
0.9999999998127403
0.9999999999476553
0.9999999999686884
0.9999999999310799
0.999999999971271
0.999999999965375
0.9999999999624963
0.9999999999549047
0.999999999974102
0.9999999999194251
0.9999999999667754
0.999999999944306
0.9999999999689978
0.9999999999589579
0.9999999999196034
0.9999999999252855
0.9999999995276263
0.9999999999446684
0.9999999999313053
0.9999999999378898
0.999999999957688
0.9999999999806293
0.9999999999759458
0.9999999999616295
0.999999999904073
0.9999999996111567
0.999999999956648
0.9999999999066486
0.9999999999770358
0.9999999999821846
0.9999999999505973
0.9999999999725249
0.9999999999070538
0.9999999999767062
0.9999999998218374
0.9999999999480844
0.9999999999864765
0.9999999998921398
0.9999999999807966
0.99999999997358
0.9999999999557793
0.9999999999680467
0.9999999981120489
0.9999999999629536
0.9999999999397037
0.9999999999813434
0.999999999971195
0.9999999999755019
0.999999999921007
0.9999999999743548
0.9999999998237801
0.9999999977680138
0.9999999999823156
0.9999999999201485
0.9999999999690747
0.9999999998090968
0.9999999999515213
0.9999999999347402
0.9999999999399434
0.9999999999518636
0.9999999999295366
0.9999999998643301
0.999999999837247
0.9999999999779609
0.9999999994047765
0.9999999999749364
0.9999999998968486
0.9999999999407616
0.9999999999675274
0.999999999888091
0.9999999997555729
0.9999999999719243
0.9999999999756509
0.9999999999515145
0.9999999999629793
0.9999999999712188
0.9999999999205441
0.9999999999611592
0.9999999999650605
0.9999999999832158
0.9999999999198135
0.9999999999134463
0.9999999999196961
0.999999999906439
0.9999999999239229
0.9999999999395339
0.9999999999628899
0.999999999972045
0.9999999999128449
0.9999999999165488
0.9999999998599567
0.9999999999746694
0.9999999999671889
0.9999999999753346
0.9999999999855186
0.9999999999748816
0.999999999952948
0.9999999999774194
0.9999999999413611
0.9999999999612736
0.9999999999352166
0.9999999999677367
0.9999999999653163
0.9999999999227305
0.9999999999594595
0.9999999997903481
0.9999999998794478
0.9999999998556417
0.9999999999805035
0.9999999999306506
0.999999999946143
0.9999999999359716
0.9999999999456548
0.9999999999746964
0.9999999999775705
0.9999999999197106
0.9999999999583341
0.9999999999669209
0.9999999997408504
0.9999999998167998
0.9999999999626449
0.9999999999687733
0.99999999998343
0.9999999999721941
0.9999999999344827
0.9999999996445056
0.9999999999852669
0.9999999999683894
0.9999999994005221
0.999999999953576
0.9999999999304384
0.9999999999679055
0.99999999995211
0.9999999992807795
0.9999999999805579
0.9999999985352404
0.9999999999577011
0.9999999999490207
0.9999999998810427
0.9999999999602446
0.9999999995995377
0.9999999999777466
0.9999999999794764
0.9999999999730544
0.999999999943913
0.9999999997007256
0.9999999997931909
0.9999999999347406
0.9999999999568288
0.9999999999233339
0.9999999999740641
0.9999999994858603
0.9999999998552715
0.9999999999701898
0.9999999998888448
0.9999999996061104
0.9999999999735354
0.9999999998407332
0.9999999999182908
0.9999999998743306
0.9999999997236846
0.9999999998014746
0.9999999999795254
0.9999999999731515
0.9999999999349051
0.9999999996999672
0.999999999971018
0.9999999998341286
0.9999999999541966
0.9999999998809398
0.9999999999507897
0.9999999999698068
0.9999999998715517
0.9999999999839536
0.9999999999769932
0.9999999999832913
0.9999999931289958
0.9999999999749627
0.9999999998986835
0.9999999999777311
0.9999999999246808
0.9999999999741794
0.9999999998873781
0.9999999999742158
0.9999999985329765
0.9999999999419779
0.9999999995101744
0.9999999997508396
0.9999999999713898
0.999999999973003
0.9999999999278111
0.9999999973222303
0.9999999997460004
0.9999999999244589
0.9999999999759984
0.9999999999750138
0.9999999999136487
0.9999999999740201
0.9999999999390375
0.9999999999824528
0.9999999999681584
0.9999999997021807
0.999999999938844
0.9999999994715323
0.9999999999011939
0.9999999998016955
0.9999999999642254
0.9999999999358873
0.999999998534824
0.999999999965218
0.9999999999481058
0.9999999999607897
0.999999999966876
0.9999999999786989
0.9999999999404724
0.9999999999643926
0.9999999999558645
0.9999999999822837
0.9999999999353614
0.9999999999288238
0.9999999999613914
0.9999999999779657
0.9999999999684621
0.9999999999442725
0.9999999999571663
0.999999999912464
0.9999999999146485
0.999999999967873
0.9999999999819329
0.9999999999656606
0.9999999998485325
0.9999999998477688
0.9999999987610367
0.999999999948762
0.9999999998081505
0.9999999999262508
0.9999999999657879
0.999999999924724
0.9999999993994948
0.9999999999713809
0.9999999999798426
0.9999999999733443
0.9999999999764804
0.9999999999604403
0.9999999999801212
0.9999999998900225
0.9999999999809859
0.9999999999603894
0.9999999998963492
0.9999999998655666
0.9999999999802057
0.999999999949314
0.999999999960814
0.9999999999667433
0.9999999999643349
0.9999999999728968
0.999999999892492
0.9999999999738873
0.9999999999617197
0.9999999999502817
0.9999999999618494
0.9999999998787833
0.9999999999512501
0.9999999999687245
0.9999999999734978
0.999999999620007
0.9999999999415687
0.9999999999642449
0.9999999999712867
0.9999999999800131
0.9999999999657866
0.9999999999761867
0.9999999999771665
0.9999999999234176
0.9999999999692358
0.9999999999846659
0.9999999999768521
0.9999999999759377
0.9999999999771239
0.9999999999413719
0.9999999996819778
0.9999999999553056
0.9999999999741022
0.9999999999721789
0.9999999999588103
0.999999999949694
0.999999999964864
0.9999999995899721
0.9999999999593019
0.9999999999238559
0.9999999999565053
0.9999999995326054
0.9999999999822006
0.9999999999460685
0.9999999999084073
0.9999999999363117
0.9999999999765748
0.9999999999554695
0.9999999999293236
0.999999999965664
0.9999999999585937
0.9999999999801084
0.9999999999435406
0.9999999999788582
0.9999999999523052
0.9999999999251364
0.9999999999510004
0.9999999999761338
0.9999999998686107
0.9999999999458267
0.9999999999258371
0.9999999999744303
0.9999999999327028
0.9999999999053714
0.9999999999579265
0.9999999999283716
0.9999999998498053
0.9999999998914386
0.9999999999296898
0.9999999999806072
0.9999999999864532
0.999999999698923
0.9999999999158667
0.9999999999738598
0.9999999999571328
0.9999999999584229
0.9999999999754161
0.9999999999652778
0.9999999999459281
0.9999999997705145
0.9999999999614133
0.9999999999809114
0.9999999999435827
0.9999999998622386
0.9999999999705891
0.9999999999837066
0.999999999967169
0.9999999999654442
0.9999999999764388
0.9999999988277083
0.9999999995893606
0.9999999999720526
0.9999999999709929
0.9999999999217289
0.9999999999748083
0.9999999997354161
0.999999999951105
0.999999999969512
0.9999999999732946
0.9999999999298463
0.9999999998325569
0.9999999999729126
0.9999999999674452
0.9999999999599475
0.9999999999610546
0.9999999999391341
0.9999999999176639
0.9999999999669307
0.9999999999678304
0.9999999999747418
0.9999999999525323
0.9999999997781783
0.9999999999717835
0.9999999999774882
0.9999999999670767
0.9999999999801444
0.9999999998079018
0.9999999999592788
0.9999999999460646
0.9999999999389502
0.9999999999558125
0.9999999999734704
0.9999999999811808
0.9999999999476961
0.9999999999113344
0.9999999998933906
0.9999999999853663
0.9999999998865253
0.9999999999287611
0.9999999999641617
0.9999999999522455
0.9999999999681801
0.9999999999534442
0.9999999997287784
0.9999999999754297
0.9999999998423662
0.999999999970103
0.9999999998817537
0.9999999998668463
0.9999999999529794
0.9999999998812225
0.9999999999693381
0.9999999995104314
0.9999999999547509
0.999999992503817
0.9999999999501377
0.9999999999473405
0.9999999999603995
0.9999999999606015
0.9999999999529264
0.9999999999707543
0.9999999999777955
0.9999999999183717
0.9999999999643154
0.9999999999743258
0.9999999999769734
0.999999999972576
0.9999999999701172
0.9999999982234598
0.9999999999710117
0.9999999999539727
0.9999999999778609
0.9999999999701757
0.9999999998447863
0.999999999927299
0.9999999999636008
0.9999999999707105
0.9999999998943535
0.9999999999353855
0.9999999999666284
0.9999999999739364
0.9999999999815553
0.9999999999699739
0.9999999998761346
0.9999999999453002
0.9999999999773876
0.9999999998573551
0.999999999928066
0.9999999999411278
0.9999999999780793
0.9999999992139526
0.9999999998926195
0.9999999993409747
0.9999999999725194
0.999999999947273
0.9999999999786826
0.9999999999698369
0.9999999999501611
0.999999999976352
0.9999999999766279
0.9999999999236006
0.9999999999437404
0.9999999999710867
0.9999999997812461
0.9999999999651921
0.9999999999149957
0.9999999998784153
0.9999999999557351
0.9999999999544656
0.9999999999644912
0.9999999999642704
0.9999999999220509
0.9999999999704487
0.9999999999678195
0.9999999999541966
0.9999999999159076
0.9999999999758088
0.9999999998835272
0.9999999999526173
0.9999999999199513
0.999999999985978
0.9999999999744699
0.9999999999000079
0.9999999998509488
0.9999999999445516
0.9999999999750614
0.9999999998495571
0.9999999999495226
0.9999999997737213
0.9999999996896074
0.9999999999618082
0.9999999999764889
0.9999999999498538
0.9999999999746798
0.9999999999641183
0.999999999980787
0.9999999999586747
0.9999999999362413
0.9999999999599978
0.9999999999422092
0.9999999999538218
0.9999999999740993
0.9999999999781773
0.999999999962848
0.99999999995934
0.9999999999690073
0.9999999999307626
0.9999999999618697
0.9999999999155856
0.999999999977633
0.999999999829344
0.9999999999134908
0.9999999999772128
0.9999999999584865
0.9999999999822154
0.9999999999738788
0.9999999995933222
0.99999999992025
0.9999999999347573
0.999999999941292
0.9999999999283837
0.9999999996082725
0.9999999999265143
0.9999999999592282
0.9999999999658592
0.9999999999610916
0.9999999999552238
0.9999999999825653
0.9999999999769702
0.9999999997947909
0.999999999920854
0.9999999995683176
0.9999999998723892
0.9999999999660705
0.9999999985534168
0.9999999999698426
0.9999999999620797
0.9999999999206609
0.9999999999591869
0.9999999997994573
0.9999999999593705
0.9999999999650909
0.9999999999678066
0.9999999999815227
0.9999999999146052
0.9999999999687784
0.9999999999741795
0.9999999999656259
0.9999999999791406
0.999999999960861
0.9999999998920679
0.9999999999734182
0.9999999999412196
0.9999999999798082
0.9999999999819074
0.9999999999697443
0.999999999899158
0.9999999999652973
0.9999999999363615
0.9999999999282057
0.9999999999800682
0.9999999995952114
0.9999999999614345
0.9999999998357394
0.9999999999799979
0.9999999999636403
0.9999999999790218
0.9999999998946442
0.9999999999291233
0.99999999996152
0.9999999999734819
0.9999999999499398
0.9999999999727096
0.9999999999477903
0.9999999999534651
0.9999999999503584
0.9999999999226835
0.999999999942704
0.9999999999392131
0.999999999871308
0.9999999998889741
0.9999999999646659
0.9999999999670929
0.9999999998082563
0.9999999999827657
0.9999999998202653
0.9999999998037957
0.9999999999742151
0.9999999999542771
0.9999999999738352
0.9999999999850422
0.9999999999760024
0.999999999982966
0.9999999998096307
0.9999999998964202
0.999999999371639
0.999999999967766
0.9999999999680056
0.9999999999762806
0.9999999999786853
0.9999999999290444
0.9999999999099339
0.9999999999378542
0.9999999999552047
0.999999999784073
0.9999999997448131
0.9999999999718752
0.9999999999687297
0.9999999999563236
0.9999999995736955
0.9999999996955209
0.9999999999523503
0.9999999998964696
0.9999999999781354
0.9999999999545628
0.9999999999362867
0.9999999999507805
0.9999999996968498
0.9999999999816328
0.9999999998860037
0.999999999979767
0.9999999998532684
0.9999999996243416
0.9999999999061189
0.9999999998954383
0.9999999999725044
0.999999999889266
0.999999999958683
0.9999999999145125
0.9999999978692666
0.9999999999449785
0.9999999999477607
0.999999999954079
0.9999999998406202
0.9999999999463571
0.9999999999712177
0.9999999999444753
0.9999999999064128
0.9999999999549748
0.9999999999539161
0.9999999999811781
0.9999999999269755
0.9999999999277133
0.9999999954549884
0.9999999999484225
0.9999999999463812
0.9999999999404023
0.9999999998645984
0.9999999999537819
0.9999999999218904
0.9999999998969641
0.9999999999422019
0.9999999999776317
0.9999999999656406
0.9999999998191011
0.9999999999750302
0.9999999999493944
0.9999999999526069
0.9999999999851116
0.9999999999708238
0.9999999999480257
0.9999999999620737
0.9999999999624126
0.9999999999321053
0.9999999999793152
0.9999999997813244
0.9999999999686
0.9999999999599984
0.999999999963142
0.9999999998640121
0.9999999999659
0.9999999999608182
0.9999999980672845
0.9999999999749518
0.999999999944578
0.9999999999837303
0.9999999999236386
0.9999999993236399
0.9999999998377964
0.9999999999670985
0.9999999999354673
0.9999999999454465
0.9999999999650464
0.9999999999358125
0.9999999999051707
0.9999999999805264
0.9999999999709865
0.9999999986921333
0.9999999999338527
0.9999999999808247
0.9999999999753437
0.9999999999099342
0.9999999999784186
0.9999999999818576
0.9999999999517286
0.9999999999790254
0.9999999996495595
0.9999999999833256
0.9999999999763515
0.9999999999789376
0.9999999997265733
0.9999999999413977
0.999999999778744
0.9999999997617933
0.9999999999747594
0.9999999999751573
0.9999999978040609
0.9999999999728388
0.9999999999672258
0.9999999997979061
0.9999999994303556
0.9999999999706992
0.9999999999838818
0.9999999999776096
0.9999999999698034
0.9999999999694136
0.9999999999658744
0.9999999999779986
0.9999999999439366
0.9999999999716563
0.9999999999807694
0.99999999997378
0.9999999999165013
0.9999999999676392
0.9999999999352316
0.9999999999704281
0.9999999999414356
0.9999999999241254
0.9999999999372035
0.9999999999609224
0.9999999999441153
0.9999999999407699
0.9999999999306919
0.9999999999681662
0.9999999999739638
0.999999991855566
0.9999999999513737
0.9999999999036298
0.9999999999132311
0.9999999999632181
0.9999999998805599
0.999999999968163
0.9999999999525724
0.9999999999713632
0.9999999999815183
0.999999999939063
0.9999999998531405
0.9999999998668544
0.9999999999215411
0.9999999999679899
0.9999999999669016
0.9999999999749332
0.9999999999588629
0.9999999997851228
0.9999999999508571
0.999999999973915
0.9999999999754284
0.9999999999659821
0.9999999999645864
0.9999999999629697
0.9999999998943466
0.9999999999312942
0.9999999997309634
0.9999999999760777
0.9999999999777868
0.9999999970035389
0.9999999999376049
0.9999999999794219
0.9999999999743783
0.9999999999656084
0.9999999999624792
0.9999999999845345
0.9999999999744398
0.9999999999267989
0.9999999999781176
0.9999999999788858
0.9999999998013468
0.9999999954502087
0.9999999999571418
0.9999999999767527
0.999999999982257
0.9999999999673024
0.999999999960907
0.9999999999738077
0.9999999999858527
0.9999999999602938
0.9999999999760334
0.9999999999849508
0.9999999997906369
0.9999999999725903
0.9999999999821193
0.999999999975459
0.9999999999833907
0.9999999999380712
0.999999999968667
0.9999999998283704
0.9999999999094469
0.9999999999513665
0.9999999997053739
0.9999999999467933
0.9999999999598658
0.9999999999740354
0.9999999971348428
0.9999999999480875
0.9999999999720365
0.9999999999748637
0.9999999996514259
0.999999999806637
0.9999999999452901
0.9999999999467876
0.9999999999777063
0.9999999999237752
0.9999999999710467
0.9999999999821106
0.9999999997839136
0.9999999999824282
0.99999999996004
0.9999999999791156
0.9999999999189672
0.9999999999810851
0.9999999999813898
0.9999999999752909
0.9999999999690138
0.999999999970274
0.9999999999632406
0.9999999999161562
0.9999999999220244
0.9999999999758143
0.9999999999682171
0.9999999999784289
0.9999999999829404
0.9999999999145831
0.9999999999726459
0.9999999999762267
0.9999999999755075
0.99999999994757
0.9999999998741684
0.9999999998189916
0.9999999999611595
0.9999999999635726
0.9999999999582432
0.9999999999771635
0.9999999999666874
0.9999999999405624
0.9999999999733508
0.9999999999734566
0.9999999998969611
0.9999999998960105
0.9999999999399652
0.9999999999637065
0.9999999999588971
0.9999999999052616
0.9999999999308853
0.9999999999005802
0.9999999999486654
0.9999999999545628
0.9999999999353056
0.999999999980202
0.9999999999633012
0.9999999999146505
0.999999999973566
0.9999999999737298
0.9999999996092158
0.9999999999244223
0.9999999999558957
0.9999999998275717
0.9999999998597547
0.9999999997567507
0.9999999999432239
0.9999999999857597
0.9999999999624652
0.9999999998566294
0.9999999999766771
0.9999999999582763
0.999999999965865
0.9999999999777455
0.9999999999846301
0.9999999990765999
0.9999999999691723
0.9999999998401088
0.9999999999651391
0.9999999998854234
0.9999999999737962
0.9999999998431469
0.999999999973765
0.9999999998857698
0.9999999999842784
0.9999999999738624
0.9999999999405945
0.9999999999614357
0.999999999942516
0.9999999997811172
0.9999999999288023
0.9999999999631454
0.9999999999722167
0.9999999999350474
0.9999999999801662
0.9999999999155332
0.999999999951599
0.9999999999538008
0.9999999999713673
0.9999999999456326
0.9999999999771365
0.9999999999739508
0.999999999782953
0.9999999999299621
0.999999999961112
0.9999999999270869
0.9999999999108092
0.999999999958589
0.9999999999505431
0.9999999997560556
0.9999999998345218
0.9999999999138954
0.9999999999377978
0.999999999976722
0.9999999999773513
0.9999999999450645
0.9999999999765018
0.9999999998912478
0.9999999998043462
0.9999999999622625
0.9999999999560041
0.9999999999592991
0.9999999997179116
0.9999999999378313
0.9999999994557199
0.9999999998840148
0.9999999996873618
0.9999999997629649
0.9999999999838756
0.9999999997218183
0.9999999999708968
0.9999999998542708
0.9999999999753892
0.9999999995686193
0.9999999999484418
0.9999999999745934
0.9999999999348678
0.9999999999745787
0.9999999999440793
0.9999999999472446
0.9999999999397798
0.9999999999681941
0.9999999999760839
0.9999999999738437
0.999999999979608
0.999999999973848
0.9999999999755596
0.9999999999802803
0.9999999999734134
0.9999999999640399
0.9999999999308145
0.999999999948388
0.9999999999492198
0.9999999999701084
0.999999999948748
0.9999999998323778
0.9999999998536484
0.99999999997535
0.9999999999592131
0.9999999999620779
0.9999999999780574
0.9999999998841018
0.9999999999512881
0.9999999999718058
0.9999999999355954
0.9999999999383608
0.9999999999806093
0.9999999999819009
0.9999999999279546
0.9999999999314756
0.9999999999603832
0.9999999999579726
0.9999999997679198
0.9999999999664524
0.9999999999802586
0.9999999999775109
0.9999999999196394
0.9999999999612587
0.9999999999771403
0.9999999999246865
0.9999999995953283
0.9999999999399537
0.9999999995401843
0.9999999999151206
0.9999999999006759
0.9999999999598618
0.9999999999646235
0.9999999999704725
0.9999999999803155
0.9999999998972999
0.9999999999371578
0.9999999999769604
0.9999999999714537
0.9999999996080882
0.9999999999651107
0.9999999999111577
0.9999999999479922
0.9999999999710552
0.9999999999710086
0.999999999690974
0.999999999947213
0.9999999998622924
0.9999999985856628
0.9999999999540581
0.9999999999529726
0.9999999999512728
0.9999999999676958
0.9999999992212139
0.9999999999569746
0.9999999999663344
0.9999999999651263
0.9999999999746347
0.9999999998757417
0.9999999999793626
0.9999999999016848
0.9999999999381896
0.9999999982613962
0.9999999999404572
0.9999999999536999
0.9999999999739125
0.9999999999416315
0.9999999999807268
0.9999999999555619
0.9999999999630678
0.9999999998716174
0.9999999987780771
0.9999999996893844
0.9999999999515112
0.999999999788557
0.99999999997251
0.9999999999804374
0.9999999999666177
0.9999999999738298
0.9999999999439512
0.9999999999448003
0.9999999951834136
0.9999999999788696
0.999999999974573
0.9999999994924296
0.9999999999416401
0.9999999999816884
0.9999999999804778
0.9999999999652422
0.9999999999871316
0.99999999989529
0.9999999999716663
0.9999999999645988
0.9999999999099826
0.9999999999695769
0.999999999984565
0.9999999998989197
0.999999999920524
0.999999999977874
0.9999999999536333
0.9999999999753849
0.9999999999753885
0.9999999999536635
0.9999999999665201
0.9999999999579638
0.9999999999503563
0.999999999970906
0.9999999996807956
0.9999999999738345
0.9999999999644027
0.9999999999519701
0.999999999918775
0.9999999999670153
0.9999999999335646
0.9999999998424878
0.9999999990735874
0.9999999998559613
0.9999999999196307
0.9999999998958384
0.9999999999738454
0.9999999999113685
0.9999999999679462
0.9999999998263313
0.9999999997941945
0.9999999999418259
0.9999999999735346
0.9999999997747979
0.9999999999083952
0.9999999999738997
0.9999999997972445
0.9999999999455316
0.9999999998826744
0.999999999955733
0.999999999816361
0.9999999999216804
0.9999999998928614
0.9999999999541982
0.9999999999843469
0.9999999999282708
0.9999999999834769
0.9999999999817367
0.9999999999712553
0.9999999999589151
0.9999999999617714
0.9999999999569544
0.9999999999686566
0.9999999999803451
0.9999999999633973
0.9999999999052922
0.9999999999617516
0.9999999999658203
0.9999999999718004
0.9999999998504479
0.9999999995488541
0.9999999999572742
0.9999999998182797
0.9999999998899044
0.9999999991833538
0.9999999999716046
0.999999999980326
0.9999999999456461
0.9999999998506172
0.9999999999783169
0.9999999999776291
0.9999999999615622
0.9999999999808737
0.9999999999222777
0.9999999996901122
0.99999999997021
0.9999999999793889
0.9999999999170563
0.999999999980909
0.9999999999864428
0.9999999999609668
0.9999999999703181
0.9999999999483248
0.999999999979445
0.9999999996203384
0.9999999999664937
0.9999999999295761
0.999999998984792
0.9999999999644241
0.9999999999450631
0.9999999999562419
0.9999999999690385
0.999999999885367
0.9999999999614968
0.9999999998855376
0.9999999999596109
0.9999999999258627
0.9999999999586651
0.9999999996718056
0.9999999999758189
0.9999999999543387
0.9999999997512383
0.9999999990504284
0.9999999999259823
0.9999999999741528
0.9999999993647583
0.9999999999538765
0.9999999999724741
0.9999999999702271
0.999999999968148
0.9999999999769186
0.9999999999718766
0.9999999999564988
0.9999999999547027
0.9999999987995656
0.999999999973124
0.9999999999137098
