0.9999997407513795
0.9999994871712188
0.9999994864233519
0.9999950921026055
0.9999994444618131
0.9999997086797212
0.999998987656488
0.9999991784642633
0.9999995546481589
0.9999995753779282
0.9999997170024284
0.9999998079830548
0.9999991654025886
0.9999994550279756
0.9999996593948556
0.9999996981935109
0.9999998162106479
0.9999995284250354
0.9999996545210359
0.9999996341306105
0.9999997912379133
0.999999513273738
0.9999991407548179
0.9999996752321487
0.9999996340276619
0.999999590540801
0.9999962030817857
0.9999997708649997
0.9999998076391224
0.9999995881991389
0.99999956981393
0.9999996415648106
0.9999994579675281
0.9999998149368484
0.9999992388457734
0.999999482537532
0.9999993457326447
0.9999996601154273
0.9999993857324975
0.999998928990645
0.9999993150437269
0.999999136053539
0.9999991768312475
0.9999996739306634
0.9999993638012722
0.9999991113212796
0.9999993363897924
0.9999781859679577
0.9999987525289425
0.999999662660601
0.9999997000765414
0.9999991745157312
0.9999992334484846
0.9999984693588819
0.9999995061257273
0.9999996555011121
0.9999997059018363
0.9999997185040962
0.9999995517160479
0.9999993153641425
0.9999993287998429
0.9999967777046669
0.99999958441965
0.9999997966502706
0.9999992312053287
0.9999991266291932
0.9999986515668748
0.999999746506791
0.9999995309355239
0.9999998011215093
0.9999995797628719
0.9999996736988905
0.9999997508453259
0.9999993321634013
0.9999997745227124
0.9999994729653817
0.9999995064564348
0.999998982529136
0.9999997108155884
0.9999991534919812
0.99999880446529
0.9999996415518844
0.9999994455946161
0.9999997639800491
0.9999949326513808
0.999998021887049
0.9999995109791404
0.9999997797205828
0.9999983614668679
0.9999988874270312
0.9999997864877603
0.9999995260427005
0.9999996078122161
0.9999998405425403
0.9999975745209543
0.9999982828481682
0.9999993780466004
0.9999995284665499
0.9999995604028992
0.9999997626643558
0.9999995347275893
0.9999993594604106
0.9999997349633526
0.9999990050731546
0.9999995680353607
0.9999997123633158
0.9999996120608173
0.9999996835393723
0.9999997184483622
0.999998955145241
0.9999956070640932
0.9999993654081972
0.9999983476108424
0.9999996249215134
0.9999996174128131
0.9999993474827896
0.9999998323834693
0.9999755675515305
0.9999994974924727
0.9999991290896263
0.9999996465609765
0.9999994832033706
0.9999990439752112
0.9999996417355876
0.9999997454225382
0.9999995430152767
0.9999997609073596
0.9999979090424834
0.9999877823944996
0.9999995331545781
0.9999983890878873
0.9999997432313404
0.9999968025745867
0.9999987797251564
0.9999995466492932
0.999999149020041
0.9999989236010046
0.9999998062164365
0.9999977924650155
0.9999995650994741
0.9999993488971877
0.9999977890493632
0.9999976914651454
0.999982317022706
0.9999996897604989
0.9999997895196815
0.9999996869145573
0.9999997909677139
0.9999982351459691
0.9999966465525624
0.999998402301977
0.9999964620937587
0.9999997841597446
0.9999996972754477
0.9999997757928356
0.9999994849935557
0.9999988503386018
0.999999567099075
0.9999996253851148
0.9999996540730989
0.9999997366468032
0.9999990221262178
0.9999995747076239
0.9999965278794111
0.9999993813513324
0.9999995875378294
0.9999994127126113
0.9999990238405364
0.9999995004760119
0.9999994172020696
0.9999987934683253
0.9999997105734038
0.9999996530108162
0.9999992326323789
0.9999997647312852
0.9999996350073175
0.9999993945618584
0.9999997831712493
0.999999789722172
0.9999997180544128
0.99998756409256
0.9999993655679508
0.9999989508493026
0.9999980587985193
0.9999995650603207
0.9999995277396071
0.9999600356634487
0.9999889078094775
0.9999993876869352
0.9999997355914052
0.9999996589324395
0.9999997640044346
0.9999994400408002
0.9999995543139164
0.9999996614383501
0.9999992734214307
0.9999985864758489
0.9999995776130998
0.9999996107208603
0.9999997266918587
0.9999984596940049
0.999999843156252
0.9999998351672509
0.9999990226903841
0.9999996074727205
0.9999991592560056
0.9999986805047228
0.9999992506279272
0.9999982559900983
0.9999969193046193
0.9999985285139251
0.9999996143204697
0.999999614079386
0.999999428387511
0.999994501684981
0.9999993137481844
0.9999984685703038
0.9999959927259237
0.9999989404138803
0.9999996301054365
0.9999994310421956
0.999999563796449
0.9999997135012181
0.9999994611991081
0.9999998301852687
0.9999997966259404
0.9999993428642224
0.9999994661751013
0.9999993164152927
0.9999986453625834
0.9999989867620742
0.9999957523500231
0.9999996734341715
0.9999995840309683
0.9999997076458922
0.9999982993040546
0.9999996889890387
0.9999997344497092
0.9999997358047664
0.9999982910031938
0.9999992959754626
0.9999997500602418
0.9999996111907142
0.9999991205515341
0.9999978213915912
0.9999997281672297
0.9999995361051717
0.9999987620152837
0.99999720120508
0.9999997995034551
0.9999991114009695
0.9999995877463727
0.9999972342002112
0.999999592214718
0.9999983394902907
0.9999990589586673
0.9999997489182554
0.999999671372307
0.9999997115811728
0.9999996219316817
0.9999990831640923
0.9999995660408322
0.9999997604808674
0.999999683501431
0.999999640465781
0.9999996486017825
0.9999991562826126
0.9999994936518056
0.9999997888883175
0.9999987129016649
0.999999717701123
0.9999987264578446
0.9999991605410483
0.9999996520167955
0.999999635966823
0.9999995686135382
0.9999996942492676
0.9999983186482578
0.9999987386574781
0.9999997792492975
0.9999989126991499
0.9999994211631578
0.9999994381123934
0.9999997700392584
0.9999994198240193
0.9999995557566577
0.9999975376552247
0.9999996983778223
0.999999746314188
0.9999996182251987
0.9999988869660598
0.999999113879943
0.9999996379296375
0.9999990888726992
0.9999986449847859
0.9999997527113051
0.9999994873662631
0.9999865510693073
0.999999165516812
0.9999995412317266
0.999999520579565
0.9999987357553414
0.9999997579640856
0.9999994866370745
0.9999979714407159
0.999999626812212
0.9999989602506764
0.9999997766712166
0.9999990329197107
0.9999994896432542
0.9999954015792716
0.9999996922204192
0.9999985599007768
0.9999995820433952
0.9999990244699711
0.9999998009266743
0.9999997536092572
0.9999997662304202
0.9999996935591879
0.9999997358332653
0.9999989699471167
0.99999896342196
0.9999991925898696
0.9999996609390978
0.9999054097358143
0.9999996692336419
0.9999994096648501
0.9999995925261029
0.9999987111972153
0.999998946147738
0.9999994350384619
0.9999994923237091
0.9999997621518366
0.9999996516684119
0.9999995167508599
0.999999677050335
0.9999997289330921
0.9999997742851338
0.9999983882845234
0.9999817746609989
0.9999995688287989
0.9999995827530008
0.9999997061506407
0.9999998190761409
0.9999979578937767
0.9999993620371848
0.999999641714103
0.9999990805648861
0.9999992352794578
0.9999997147735368
0.9999990951830424
0.9999995327086135
0.9999993932466943
0.9999997138783946
0.9999993354694149
0.999999440403394
0.9999997655041957
0.9999995613914522
0.9999991641751927
0.99998825930346
0.9999978382365851
0.9999993064530169
0.9999978631918426
0.999999782535024
0.9999995687692782
0.9999994264954751
0.9999988801000266
0.9999994460711228
0.9999997264345774
0.9999996700626695
0.9999997875195296
0.9999986417715861
0.9999993396057084
0.9999995835228375
0.9999989937465313
0.999999765393982
0.9999981600438316
0.9999995122885064
0.999998789136048
0.999999695874765
0.9999994352641493
0.9999995532863847
0.9999993293926812
0.9999997000721222
0.9999708103290771
0.9999964704433467
0.99999925980625
0.9999994465190196
0.9999997227387892
0.9999993656675874
0.9999992117508754
0.999995475696852
0.9999992996266889
0.9999995383292336
0.9999995817657671
0.9999972706100329
0.999998985841066
0.9999901372533483
0.9999994879352991
0.999999661622275
0.9999962931561261
0.9999996330027069
0.9999987849829495
0.9999995310038254
0.9999992898685943
0.9999997746377466
0.9999984632431097
0.9999993703123075
0.9999986802170566
0.9999997361299112
0.9999996247941112
0.9999995251299628
0.999998411467411
0.9999918611910703
0.9999996444398682
0.9999996060144571
0.9999995380797847
0.9999996802863605
0.9999995111804365
0.9999996677593626
0.9999996527703293
0.9999996124132802
0.9999996840606395
0.9999961291035872
0.9999988116979539
0.9999996594490832
0.9999968933972722
0.9999990434915849
0.9999970187570537
0.9999995547334355
0.9999994933372346
0.9999984943888437
0.999999771899125
0.9999989704037439
0.9999998158015265
0.9999991936580093
0.9999896041470212
0.999999447800461
0.9999994357075461
0.9999996800644698
0.999999500070718
0.9999988247014268
0.999999704069332
0.9999996330860482
0.9999993721238958
0.9999996441455561
0.9999995983110078
0.9999991378789473
0.9999992079117025
0.9999995511216742
0.9999997873942261
0.9999998453386689
0.9999995074214324
0.9999983355882848
0.999999787614492
0.9999981222432938
0.9999994741236994
0.9999996047380155
0.9999992553210959
0.9999992595089455
0.9999994942652103
0.9999995221887231
0.9999996119801073
0.9999990979804999
0.9999994296833529
0.9999996644516957
0.9999978642761042
0.9996660012863045
0.9999994086012538
0.9999997372118052
0.9999993591505673
0.9999996020203463
0.9999987314973054
0.9999985558733855
0.9999994303108847
0.999999750848659
0.9999997319975744
0.9999995952902501
0.9999994988397765
0.9999995851172712
0.999999502286527
0.9999997098602665
0.9999994251573878
0.9999994195400296
0.999998884453442
0.999999736702142
0.9999996151967057
0.9999996493452262
0.9999990751850278
0.9999991325582495
0.999999000902273
0.999998100019729
0.999999639511344
0.99999863629911
0.9999998019506505
0.999999692663916
0.9999651747728747
0.9999770444738953
0.9999998231370164
0.9999995782048031
0.9999997340519415
0.999999709813285
0.9999978145029659
0.9999987456763676
0.9999896070602005
0.9999995551300975
0.9999992693218324
0.9999985490772734
0.9999994354821548
0.999999768869727
0.9999984219720847
0.9999991566729294
0.9999997404437747
0.9999996331022877
0.9999997285773113
0.9999997662787696
0.9999996966494561
0.9999998140467214
0.9999996257516981
0.9999978310882416
0.999998577034772
0.9999983546437878
0.9999996003007654
0.9999945656653674
0.9999994543617339
0.9999995357098594
0.9999992132574853
0.999999362042835
0.9999996801554781
0.9999986403535955
0.9999997318055113
0.9999975428291727
0.999999821249665
0.9999993432401639
0.9999996970357418
0.9999991958525639
0.9999988098507229
0.9999997786171184
0.999999782169462
0.9999979636584451
0.9999983771418582
0.9999980597467966
0.9999998030515884
0.9999997315804378
0.9999995389900344
0.9999900196626671
0.9999997186024865
0.9999996993306673
0.9999996752583098
0.9999997595360104
0.9999989458012358
0.9999997733843854
0.9999988483157655
0.9999997333690754
0.999999052057359
0.9999997006642837
0.9999995960381513
0.9999997005806851
0.9999995322333173
0.9999997107589973
0.9999997140669447
0.999998117560333
0.9999995431805999
0.9999997889045111
0.9999995499653997
0.9999994506399266
0.9999992382509754
0.9999997737790869
0.99999966410149
0.9999988496404134
0.9999996072131837
0.9999997724991323
0.9999993618947147
0.9999987709804409
0.9999998120910344
0.9999997629825762
0.9999992560927102
0.9999998380078203
0.9999997461437587
0.9999994331583683
0.9999934838038624
0.9999997663997318
0.9999987679749069
0.9999990248854755
0.9999998275082358
0.9999994244601679
0.9999996734211013
0.9999994385870987
0.9999992441996993
0.9999986720516058
0.9999994732482403
0.999999470107233
0.9999995257324988
0.9999994514415627
0.9999991798681033
0.9999989840824987
0.9999982669055517
0.9999995974764265
0.9999993993303908
0.9999997742915708
0.9999990272013282
0.999999349538283
0.9999983556071729
0.9999996789720098
0.9999981249296227
0.9999992356583949
0.9999996967805833
0.9999995114105006
0.9999976879012358
0.9999991775632299
0.9999998157332896
0.999999046549589
0.9999993632309367
0.9999995971844821
0.9999997864567867
0.999999238406025
0.9999994492613672
0.9999992032531698
0.9999994598942217
0.999999613801469
0.9999996964556631
0.9999985082137745
0.9999995629143943
0.9999994673276855
0.9999996820241048
0.9999996681459861
0.9999984413502194
0.9999987179557911
0.9999996777815245
0.9999985423345086
0.9999991031625589
0.9999996897428124
0.9999997572574613
0.9999997063979276
0.9999998118560642
0.9999654269256804
0.9999997549217557
0.9999997704616388
0.9999997026542452
0.999999471556192
0.9999993439065238
0.9999944560812022
0.9999714710062231
0.9999973827874884
0.9999995295827455
0.9999998146095376
0.9999996039044959
0.9999990877676951
0.9999992319772211
0.9999994770987624
0.9999990863625923
0.999998435130291
0.9999981596296676
0.9999996671770591
0.9999925955756457
0.9999997202364598
0.9999991598418319
0.999999180401774
0.9999992612885625
0.999999216438227
0.9999997300047448
0.9999995101250353
0.9999990877186254
0.9999997192296124
0.9999996326472016
0.9999992551249989
0.9999996353581827
0.9999994710264238
0.9999991257773712
0.9999996351487649
0.9999988987665112
0.9999968809661588
0.9999997187823272
0.9999987094831684
0.9999984960012392
0.999999528817395
0.999999454126525
0.9999976932422948
0.999999731804015
0.9999995638978071
0.9999997534591225
0.9999979244200424
0.9999994106739662
0.9999845182307011
0.9999996016117157
0.9999996269159713
0.999999019934604
0.9999993216301919
0.9999958700551422
0.9999996918762917
0.9999996008568651
0.9999996952788189
0.9999984226966356
0.9999987458386128
0.9999992074323458
0.9999996093847521
0.99999945990808
0.9999992979542891
0.9999995841437879
0.9999994806368078
0.9999894700743736
0.9999909239886281
0.9999996200198304
0.9999997963829694
0.9999994906680089
0.9999970247466926
0.9999997310664243
0.9999991944493414
0.9999994372970101
0.9999995846630056
0.9999995900412387
0.9999997051484103
0.9999997949880813
0.9998562663190519
0.9999996275953302
0.9999998170048934
0.9999996395735586
0.9999988803238694
0.9999993205978778
0.9999997109929442
0.999999727462098
0.9999988120448849
0.9999996390030713
0.9999996445629767
0.9999996178914882
0.9999992379175756
0.9999996629875553
0.999999622161981
0.9999991205828186
0.9999995188064822
0.9999993688482376
0.999992313799935
0.9999997667946896
0.9999983252129857
0.9999991280118226
0.9999992602641696
0.9999995585461531
0.9999997412633028
0.9999950527208528
0.9999991434949593
0.99999968908341
0.9999995047893888
0.9999764925343717
0.999999730800016
0.9999993831547165
0.9999991776497694
0.999999071790554
0.9999997537646513
0.9999997731638385
0.9999997145417625
0.9999996942210282
0.9999996598041401
0.9999986026165335
0.9999993558947814
0.9999985090580031
0.9999985983702755
0.999996967596014
0.9999948160419424
0.9999997081471892
0.9999863484662838
0.9999995176684344
0.9999996805963646
0.9999939719944169
0.9999989486273351
0.9999994836782812
0.999999338861471
0.9999997913298214
0.9999998074486331
0.9999993830081462
0.9999935299525795
0.999999541082066
0.9999990674695914
0.9999441626540166
0.9999998181326362
0.9999996214922241
0.9999991359662888
0.9999996775210909
0.9999995298355254
0.9999983871519491
0.9999994058401341
0.9999997485743829
0.9999985542888252
0.9999996549373068
0.9999970708425873
0.9999995598372031
0.9999995010377879
0.999999564666272
0.9999997109406638
0.9999996110327566
0.9999997202809088
0.999990264682651
0.9999992435634921
0.9999995937576568
0.9999995779833721
0.9999996308034218
0.9999980415261991
0.9999995427358253
0.9999993844955136
0.9999994195654435
0.9999995475303469
0.9999995760918041
0.9999965216875979
0.9999995801260286
0.9999996793290563
0.9999993281051786
0.9999995535378017
0.9999991405743924
0.9999996268616526
0.9999996936891266
0.9999995947569683
0.9999995836318075
0.9999997002409305
0.9999781771699414
0.999999821053663
0.9999976603006372
0.9999998134949437
0.9999989115271628
0.9999995205670799
0.9999993545955946
0.9999979421864967
0.9999996896827328
0.9999995218166333
0.9999995901684751
0.999996639666927
0.999995604296764
0.9999993150062868
0.9999993066148719
0.9999989319538698
0.9999997632372678
0.9999972475295307
0.9999995027635332
0.9999994246940573
0.9999985402171209
0.9999997177115286
0.9999992331108978
0.9999997149749258
0.9999993052805211
0.9999997749587626
0.9999959021577202
0.9999992936178231
0.9999996075345744
0.9999994299447384
0.9999990273406761
0.999999580163049
0.9999991009333483
0.9999990172304349
0.9999997396390022
0.9999989667601995
0.9999996123030445
0.9999993547939
0.9999993350187328
0.9999995838609567
0.9999997631461844
0.9999966975579185
0.9999995298195236
0.9999994795686419
0.9999996066358365
0.9999997591735926
0.999999831099965
0.999984104497097
0.9999996718095253
0.9999997861276652
0.9999995614494704
0.9999994791476128
0.9999996493662416
0.9999995984472214
0.9999993619256605
0.999999703956364
0.9999996098099608
0.9999993162725186
0.9999997922500603
0.999999119783189
0.9999991332400229
0.9999979606149769
0.9999991262646485
0.9999990718111611
0.9999995967497223
0.999999385446523
0.9999995938529899
0.9999996999201474
0.999999670760558
0.9999991761035525
0.9999996465610939
0.99999977497737
0.9999993351252495
0.9999981528885804
0.9999995242221523
0.9999981215959097
0.9999977313724021
0.9999996276319205
0.9999981055881031
0.9999977663251665
0.999999402981016
0.9999896858297607
0.9999992563991691
0.9999990048113354
0.9999996388502718
0.999999071297724
0.9999982059824563
0.9999995810013443
0.9999997733628989
0.9999971669541831
0.9999974231312833
0.9999994003595515
0.9999992407741131
0.9999995755609841
0.999999675729053
0.9999987947212242
0.9999997346622188
0.9999994682650759
0.9999996333216573
0.9999994432180813
0.9999994672237718
0.9999995900404425
0.9999997524840859
0.999996513855278
0.9999996550418077
0.9999994683880424
0.999999690756923
0.9999997242613514
0.9999997018936729
0.9999923005423492
0.9999989609039327
0.99999884083595
0.999999595875924
0.9999995360373554
0.9999998112736909
0.9999989863775861
0.9999995444719387
0.9998455861394633
0.9999997583781431
0.9999982799831726
0.9999990404433828
0.999992714519961
0.9999996775074628
0.9999997609300982
0.9999996334512065
0.9999997880953432
0.9999991850440938
0.9999995004856168
0.9999993320586614
0.9999954472995893
0.9999990498650487
0.9999996685622077
0.9999996802785226
0.9999992258977773
0.9999996530374311
0.9999998281141024
0.9999990185545171
0.999999400664888
0.9999997908531082
0.9999982002107664
0.9999995454102759
0.9999986900444469
0.9999996834229127
0.9999996153462879
0.9999991496865958
0.9999993809644889
0.9999997063719251
0.9999995198676302
0.9999997933758099
0.999998826622052
0.9999995650464337
0.9999994056367563
0.9999990771697116
0.9999996910356512
0.9999997988637784
0.9999996509709689
0.9999996851689926
0.9999994881719477
0.9999997790007771
0.9999994815440183
0.9999997736263814
0.9999993143309992
0.9999995989561002
0.9999997483899448
0.9999996132676411
0.9999994511072386
0.9999997410338353
0.9999991941247901
0.999999596429253
0.9999995995630067
0.999998693132522
0.9999997410092291
0.9999960263013229
0.9999986892989924
0.9999995246721609
0.9999997186691116
0.9999960632696944
0.9999995263645077
0.9999994593380548
0.9999996746894824
0.9999995527318745
0.9999993666366271
0.9999996808973903
0.9999977676326941
0.9999995494788325
0.9999991231120737
0.9999996248473721
0.999999608160256
0.999999674094253
0.9999981902380252
0.9999988532710568
0.9999990788031242
0.9999997359555328
0.9999851793937123
0.9999995607883336
0.9999996504304803
0.9999979894173641
0.999999763678803
0.9999992540707862
0.9999997407846695
0.9999997549443957
0.999987766463635
0.9999997516014639
0.999999501170542
0.9999996224384886
0.9999993498099954
0.9999977203511229
0.9999996341503589
0.9999994939300704
0.9999995086119647
0.999999650726649
0.9999992100266184
0.9999992550994479
0.9999994695099742
0.9999992852672425
0.999999541189653
0.9999997569101349
0.9999980175155442
0.9999998003143717
0.9999990203845944
0.9999993663971338
0.9999980984231306
0.9999996959835061
0.999999297164263
0.9999992957074447
0.9999996989126605
0.9999993156511956
0.9999997084710208
0.999999736165973
0.999999123611935
0.9999997451941499
0.9999979526522721
0.9999994298600176
0.9999997332214292
0.9999995611699425
0.9999997708171685
0.9999976897898446
0.9999994244110906
0.9999990918277616
0.9999969491761185
0.9999995178586659
0.9999990208297312
0.999998925124741
0.9999997076107868
0.9999998110477396
0.9999983326842284
0.9999974602364594
0.9999989856719558
0.9999993891042506
0.9999990015816754
0.9999995521224374
0.9999988263150191
0.9999997005393624
0.9999995237945819
0.9999746357471605
0.9999986666247109
0.9999996313108609
0.999999800498816
0.9999996377425687
0.9999996048491222
0.9999979246317083
0.9999996386256357
0.9999997044540453
0.9999995112406113
0.9999995052853878
0.9999994760616265
0.9999995755393177
0.9999997810774072
0.9999948205301296
0.9999995490558428
0.9999997310665872
0.9999994335514379
0.999997901888514
0.9999996346678455
0.9999994796734032
0.9999993845723322
0.9999992665824594
0.9999957304896215
0.9999996383567874
0.9999997916647161
0.9999993430855175
0.9999998179673462
0.9999969432126061
0.9999967918821673
0.9999996913935351
0.9999978650360248
0.9999995484351992
0.9999995959834659
0.999998251909594
0.9999992284520147
0.9999994631366546
0.9999990729571172
0.9999925203892306
0.9999996806056038
0.9999967673687822
0.9999998251218354
0.9999912558573121
0.9999979943064532
0.9999995526360121
0.999999569320868
0.9999997750592109
0.9999992464626736
0.999999055334083
0.9999997703280025
0.9999997938517183
0.9999997869347532
0.9999993708112841
0.9999994456120903
0.9999997861347496
0.9999991954454759
0.9999996685289647
0.9999996061421811
0.9999987184140608
0.9999993683806638
0.9999932440908379
0.9999996641830069
0.9999997630512248
0.9999996892895632
0.999998812783788
0.9999996505948656
0.9999974386073759
0.9999997895313426
0.9999989603626921
0.9999996071632197
0.9999992713861482
0.9999988501037421
0.9999995108998706
0.9999997502382446
0.9999997411953891
0.9999994025756577
0.999999333083365
0.9999995590101057
0.9999997050696046
0.9999994767870789
0.9999992541285267
0.999997022775799
0.9999998353449322
0.999999212322895
0.9999996251028771
0.99999983658705
0.9999995193671222
0.9999996778904595
0.9999996377474902
0.999999483952877
0.9999997594978024
0.9999997376591083
0.9999996645320137
0.9999825851263964
0.9999993271449084
0.9999950633330734
0.9999996547837546
0.99998737413989
0.9999996327099427
0.9999996177659695
0.9999992039126112
0.9999994257502508
0.9999989520123861
0.9999984100721009
0.9999979881420276
0.9999989016898833
0.999997822582539
0.9999997342087299
0.9999996525147162
0.9999997187475302
0.99999957295919
0.9999996336699428
0.999999559431764
0.9999995599390401
0.9999990104670738
0.9999990041474995
0.9999997830426662
0.9999982435680176
0.9999994147035216
0.9999996549458158
0.9999997787071904
0.9999990322959258
0.9999996487462351
0.9999997826229378
0.9999996276025843
0.9999995308661598
0.9999853460771344
0.9999983610074133
0.9999997776659061
0.9999997711720741
0.9999972796247221
0.9999997322312075
0.9999995564257359
0.9999996900421285
0.9999997899124557
0.9999902080357178
0.9999997393008234
0.9999994852546807
0.9999997359868074
0.9999963248544194
0.9999994688404199
0.9999996875289167
0.9999992935391586
0.9999997000554192
0.9999996076734655
0.9999997402780171
0.9999967034838705
0.9999993790076506
0.9999994639463677
0.9999996685496805
0.9999992044253735
0.9999995880568225
0.9999994134539311
0.9999997359361286
0.9999992363991282
0.9999996995996658
0.9999995464970036
0.9999994848675186
0.9999992145758853
0.9999996475601055
0.99999949360142
0.9999994475103346
0.9999992826385892
0.9999983007732727
0.9999995126335892
0.9999996862283856
0.9999995974537161
0.9999993946540239
0.9999903454905258
0.9999996282924782
0.999999773632512
0.9999997392460724
0.9999992077602364
0.9999963074914001
0.9999995415985452
0.9999996372167869
0.9999986336084546
0.9999969818924799
0.9999996891970817
0.9999995882908564
0.9999980807197838
0.9999997878867937
0.9999985201206896
0.9999997028980271
0.999999437559672
0.9999995460640241
0.9999995440214873
0.9999951619624011
0.999999594926185
0.9999992812326601
0.9999995091528093
0.9999925754440192
0.9999951013778917
0.9999977907510994
0.999999677883842
0.9999997872314118
0.9999997257777076
0.9999974530497235
0.999999441925733
0.9999997649391817
0.9999997242116088
0.9999994530841365
0.9999997963180346
0.9999997056982802
0.9999997423154644
0.9999996265924248
0.9999997504184543
0.9999989982085314
0.999998432649681
0.9999991958287433
0.9999982224403524
0.9999992640639764
0.9999996191406058
0.999999515385934
0.9999998067161205
0.999996772188259
0.999999657640583
0.9999997581221328
0.9999985535993509
0.9999974983565035
0.9999993008660506
0.9999992683937867
0.9999995784538105
0.9999942998149504
0.9999996379578171
0.9999946794879274
0.999999727161909
0.9999996932113009
0.9999995036632432
0.9999996801453686
0.9999998235635137
0.9999996750776459
0.9999994821569521
0.9999995923779094
0.9999993169284641
0.9999991028050866
0.9999998041574389
0.9999986991701874
0.9999995380605908
0.9999947267173802
0.9999998291540728
0.9999991498826504
0.9999995894941743
0.9999997353775989
0.9999986020455919
0.9999905903092917
0.9999996541720606
0.9999995005147814
0.9999994869341432
0.9999998088704567
0.9999996805181993
0.9999997721472166
0.9999996568841448
0.9999991173323943
0.9999998381843248
0.9999976301160307
0.9999995398206714
0.9999991018330948
0.9999991830372637
0.9999984461940319
0.9999692417376899
0.9999986504320167
0.9999989375496746
0.999999555655307
0.9999991549782754
0.9999995405976837
0.999998435025771
0.9999993793319975
0.9999996200628465
0.9999990903411047
0.999999427630397
0.9999997163634278
0.9999995760445971
0.999998592826221
0.999999610372737
0.9999921822317263
0.9999992247540613
0.9999996415898827
0.9999996072154771
0.9999997178884618
0.9999997203423456
0.9999996587733196
0.9999998420996723
0.9998564747905481
0.9999979825626771
0.9999991006398775
0.9999976693490779
0.9999996898147241
0.9999994653678888
0.9999993092896166
0.9999994324688968
0.9999997393339327
0.9999526165807441
0.9999997056443602
0.999999452277978
0.9999997351089669
0.9999994196781982
0.9999979594725232
0.9999990582831405
0.9999997506674969
0.9999997494103019
0.9999993746255597
0.9999994197464459
0.999999105496846
0.9999996742689474
0.9999995048486027
0.999999647374719
0.9999992517451517
0.9999991113213041
0.9999994663993627
0.9999993008350073
0.9999969786568332
0.9999994185230534
0.9999995650630283
0.9999996611476404
0.9999996497933877
0.9999998452482395
0.9999996131378128
0.9999929462242545
0.9999997739395067
0.9999993077887999
0.9999994409425296
0.9999983089944143
0.9999997235513907
0.999999558651569
0.999999818965468
0.9999993978026765
0.9999992995657923
0.9999991964108074
0.9999978876327926
0.9999995706670218
0.9999995094449393
0.9999992591442346
0.9999995965143924
0.9999989334856652
0.9999994867092132
0.9999995365996047
0.9999989166811574
0.9999854615354709
0.9999997734580941
0.9999997911419887
0.999999040749428
0.9999991338624779
0.9999996557326258
0.999988358740655
0.999999514750501
0.9999992717969999
0.9999998232973673
0.9999992337794423
0.9999971170113613
0.9999987125844809
0.9999997219560641
0.9999987108771029
0.9999991890881677
0.9999995940775421
0.999997156541773
0.9999996308178679
0.9999994509466772
0.9999994068798229
0.9999996533421939
0.9999996640207741
0.9999995892742075
0.9999993398248878
0.9999980286394321
0.9999997786998981
0.9999995014491504
0.9999998413591937
0.9999995095603086
0.9999952248360161
0.9999227192191236
0.9999994633021773
0.9999992951196569
0.9999989058489273
0.9999996778154235
0.999998805542374
0.9999996877174567
0.9999997703756908
0.9999993085451141
0.9999971380079857
0.9999997510156472
0.9999991127969343
0.9999991957131988
0.9999997540250274
0.9999992602006237
0.9999996772770081
0.9999996368260248
0.9999997861758764
0.9999989758190587
0.9999993353609693
0.9999996057225113
0.999999488980588
0.9999989983958183
0.9999996238828583
0.9999962031679838
0.9999996215814582
0.9999995359824212
0.9999995835533729
0.9999997811464375
0.9999998400705514
0.9999986900036705
0.9999987487510478
0.9999993361158862
0.999999265925159
0.999999641444203
0.9999997457051928
0.9999996855212124
0.999999398307706
0.9999998437045156
0.9999990756847075
0.9999995548245458
0.9999996169079932
0.9999997407222911
0.9998565955370217
0.9999997645625713
0.999999782646095
0.9999997530029447
0.9999996849519822
0.9999995374146581
0.9999987904601417
0.9999989462803744
0.9999998445988189
0.9999996217797972
0.999999804705453
0.9999995900783201
0.999975660133742
0.9999971424215068
0.9999994215611253
0.9999997546924159
0.9999994078150481
0.999999688823124
0.9999995516681038
0.9999995430604084
0.9999956591483475
0.999999412449827
0.9999990847392827
0.9999985215968079
0.9999994527534831
0.9999996972796067
0.999999658040174
0.9999997018711323
0.9999973119108075
0.9999981730663892
0.9999997617034264
0.9999954395701873
0.9999996222675842
0.9999996511956838
0.9999954002679843
0.9999951721813665
0.999833154218054
0.9999995485199533
0.9999993633137642
0.9999997680841884
0.9999994083932819
0.9999995546234491
0.9999997227147159
0.9999994875195656
0.9999947670113383
0.9999990666201768
0.9999997246347769
0.9999993496705527
0.9999996468786798
0.9999995100420771
0.9999974770110611
0.999998631456811
0.99999982754228
0.9999993411642375
0.9999997180860083
0.999999327583283
0.9999996531671506
0.9999741240056503
0.9999993611170443
0.9999996802495457
0.999996826728333
0.9999996015460375
0.9999991793698737
0.9999994422748026
0.9999995120700594
0.9999989627351354
0.9999991843506645
0.9999996919513353
0.9999992983552425
0.9999995967958721
0.9999997707210014
0.9999996248664691
0.9999981830010983
0.9999996339771812
0.9999993929717098
0.9999992643132053
0.999999581690497
0.9999992468773343
0.9999998142210549
0.9999996821610805
0.9999997156116867
0.9999996975427695
0.9999985279393122
0.999998655570245
0.9999997475068377
0.9999974552107259
0.999999437802337
0.9999994913227807
0.9999969015183757
0.9999994206450674
0.9999995707728276
0.9999995843129473
0.9999949783585552
0.9999995204352602
0.9999993609156678
0.9999996801206937
0.9999996089332271
0.9999985873848707
0.9999997262118739
0.9999956673666658
0.9999997616486223
0.9999994300968386
0.999999815856725
0.9999997272258537
0.9999990542771994
0.9999996027818377
0.9999995079073373
0.9999996814152077
0.9999985728654058
0.9999993755965941
0.9999995550631966
0.9999982219034257
0.9999996745913736
0.9999994613908937
0.9999997078420394
0.9999994831881635
0.9999996348855129
0.9999991664132619
0.9999973991691632
0.9999995956107789
0.9999996833701398
0.9999997915171843
0.9999995508704381
0.9999933182060718
0.9999997378286692
0.9999998634592648
0.9999997062973904
0.9999997639898399
0.9999934968881686
0.9999995478981801
0.9999997608491437
0.9999996751263419
0.9999993669056113
0.9999982225510333
0.9999994565557137
0.999995766602406
0.9999994996005287
0.9999995755644734
0.9999997027823242
0.9999990767981318
0.9999993125571174
0.9999995756973767
0.9999997319167777
0.9999979898751309
0.9999991391912618
0.9999995766013389
0.9999995340801181
0.9999997188070888
0.9999997399316162
0.9999971461325781
0.9999996629906508
0.9999968191728216
0.99999952778877
0.9999994148563508
0.9999986178896659
0.9999993786715602
0.9999992205454261
0.9999989849732547
0.999999260527241
0.9999996098586413
0.9999981665973268
0.9999988808983189
0.9999997257052741
0.9999996350560574
0.9999996746095359
0.9999995831313511
0.9999994835600143
0.9999998260568731
0.9999992156699516
0.9999996921650716
0.9999925822309509
0.9999996432741698
0.9999997532461263
0.9999997290385344
0.9999969607848885
0.9999996342104209
0.9999995965222144
0.9999971442047011
0.9999997628173386
0.999999578028861
0.9999990761565966
0.9999996946574935
0.9999996505757376
0.9999996847419133
0.9999992299011852
0.9999911166985002
0.9999985581833779
0.999998433668969
0.9999995066919938
0.9999995788031693
0.9995227559312546
0.9999994901255163
0.9999990183423713
0.9999996197263751
0.9999992959794592
0.9999990326627592
0.9999996578507732
0.9999988768329868
0.9999970412565643
0.9999995649837463
0.9999997260401329
0.9999992651777367
0.9999996128764027
0.9999994996990879
0.9999990366928152
0.9999988943698314
0.9999997157862258
0.999997613984361
0.9999986944446818
0.9999995846395981
0.9999994302499972
0.9999996798517397
0.9999997752473652
0.9999996120717636
0.9999997201438028
0.9999996166785994
0.9999996508911195
0.9999997272320867
0.9999998070166016
0.9999990661251347
0.999999634197759
0.999999575710406
0.9999961728037605
0.9999903792852304
0.9999996479471411
0.9999995495874461
0.9999996313111478
0.999998165902456
0.9999997991811936
0.9999997816479796
0.9999994728363913
0.9999980358513514
0.9999983252330065
0.9999991487344626
0.9999995477544262
0.9999996996783999
0.999999776073983
0.999999593126737
0.9999997702611266
0.9999988273315484
0.999999538182229
0.9999996857063558
0.9999994910364036
0.999999564701259
0.9999996239659823
0.9999986383853886
0.9999996512601264
0.9999996575165663
0.9999979019468793
0.9999995338855189
0.9999996784815885
0.9999992023152656
0.9999997139191258
0.9999977922125162
0.9999996988664361
0.9999994187113861
0.999999622545218
0.9999985586612419
0.9999994718407287
0.9999976917879142
0.9999998397135904
0.999996238726274
0.9999988230045085
0.9999995839563282
0.9999996720838573
0.999996427274633
0.9999991296964839
0.9999997751434829
0.9999971698266004
0.9999996401323482
0.9999993298729946
0.9999995963079781
0.9999997377651948
0.9999996205080262
0.9999994686489121
0.9999992746752192
0.9999995780755573
0.9999991911327877
0.9999997276892042
0.9999993657723552
0.9999992332236851
0.999996268839549
0.9999996941269413
0.9999971097730936
0.99999843151332
0.9999996229728934
0.9999996793488135
0.9999996564769903
0.9999997238728853
0.999999506148235
0.9999996088547216
0.9999996959482128
0.9999994879119242
0.9999998213913646
0.9999992017708104
0.9999997343393221
0.9999996242177092
0.9999992493418493
0.9999996920250177
0.9999996405844562
0.9999995837424239
0.9999783463465961
0.9999993107691764
0.9999996773431724
0.9999979747889279
0.9999989385422758
0.999999679210054
0.9999994972372613
0.9999993256168838
0.99999936526835
0.9999984047062188
0.9999992999054026
0.9999996248968108
0.9999997731058309
0.9999996534537341
0.9999986378643426
0.9999996122213766
0.999999619076683
0.9999997674212723
0.9999993450085195
0.999998673367723
0.9999997304217203
0.9999992815064562
0.9999996575344443
0.999999458030435
0.999999033430827
0.9999997003794672
0.9999994738628581
0.9999993321657255
0.9999997444915009
0.9999990610236856
0.9999996742600539
0.9999996993272109
0.9999947122262582
0.9999996029818905
0.9999973279788257
0.9999991482286671
0.999994017774402
0.9999995875328687
0.9999974351027334
0.9999997604828594
0.9999996098681031
0.9999996451968753
0.9999997385836725
0.9999996978127286
0.9999993185189091
0.9999985842418333
0.999999145545817
0.9999973296188739
0.999999810466453
0.9999997980409115
0.9999993165244355
0.9999996367180466
0.9999995823572555
0.9999996896179113
0.9999994073416268
0.9999986232609196
0.9999996919663485
0.9999994509194614
0.9999985801752889
0.9999956294807616
0.9999996234484768
0.9999997704768724
0.9999976675158323
0.9999993161777241
0.9999997157643765
0.9999984735553011
0.9999996078281772
0.9999971306371672
0.9999908951990368
0.9999996324700421
0.9999997901906389
0.9999828138384885
0.9999996899974368
0.9999969989266302
0.9999997278991358
0.999997897171271
0.9999994121976887
0.9999996483790299
0.9999992260476571
0.9999996773851694
0.9999996111949094
0.9999995788581266
0.999999493596798
0.999999709178622
0.9999990951999966
0.9999996269035574
0.9999993745977077
0.9999996518712321
0.9999995391326036
0.9999990971971849
0.9999991610111799
0.9999946954686482
0.9999993786713874
0.9999992286032593
0.9999993025167192
0.9999995248562026
0.9999997824746693
0.9999997298821386
0.9999995691216583
0.9999989227822765
0.9999956334950997
0.9999995131672236
0.999998951747236
0.9999997421228727
0.9999997999408143
0.9999994452304712
0.9999996914706658
0.9999989562457045
0.9999997384211048
0.9999979992997743
0.9999994170150268
0.9999998481408174
0.9999987888006892
0.9999997843661803
0.9999997033130219
0.9999995034328936
0.9999996411926614
0.9999787993358351
0.9999995839664597
0.9999993229248437
0.9999997904677144
0.9999996765387443
0.9999997249354129
0.9999991129517114
0.9999997120129531
0.9999980211406302
0.9999749360324657
0.9999998014207662
0.9999991033140269
0.9999996527416964
0.9999978562583111
0.999999455621275
0.9999992671548845
0.9999993256038354
0.9999994594525181
0.9999992087569618
0.9999984764960034
0.9999981723960756
0.9999997525360621
0.9999933160152609
0.9999997185489159
0.9999988416719842
0.9999993347810577
0.999999635358768
0.999998743331488
0.9999972551935746
0.9999996847303863
0.9999997265758843
0.9999994555287002
0.9999995842850838
0.9999996767991103
0.9999991077435807
0.9999995638448039
0.999999607664781
0.9999998115291714
0.9999990995536447
0.9999990280579463
0.9999990982406771
0.9999989493870779
0.9999991457070512
0.9999993209911158
0.9999995832758758
0.9999996860846132
0.9999990213309615
0.999999062904855
0.9999984273990136
0.999999715563579
0.999999631545593
0.9999997229936827
0.9999998373609137
0.9999997179315339
0.9999994716211061
0.9999997464190353
0.9999993415132958
0.9999995651199416
0.9999992725132967
0.9999996377060851
0.9999996105242897
0.9999991322909558
0.999999544772751
0.999997645729276
0.9999986462583802
0.9999983789264105
0.9999997810685325
0.9999992212571953
0.9999993952145777
0.9999992809844379
0.9999993897164943
0.9999997158667987
0.9999997481331359
0.9999990983865397
0.9999995321112715
0.9999996285295716
0.999997089883034
0.9999979427637424
0.9999995805145033
0.9999996493318661
0.9999998139235611
0.9999996877527697
0.9999992642878951
0.9999960080223318
0.9999998345589675
0.9999996450299637
0.9999932681850698
0.9999994786850294
0.9999992188676248
0.999999639593084
0.9999994622281567
0.9999919234918396
0.9999997816761184
0.9999835515338065
0.9999995250028616
0.9999994275298806
0.9999986641592334
0.9999995535698712
0.9999955029986229
0.9999997501156586
0.9999997695333814
0.9999996974122715
0.9999993701801975
0.9999966392926435
0.9999976776410201
0.9999992671445921
0.9999995152325699
0.9999991390756492
0.9999997087576452
0.9999942264946288
0.9999983747905065
0.9999996652811864
0.9999987517842509
0.9999955768403546
0.9999997028233618
0.9999982115195104
0.9999990824606947
0.999998588814502
0.9999968971586252
0.9999977706592937
0.9999997700958784
0.9999996985229199
0.9999992690102988
0.9999966308134658
0.9999996745453835
0.9999981373621355
0.9999994856470102
0.9999986629951364
0.9999994473947834
0.9999996609288605
0.9999985575978491
0.9999998198031921
0.999999741641463
0.9999998123638134
0.9999228426137333
0.9999997188413643
0.9999988622838032
0.9999997499139547
0.9999991542049974
0.9999997100490312
0.9999987352943512
0.9999997104506356
0.9999835261275418
0.9999993484422842
0.9999944995867076
0.9999972020756369
0.9999996787292199
0.9999996968515614
0.999999189361787
0.99996993022612
0.9999971477658189
0.9999991517154853
0.9999997304921319
0.9999997194067197
0.9999990303361008
0.9999997082769428
0.9999993154248722
0.9999998029446285
0.999999642425104
0.9999966556893227
0.9999993132697905
0.9999940656046294
0.999998890489176
0.9999977731216172
0.99999959828571
0.9999992800579681
0.9999835469360282
0.9999996094246016
0.9999994172558975
0.9999995596896988
0.9999996280309456
0.9999997608148121
0.9999993315350483
0.9999996001661487
0.9999995043884518
0.9999998010435789
0.9999992741399688
0.9999992007297425
0.9999995664465242
0.9999997525725761
0.9999996458461862
0.9999993742298712
0.9999995190062884
0.9999990170107422
0.9999990415597972
0.9999996392208965
0.999999797135925
0.9999996143878115
0.9999982990712775
0.9999982905574198
0.9999860872793473
0.9999994246191861
0.9999978456520646
0.9999991718386191
0.9999996158205241
0.9999991546947654
0.9999932566519922
0.9999996786183313
0.9999997736331486
0.9999997006536141
0.9999997358897242
0.9999995557683852
0.9999997767636503
0.9999987650049439
0.9999997864817268
0.999999555206012
0.9999988360538117
0.9999984903781294
0.9999997777317298
0.9999994308150144
0.9999995599607736
0.9999996265547203
0.9999995994873637
0.9999996956348176
0.9999987927735134
0.9999997067650881
0.9999995701442449
0.9999994416783484
0.9999995716167193
0.9999986387956376
0.9999994525750106
0.999999648784334
0.9999997023834963
0.9999957328780013
0.9999993438600375
0.9999995984779105
0.9999996775523415
0.9999997755543298
0.9999996158006357
0.9999997325778366
0.9999997435794785
0.9999991400215447
0.9999996545298883
0.9999998277917604
0.9999997400576546
0.9999997297973705
0.9999997431003025
0.9999993416395947
0.9999964287981163
0.9999994981081982
0.9999997091943353
0.9999996875974101
0.9999995374602983
0.9999994350957351
0.9999996054290554
0.9999953955955108
0.9999995429982309
0.9999991449258788
0.9999995115660277
0.9999947514698618
0.9999998001357489
0.9999993943811826
0.9999989714546464
0.9999992848226452
0.9999997369560123
0.999999499953773
0.9999992063206702
0.9999996144200245
0.9999995350136194
0.9999997766536926
0.9999993659711673
0.9999997625992005
0.9999994644137487
0.9999991593092776
0.9999994497625941
0.999999731988775
0.9999985245642706
0.9999993916554294
0.9999991671937004
0.9999997128509088
0.9999992442975817
0.9999989373798649
0.9999995275368613
0.9999991956496
0.9999983133732688
0.9999987809290045
0.9999992104443335
0.9999997822519551
0.9999998478694617
0.999996619072111
0.9999990552180795
0.9999997064682363
0.9999995186421716
0.9999995331092613
0.9999997239420902
0.9999996100940115
0.9999993927987537
0.9999974230206604
0.9999995666906794
0.9999997856366925
0.9999993664530473
0.9999984530108391
0.9999996697232563
0.9999998170256403
0.9999996313268413
0.9999996119376688
0.9999997354127704
0.9999868357376924
0.9999953887075204
0.9999996861786542
0.9999996742543186
0.9999991210576653
0.9999997171175086
0.9999970288632428
0.9999994509531925
0.9999996576366684
0.999999700111186
0.9999992122233173
0.9999981197139971
0.9999996958177293
0.9999996344189981
0.9999995502385616
0.9999995626782012
0.9999993165111989
0.9999990754289314
0.9999996286488761
0.9999996387571161
0.9999997163568888
0.9999994669587209
0.9999975090370113
0.9999996831514829
0.9999997471809332
0.9999996302841867
0.9999997770176469
0.999997842843842
0.9999995427264757
0.9999993943248744
0.9999993144391272
0.9999995037889121
0.9999997020995908
0.99999978866155
0.9999994126571758
0.9999990043303553
0.9999988028491886
0.9999998356716161
0.9999987257378409
0.999999200027621
0.9999995975486398
0.9999994637504838
0.9999996426684256
0.9999994772123937
0.999996954328715
0.9999997240904452
0.9999982298684605
0.9999996642547521
0.999998672140181
0.9999985047898772
0.9999994719875229
0.9999986661804591
0.9999996556830527
0.9999945024589172
0.9999994918757367
0.9999158220700783
0.9999994400693833
0.9999994086783619
0.9999995552903987
0.9999995575694993
0.999999471375682
0.9999996715806302
0.9999997506598499
0.9999990833487512
0.9999995992803431
0.9999997116748351
0.999999741431318
0.9999996920280482
0.9999996644421744
0.9999800504337686
0.9999996744714836
0.9999994831653971
0.999999751392815
0.9999996650783473
0.9999982570721908
0.9999991835883871
0.9999995912547489
0.999999671118024
0.9999988136614092
0.9999992744025838
0.9999996252652344
0.9999997073249646
0.9999997928741506
0.9999996628273174
0.9999986090616629
0.999999385752743
0.9999997460716425
0.9999983981694421
0.999999192195856
0.9999993388948961
0.999999753833098
0.999991173105449
0.9999987941592822
0.9999925995749654
0.9999996914214262
0.9999994078990779
0.9999997606252039
0.9999996612811415
0.9999994403321698
0.9999997344558587
0.9999997375368876
0.9999991420618957
0.9999993682321718
0.9999996753296045
0.9999975435303751
0.999999609129668
0.9999990454436174
0.9999986346616105
0.9999995029296567
0.9999994886962543
0.9999996012494791
0.9999995987898064
0.99999912467255
0.9999996681515234
0.9999996386312517
0.9999994856491101
0.9999990556974127
0.9999997283450048
0.9999986920750419
0.9999994679396859
0.999999101101096
0.9999998425491303
0.9999997132939186
0.9999988771470714
0.9999983262271291
0.9999993773557803
0.9999997199544839
0.9999983106013629
0.9999994331817872
0.9999974590151962
0.9999965144593767
0.9999995711373044
0.9999997359792123
0.9999994368863331
0.9999997156645398
0.9999995970702049
0.999999784249201
0.9999995359229255
0.9999992840115997
0.9999995508003136
0.9999993510373293
0.9999994814465633
0.9999997091365543
0.9999997549543979
0.9999995828128341
0.9999995433982884
0.9999996519765239
0.9999992225006481
0.9999995718115662
0.9999990520765026
0.9999997488476323
0.9999980836365684
0.9999990285397155
0.9999997440966263
0.999999533844977
0.9999998002955806
0.9999997066712314
0.9999954332133728
0.999999104431408
0.999999267357181
0.9999993407400563
0.999999195781888
0.9999956011232436
0.9999991748167792
0.9999995421561347
0.9999996165959101
0.9999995630847507
0.9999994971682791
0.9999998042072311
0.9999997413984882
0.9999976956513217
0.9999991112204811
0.9999951524247909
0.9999985670071764
0.9999996189981196
0.9999837555779084
0.999999661334219
0.9999995741520218
0.9999991090870698
0.9999995417028292
0.9999977480260952
0.9999995437603069
0.9999996079851462
0.999999638498283
0.9999997925159877
0.999999041081138
0.9999996494029995
0.9999997100432886
0.9999996139869626
0.9999997657551656
0.9999995604909909
0.9999987880041995
0.999999701498892
0.9999993399285981
0.9999997732520649
0.9999997968475823
0.9999996602514478
0.9999988676167647
0.9999996103058142
0.9999992853694366
0.9999991937878758
0.9999997761702076
0.9999954544370969
0.9999995669521289
0.9999981554500316
0.9999997753917415
0.9999995917028583
0.9999997644390575
0.9999988169122553
0.9999992041044186
0.9999995678809701
0.999999702204618
0.9999994378425235
0.9999996935534379
0.9999994137091954
0.9999994774318771
0.999999442560533
0.9999991317807617
0.9999993566022589
0.9999993173790214
0.9999985548526975
0.9999987532355947
0.9999996032106191
0.999999630467185
0.9999978467940908
0.9999998064729702
0.9999979817004477
0.999997796709889
0.9999997104535504
0.9999994865483512
0.9999997061897882
0.9999998320295767
0.9999997305147595
0.9999998087295006
0.9999978622660388
0.999998836844929
0.9999929438889487
0.9999996380327031
0.9999996407198444
0.99999973363803
0.9999997606402546
0.9999992032067035
0.9999989886032076
0.9999993021425735
0.999999496971845
0.9999975752599682
0.9999971343855915
0.9999996841790763
0.999999648858724
0.9999995095311603
0.9999952128262034
0.9999965808751018
0.9999994649309124
0.9999988373946975
0.9999997544579623
0.9999994897524026
0.9999992845660344
0.9999994472813373
0.999996595762683
0.9999997937441336
0.9999987198909042
0.9999997728004857
0.9999983522694154
0.9999957815677216
0.9999989457684667
0.9999988258197852
0.99999969123232
0.9999987564898439
0.9999995360376026
0.9999990400197302
0.9999760730444477
0.9999993821304562
0.9999994133665177
0.9999994843249697
0.9999982102422253
0.9999993976127861
0.9999996768114593
0.9999993764861344
0.9999989490568362
0.9999994943845144
0.9999994824993106
0.9999997886338442
0.9999991799756326
0.9999991882584546
0.9999489626458141
0.9999994208090406
0.9999993978891437
0.9999993307473171
0.999998479530912
0.999999480987023
0.9999991228731347
0.9999988429599834
0.9999993509598295
0.9999997488002664
0.9999996141604642
0.999997968602396
0.9999997196085719
0.9999994317118454
0.999999467802422
0.9999998328122512
0.9999996723785768
0.9999994163531972
0.9999995741164033
0.999999577920529
0.999999237581716
0.9999997677347573
0.9999975443890404
0.9999996473863444
0.9999995508165275
0.9999995861107174
0.9999984729223411
0.9999996170798061
0.9999995600051769
0.9999782966338089
0.9999997187122356
0.9999993776444244
0.9999998173091327
0.9999991424951472
0.9999924048554784
0.9999981785183767
0.9999996305542465
0.999999275326511
0.9999993873948533
0.9999996074893035
0.9999992792196548
0.999998935114837
0.9999997813215373
0.999999674199318
0.9999853132524473
0.9999992571947285
0.9999997846600568
0.9999997231328158
0.9999989886167733
0.9999997576477426
0.999999796283687
0.9999994579408488
0.9999997644538874
0.9999960647369317
0.9999998127527735
0.9999997344408362
0.9999997634870007
0.9999969295725583
0.9999993419288724
0.9999975153990248
0.9999973250656704
0.9999997165633411
0.9999997210183622
0.9999753406051567
0.9999996949962157
0.9999996319614133
0.9999977306135496
0.9999936032125653
0.9999996709696365
0.9999998190045335
0.999999748571492
0.999999660916074
0.9999996565327774
0.9999996167972502
0.9999997529403621
0.9999993704426372
0.9999996817226752
0.9999997840393703
0.9999997055556992
0.9999990623527728
0.9999996366128134
0.999999272690556
0.9999996679204867
0.999999342348756
0.999999147968553
0.9999992948371057
0.9999995611739065
0.9999993724455687
0.9999993348804456
0.99999922173101
0.9999996425218683
0.9999997076400929
0.9999085431262392
0.999999453945803
0.999998917805933
0.9999990256399411
0.999999586965204
0.9999986587405996
0.9999996424860157
0.99999946742013
0.9999996784233453
0.9999997924693215
0.9999993156902142
0.9999983508589604
0.9999985048548354
0.999999118951582
0.9999996405558875
0.9999996283181388
0.9999997185277065
0.9999995380600887
0.9999975870484836
0.9999994481394838
0.9999997070905791
0.999999724075431
0.999999618001737
0.9999996023323963
0.9999995841595167
0.9999988135766583
0.9999992284689564
0.9999969788618426
0.9999997313599341
0.999999750546217
0.9999663514711623
0.9999992993350484
0.9999997689252772
0.9999997122826422
0.9999996138023982
0.9999995786613116
0.9999998263368215
0.9999997129761871
0.9999991779912063
0.9999997542656551
0.9999997628952666
0.9999977692311134
0.9999489082916321
0.9999995187224286
0.9999997389434806
0.9999998007569415
0.9999996328164769
0.9999995610084768
0.9999997058753505
0.9999998411288695
0.9999995541219344
0.9999997308595004
0.999999831000251
0.9999976489624044
0.9999996921987124
0.9999997992007772
0.9999997244317312
0.9999998134950976
0.9999993045769412
0.999999648139405
0.9999980726735761
0.9999989831323142
0.9999994538790626
0.9999966915021543
0.9999994025299989
0.9999995493218017
0.99999970844349
0.9999678258020633
0.9999994170547826
0.9999996859797813
0.9999997177337615
0.9999960857046921
0.9999978286635093
0.9999993856352216
0.9999994024381339
0.9999997496620467
0.9999991440344069
0.999999674866466
0.9999997991162584
0.9999975734688697
0.9999998026865561
0.9999995512675242
0.9999997654837856
0.9999990900424629
0.9999997876006195
0.9999997910297981
0.9999997225299608
0.9999996520441331
0.9999996661926122
0.9999995872182793
0.9999990584813654
0.9999991243891766
0.9999997283972968
0.9999996430999426
0.9999997577626425
0.9999998084335543
0.9999990408196517
0.9999996928312087
0.9999997330401306
0.9999997249633745
0.9999994112321435
0.9999985869759397
0.9999979673737156
0.9999995638477135
0.9999995909415224
0.9999995310888048
0.9999997435620933
0.9999996259101752
0.9999993325420145
0.9999997007425067
0.9999997019298581
0.9999988429376695
0.9999988322451343
0.9999993258540361
0.9999995924473639
0.999999538452143
0.9999989361407738
0.9999992238659848
0.9999988835728085
0.9999994235499727
0.9999994897681123
0.9999992735224765
0.9999997776729258
0.9999995878886915
0.9999990415647318
0.9999997031721166
0.9999997050050639
0.9999956116987512
0.9999991513098125
0.99999950474604
0.9999980637251611
0.9999984251039025
0.9999972684528882
0.999999362442716
0.999999840094349
0.9999995784980985
0.9999983900229229
0.9999997380989298
0.9999995314736836
0.9999996166812436
0.9999997500913343
0.9999998274115468
0.999989630720803
0.9999996538144407
0.9999982045189836
0.9999996085331574
0.999998713362799
0.9999997057539685
0.9999982386436668
0.9999997054053613
0.9999987172613348
0.9999998234495409
0.999999706498684
0.9999993329069923
0.99999956694177
0.9999993544815832
0.9999975420651545
0.9999992004880116
0.9999995861478734
0.9999996880013817
0.9999992706124088
0.9999997772859419
0.9999990514822159
0.9999994564874723
0.9999994812122381
0.9999996784727967
0.9999993894808041
0.9999997432484251
0.999999707479885
0.9999975626782779
0.9999992135111296
0.9999995632942347
0.9999991812227889
0.9999989984348782
0.9999995349735161
0.9999994446331492
0.9999972606429355
0.9999981417674257
0.999999033084547
0.9999993014891865
0.9999997386053143
0.9999997456730784
0.9999993831049675
0.9999997361301373
0.9999987787732603
0.999997802925197
0.9999995762246856
0.9999995059463015
0.9999995429475615
0.9999968322848997
0.9999993018735185
0.9999938880043757
0.9999986975493361
0.9999964892442181
0.9999973382237272
0.9999998189285345
0.9999968761802291
0.9999996731883282
0.9999983635473191
0.999999723633455
0.9999951558347207
0.9999994210319814
0.9999997147033499
0.9999992685949325
0.9999997145325331
0.9999993720458787
0.9999994075786456
0.999999323762818
0.9999996428391406
0.9999997314319167
0.9999997062721598
0.9999997710092864
0.9999997063399244
0.9999997255506062
0.9999997785637135
0.9999997014535745
0.9999995961852113
0.9999992230868398
0.9999994204242143
0.999999429766926
0.9999996643260101
0.9999994244545605
0.9999981176837904
0.9999983565535785
0.9999997231965001
0.9999995419819296
0.9999995741576572
0.9999997535956765
0.9999986985400556
0.9999994529965279
0.9999996833943801
0.9999992767699026
0.9999993078260276
0.9999997822501134
0.9999997967569653
0.9999991909773897
0.9999992305028629
0.9999995551256892
0.9999995280512665
0.9999973938569839
0.9999996232748648
0.9999997783175624
0.9999997474630445
0.9999990976017931
0.9999995649585841
0.9999997432963919
0.9999991542695356
0.9999954557753549
0.9999993257155115
0.9999948364702707
0.9999990468467373
0.9999988846460153
0.999999549262689
0.9999996027447771
0.9999996684217818
0.9999997789505428
0.9999988467228446
0.9999992943177062
0.9999997412749255
0.9999996794370826
0.9999955990774909
0.9999996082109985
0.999999002338841
0.9999994159893127
0.9999996749690018
0.9999996744457619
0.9999965298143882
0.9999994072358463
0.9999984536226225
0.999984117749568
0.9999994840974172
0.9999994719140105
0.9999994528301022
0.9999996372243286
0.9999912546733806
0.9999995168537572
0.9999996219559453
0.9999996083860975
0.9999997151665778
0.9999986046459768
0.999999768250263
0.9999988959830781
0.9999993059011596
0.9999804764365114
0.999999331361676
0.9999994800612674
0.9999997070535828
0.9999993445515445
0.9999997835698037
0.999999500983623
0.9999995852726145
0.9999985583316253
0.9999862784407022
0.99999651195323
0.9999994554965803
0.999997625595015
0.9999996912971201
0.9999997803202944
0.9999996251386524
0.9999997061298952
0.9999993706151401
0.9999993801342228
0.9999459125695462
0.9999997627169275
0.999999714467481
0.9999943003300567
0.9999993446495933
0.9999997943724708
0.9999997807739636
0.9999996096933125
0.9999998554968694
0.9999988241677966
0.9999996818266372
0.999999602463431
0.9999989891481063
0.9999996583644353
0.999999826676599
0.999998864930848
0.9999991075303327
0.9999997515342067
0.9999994793320695
0.9999997235866397
0.9999997236283443
0.9999994796666662
0.9999996240421503
0.9999995279569581
0.9999994425301562
0.9999996732816603
0.9999964155097026
0.999999706175402
0.999999600271203
0.9999994606538184
0.9999990878890568
0.9999996296014128
0.999999253970107
0.9999982312250839
0.9999895968899551
0.9999983825347242
0.9999990974882262
0.9999988303176568
0.9999997062949821
0.9999990047105853
0.9999996400526542
0.9999980497813475
0.9999976889269439
0.999999346738105
0.9999997028112342
0.9999974711083515
0.9999989713384917
0.9999997069085291
0.9999977231785853
0.999999388351022
0.9999986825030501
0.9999995029054277
0.9999979378419093
0.9999991205142339
0.9999987968839485
0.9999994856736321
0.9999998242238061
0.9999991945254559
0.9999998144479035
0.9999997949097414
0.9999996772120282
0.9999995386395911
0.9999995707124653
0.9999995166161334
0.9999996480350115
0.9999997792839153
0.9999995889722111
0.9999989364831084
0.9999995704924696
0.9999996161847526
0.9999996833329982
0.9999983206094395
0.9999949338657116
0.9999995202147463
0.9999979593776821
0.9999987636816937
0.999990829499001
0.99999968113246
0.9999997790740422
0.9999993896362634
0.9999983225089526
0.9999997565107239
0.9999997487831931
0.9999995683614126
0.9999997852180208
0.9999991272163351
0.9999965201259804
0.9999996654790124
0.9999997685497843
0.9999990685921132
0.9999997856191831
0.9999998477626892
0.9999995616716062
0.999999666683024
0.9999994197172314
0.999999769178232
0.9999957366296198
0.9999996237510026
0.9999992091792518
0.9999885996779859
0.9999996005061655
0.9999993830891871
0.9999995086223068
0.999999652317533
0.999998712740059
0.9999995676316803
0.9999987146398212
0.9999995464560775
0.9999991674708381
0.9999995358324301
0.9999963145445857
0.9999997284575338
0.9999994872540245
0.9999972065493862
0.9999893369223805
0.9999991688222435
0.999999709751375
0.999992866573928
0.9999994820609622
0.9999996909021385
0.9999996656675395
0.9999996423186818
0.9999997408074219
0.9999996841871711
0.999999511509847
0.999999491339856
0.9999865198335408
0.9999996981964288
0.9999990310114996
