1.000000104503197
0.9999994177554389
1.0000009408448807
0.9999996944306347
0.9999991823175609
0.9999999662816209
1.000000005313659
1.0000003713850094
0.9999999247930046
0.9999999283787279
1.000000021685805
0.9999999303254258
1.000000111745212
0.9999996831936574
1.0000005393339237
1.000000069870389
0.9999999387970778
0.9999993378806313
1.0000001013534625
1.0000000972217007
0.9999999935358822
1.0000007869389829
1.0000009545079653
1.00000003001373
0.9999995762363817
0.9999999361391301
1.0000010814318734
1.0000004195539318
1.000000011160849
1.0000000142438528
1.0000009173416429
1.0000000003847713
1.0000000510370652
1.0000002740158427
1.000000516512134
0.9999988866520622
1.00000061927333
0.9999999152514748
1.0000000519087893
0.9999985885603104
1.0000001245430112
0.9999985711551683
1.0000002839546058
1.0000000177832316
1.000000616949238
1.0000012429408724
0.9999998851818349
0.999971745819872
0.9999994822691015
1.0000000020228272
1.0000001017460047
1.0000003266800839
0.999999922124687
1.0000005081156338
1.0000002394362155
1.0000001617646326
1.0000000571149152
1.0000001551767443
1.0000001397074658
0.9999984894844067
1.0000001146783095
1.000001684307952
0.9999995177327251
0.9999999814191619
0.9999989816530482
0.9999988891655223
1.0000001242023082
0.9999998919689871
1.0000000207840423
0.9999999266229054
0.9999990581764274
1.0000001316538734
1.0000000199691423
0.9999999248293188
1.000000019460375
0.9999990937169503
0.9999993934541253
1.0000000986591675
1.0000001720738931
1.0000005053831706
0.9999993070715834
1.0000002139262323
1.000000893402956
1.0000000448460113
1.0000136621266678
0.9999973621545676
1.0000001972396164
0.9999998040773589
0.9999972144577031
0.9999992710283997
1.0000000896693368
1.0000000673285514
0.9999994586723389
1.000000065223886
1.000000935348772
1.0000001520638462
0.9999994477046354
1.0000001787337196
1.0000000647726812
1.0000000776192786
0.9999998162263943
0.9999997492280102
1.0000000740418418
0.9999996217909448
1.0000000606096309
0.9999999616737685
1.0000001755608514
1.0000000566579148
1.0000000186840712
1.0000001661647107
1.0000016914055994
0.9999999294431714
1.0000027259302375
0.9999999966019256
0.9999997915425047
0.9999998437305279
1.0000000535038764
1.0000059726225536
1.0000001100112041
0.9999995514943991
0.999999829595242
1.0000001747447653
0.9999992522940215
1.0000003258571828
1.0000001051845964
1.0000001622903083
1.0000003906766552
1.0000003268610975
1.0000039226755768
0.9999998835350035
0.9999990591892934
1.0000000866034815
0.9999998594838124
1.0000002721419998
0.9999999831155502
1.0000002737431635
0.9999985109518228
0.9999999592152845
1.0000006743596557
1.0000000105034441
0.9999996711976704
1.0000005005978292
1.000001124073862
0.9999750613895905
1.0000000400721212
1.0000000144719472
1.000000025156743
1.0000000217258447
1.0000007457042648
0.9999968147241053
0.9999998301229173
0.9999978974497283
1.0000001006097778
0.9999999913061745
1.0000000865499978
0.9999996791976911
0.9999998819141138
0.9999998606965663
1.0000000374621925
1.0000000278429775
1.000000114050908
0.9999997510975356
1.0000000315381046
0.9999996313454106
1.000000386206845
1.000000039541738
1.0000001938062033
0.9999999288335387
0.9999998943557586
1.0000000729963126
1.0000002610790466
1.000000207210736
1.000000208492126
1.0000001325818324
0.9999999887833004
1.000000012663538
1.0000001374628888
0.9999999995167018
1.0000000338834119
0.9999999406470288
0.9999870993785881
0.999999870746086
0.9999997457567732
0.9999982373756939
1.0000000230519066
0.9999999489715403
0.9999856790726708
0.9999971428616147
1.000000965792991
1.000000108331093
1.000000008587515
1.0000000433961405
1.0000001171099688
0.9999999203887829
1.0000005113012764
1.0000014055681565
1.000001066930425
1.0000010185548414
1.0000003635446697
1.0000001365196927
0.9999978043340486
1.0000000622790872
1.0000000383867855
0.9999998802870681
0.9999999991929087
1.000000231752418
1.0000011380070861
0.9999996909670101
0.9999999107086281
0.9999985589823305
1.0000010223129114
1.0000000368831903
1.0000000119471488
0.9999991977186489
1.0000017787536533
0.9999996294712572
1.0000000868423566
1.0000010907163877
0.9999981691946761
1.0000005761122188
1.0000000768208213
1.0000001241310577
0.9999999218721899
0.9999991598570891
1.000000019517502
1.0000000273338727
1.0000010118305167
1.0000001669669827
0.9999997367452239
0.9999979023911627
0.9999983124129803
0.9999959663906447
0.9999999764905189
0.9999998713975269
1.0000000760982033
1.0000006124793706
1.0000001820539963
0.9999999507949736
1.0000000839891852
0.9999970497848613
1.0000003150963366
1.0000000729242193
0.9999997634157167
0.99999983077471
1.0000005087053905
1.0000000388846515
0.9999997577006311
1.0000018753274071
0.9999946421026541
0.9999999798806491
1.0000017250260773
1.0000000050790245
0.9999999044138532
0.9999992765100743
0.9999971506851996
1.0000010134566926
1.0000000105393068
1.0000000725089613
1.0000000463580423
0.9999999540331141
1.0000003997381681
1.0000001102959748
0.9999999856175806
1.0000001053282885
1.0000000776973488
1.0000005247173622
1.0000002918211102
1.0000002582892504
0.9999998908759974
1.000000100046545
1.0000000639020292
1.0000000462955159
1.000000092623314
0.9999999104890306
1.0000000724259859
1.0000008372661529
1.0000000490504792
1.0000004317481668
1.0000007558465405
1.0000000619463403
1.000000662449375
0.9999999875592233
1.0000002652908295
1.0000000363380086
0.9999994758401636
0.9999993091921922
0.9999980709989836
1.0000002519883597
1.000000236564298
1.0000000663488622
0.9999995027488702
1.0000001215872956
1.0000000829466273
0.9999998747199084
0.9999993827256386
1.0000003672863118
1.0000000628123629
0.9999997141915742
0.9999988356763505
0.999999892326193
1.0000001566208123
1.0000000007536216
1.0000004221333412
1.0000001529331648
1.0000004212894433
1.0000004925918307
0.9999996811450614
0.9999999827957338
0.9999993467119165
0.9999998467303303
0.9999995213473769
1.000000221643681
0.9999984433201923
0.9999999098507005
1.0000000679380467
1.0000000137138576
1.0000000567121865
0.9999999934214056
1.000000173840412
0.9999999049740115
0.9999998929139008
1.0000021164044497
0.9999987088181899
0.9999997697879422
0.9998889856839663
1.000000204277004
0.9999989883310497
0.9999998830333657
1.0000023456240115
1.0000004405327514
0.9999998515688157
0.9999992347480086
1.0000001201379611
0.9999999716247177
0.9999999745554502
1.000000000266087
1.0000000576545383
1.000000081536442
1.0000002509887116
1.0000067554916345
1.0000001819038624
0.999999925013057
1.0000001031743793
1.0000000795547825
0.9999952444691735
0.9999998848501599
0.9999999694278437
1.0000005426075396
1.000000011176301
1.0000000034485508
1.0000006789450029
1.0000001100971931
0.9999998684189598
1.0000000523861778
1.0000000785217897
0.999999977156442
0.9999998750108222
1.0000000663704707
1.0000003760430178
1.0000009751109604
0.9999999356599736
0.9999998233962155
0.9999999563499236
1.0000000461780494
1.0000001117151025
0.9999992192392152
0.9999980690771327
1.0000002677629372
1.0000000568591303
1.0000003975872571
1.0000000661268922
1.0000010585424939
1.0000002569166189
0.9999997363928776
1.000000062841332
0.9999999628288809
1.000000736580108
1.0000000533461944
1.0000002456750754
1.000000050269115
0.9999999365239383
1.0000001391505038
0.9999999144252728
1.0000000465152696
1.0000040562416441
1.0000002753641193
0.999999572179365
0.9999988233948756
0.9999999714788291
1.000000076609353
1.0000000626934133
0.9999966186041135
1.0000001245268872
1.0000000659063346
1.0000007279723444
1.0000035579135647
1.0000007463579783
0.9999999604524489
0.9999999826014725
0.9999998190656327
0.9999962298717671
1.0000000290623943
0.9999974319124695
1.0000000822420867
0.9999998271185462
1.0000000974436853
0.9999974619618794
0.9999987879963155
1.0000005307251212
1.0000000080232367
1.000000089444347
0.999999515266623
0.9999987602416417
0.9999852718814959
1.0000003787851601
1.0000000554684179
1.0000001460798102
1.0000000128092872
1.0000001972595127
1.0000001598476607
1.000000000279196
1.0000001886402643
1.000000052097588
1.0000012998013685
1.0000001676019166
1.000000017723028
0.9999991832985343
1.0000000798019253
1.0000004409289809
0.9999993202086539
1.0000000308587318
0.9999998000595375
1.0000000315797328
0.9999999766816319
1.000000062571785
1.000000237544192
0.9999874174802416
0.9999999552929286
0.9999995403826988
0.9999998349600442
1.0000000831300266
1.0000000571022687
0.9999999833528141
1.0000000232074524
0.9999990775249972
1.000000365340125
0.9999996270805797
1.0000002996386868
0.9999993748978766
1.0000000541947773
1.000000049384069
1.0000000149671815
1.000000606643736
0.9999966572849153
1.00000010539608
0.9999997561762686
1.0000001219745709
1.0000001631644981
1.0000006139247561
1.000001335373652
1.000000039573976
1.0000001225084798
1.000000020544257
0.9999986794202887
0.9999987934772151
0.9999999481842904
0.9999983880069333
0.9999928556030203
1.0000000711553716
1.0000001019589966
1.0000001224458672
1.0000001650238999
1.0000004766601733
1.0000015516451395
1.0000001652710415
1.000000006285916
0.9999997780049222
1.000000012085085
1.000000233304937
1.000000027357026
1.0000000351159093
1.0000000211260769
0.9999995186653747
1.000000092304974
0.9999980721374376
1.0000001227110613
0.9999999605314226
1.0000000674381109
1.000000728807569
0.9999985637142851
1.0000000443953214
1.000000228334024
1.0000003150994623
1.0000015195846381
1.0000000640793587
0.9999995572528723
0.9999500815864935
1.0000080131897013
1.0000000417679986
0.9999999361480795
1.000000227742137
1.0000000689078625
1.0000004323720586
1.000000050115685
1.000002632032439
1.0000000526361779
0.999999369586999
0.999999103155529
0.999999187666443
1.000000029218941
1.000000353190297
1.0000001529141094
1.0000000888719311
1.0000000657059558
1.0000000325472438
1.000000133433744
1.0000000528810897
1.0000000706533168
1.0000000550254673
1.0000053954424197
0.9999990906540351
0.9999973771085088
0.9999998347160718
0.9999967856930828
1.0000000772361664
1.0000001447248459
1.0000002768725529
1.0000000267960414
1.0000001216733845
1.0000003333939653
1.0000001217934542
1.000001372572027
1.0000000422291426
1.0000001546287796
0.9999998798531649
1.0000007695253461
0.9999987598281544
1.0000000758384278
1.0000000275390897
0.9999998331331509
1.000001338254374
1.0000002932953151
1.0000000181678306
1.000000107335413
0.9999996603876059
1.0000015845506827
0.9999998986037755
0.9999998585637762
0.9999997637861013
0.9999999178290403
0.9999998291759852
1.0000000189525784
0.9999998028751476
1.0000001261781448
1.0000014815228082
1.0000000878318194
1.0000000556011988
1.0000001009412307
0.9999999413565802
0.9999999104812852
0.9999999923926188
1.0000004454914164
1.0000000522591805
0.9999999882594707
1.0000000569009007
0.9999999874052394
1.0000000369622548
1.0000000951918488
0.9999999764528036
0.9999996875472197
0.9999999167177619
1.0000000081225804
0.9999995147213722
0.9999999629858304
0.9999999909398904
0.9999999682432883
0.9999998448383095
1.0000000346347586
1.0000001896565867
0.9999997977600246
0.9999981514495833
1.000000039981373
1.000001666412699
1.000001342306902
1.0000000371560671
1.0000001144390716
0.9999996349294293
1.0000006599671665
1.0000001867069281
0.9999977054377555
1.00000007336611
1.0000000677529488
0.9999999990937604
1.0000002022990957
1.0000001729839807
0.9999997008101227
1.0000002081383974
0.9999999585277322
1.0000006027587154
0.9999998698351611
0.9999998967869312
0.9999993652512665
0.9999971069192717
1.0000000607286612
1.0000007190122953
1.0000002304424842
1.000000458008497
1.0000005467284108
0.9999954891617369
1.0000000139955372
1.000000020825796
0.9999985245533772
0.9999990494421392
1.0000000570425531
1.0000003278585567
0.9999981732067348
1.000000154733897
1.000000244226848
0.999999916156193
0.9999999585995231
1.0000000279075445
0.9999966789254187
1.0000001543080566
0.999999668982227
0.9999999756343554
1.0000000431866114
0.9999997254330653
0.9999979319488671
1.0000001496480178
1.0000001870336224
0.9999985791316356
0.999999769508571
0.9999999972191821
0.9999997408552964
1.0000001298250687
1.0000052328437645
1.000000022611505
0.9999997918010252
1.000000049078427
1.0000001485728054
1.000000555260805
0.9999981982408102
0.9999657525456132
1.0000029705355606
1.0000000193683316
1.0000000602690373
0.9999995137470439
1.000000264003386
0.9999989165151095
1.0000000133562872
1.0000000810881315
0.9999987987719504
0.9999963631485133
1.0000001512731962
1.0000004804528257
1.0000000007000744
1.0000003276242129
1.0000000021244249
1.0000006600812255
0.9999998851763081
1.0000000094442227
0.9999993561943982
1.0000001966382976
1.0000001477235765
1.0000000326665612
1.000001166480917
0.9999997810610898
0.9999998884601055
0.999998059017871
0.9999999282974733
1.000000122143385
1.0000001374179954
0.9999999772825588
1.0000001151865623
0.9999993252367122
1.0000012074985885
1.0000005935928429
0.9999978047603747
1.0000000383325873
0.9999998146834975
0.9999999999189195
0.9999994655344993
1.0000008376701819
0.9999986026157532
1.0000005950312736
1.0000000981275308
1.0000014233636927
0.9999997760617823
0.9999988656136929
1.0000000510310434
1.0000001651701322
0.9999999724774534
0.999999936778954
1.000000738823448
1.000000686774031
1.0000000794264672
0.999999362340232
1.0000000764845847
0.9999997205916324
1.0000001397559448
0.9999886876119376
0.9999829723566395
0.9999992896043768
1.0000000604952521
0.9999999247504325
1.0000001595963515
1.0000000595211112
1.000000257788271
0.9999999600818589
0.9999991817029279
1.0000002194573754
0.9999999526550651
1.0000000669705151
1.0000543688642158
0.9999999890102771
0.9999999713134199
0.9999996359609087
0.9999979500407978
0.9999999957063762
1.0000005096520368
1.0000000092632235
1.0000011193732297
1.0000001322546208
1.0000000332116
0.9999995101260263
1.0000001938385816
1.0000001075572218
1.0000000806891276
0.9999992569644711
1.0000000725139593
1.0000001482582521
1.0000033953129204
1.0000000126647857
0.9999984961780882
0.9999999762580605
0.999999139757158
0.9999999954215577
1.0000001232492686
0.9999951913634276
0.9999999500166249
1.0000004433715466
1.0000000458341052
1.000003811380846
1.0000002211072103
0.9999987965584473
1.0000001359096367
1.0000002943278063
0.9999998625734031
0.9999999075532461
1.0000000572826653
1.0000001226911703
0.9999999808169286
1.0000002889236708
0.9999991528568335
1.0000004443064527
1.0000000564497087
1.000000114511569
1.0000021486289588
1.0000000664060336
0.9999831164812041
1.0000000390194546
0.9999996537014119
0.9999891684122134
0.999999496787647
1.0000000968008507
0.9999999339791783
1.000000012452845
1.000000066357546
0.9999995823869333
0.9999903414814615
0.9999997307417923
0.9999994648640642
1.0000595417413152
1.0000001240545924
1.0000000229765973
1.0000002366219645
1.0000000899171926
0.9999992297260705
1.0000000728042566
1.000000053551917
1.0000001177490914
1.000001214021818
0.9999997306938511
0.999999902350363
0.9999993657896178
0.9999999517425898
1.0000000145673584
1.0000001041929478
0.999999937220906
1.0000000657001495
0.9999988048109828
1.000000052860183
0.999999953010482
0.9999999666625327
1.0000000359006893
0.999999701710715
0.9999997715582992
1.0000000139539804
1.0000001590987697
1.0000001658554305
1.000000045959091
1.0000002957154406
0.9999993314206973
1.0000001461283339
1.0000003043566934
0.9999999474586586
1.0000011639237147
1.0000000055471365
1.0000000404082243
0.9999999460735582
0.999999915792313
1.0000001757195303
0.9999812366352545
1.000000053541963
1.0000005224462096
1.0000001011726205
1.0000000944920238
0.9999991177542106
1.0000000703301057
0.999999223194755
1.000000029568238
1.0000000435706475
0.9999998400489122
0.999999305854394
0.9999935422099642
0.999999772388501
1.0000003019788666
1.0000000707916974
1.000000050198722
1.0000004782217742
1.0000001231450926
1.0000005136813892
0.9999999256211858
1.0000000615940108
1.0000000172291146
1.000000013547859
0.9999992852655206
0.9999999951589081
0.9999999891717131
1.0000010355834696
1.0000000191788811
1.0000000669874205
1.0000000463144982
0.9999999503314827
0.9999990787187752
0.9999998198452149
1.0000000232281783
0.9999997739152644
1.0000001253274664
1.0000000883627669
1.0000000069627952
1.0000000107945062
1.0000000182936188
0.999996222268857
0.9999994825087993
1.0000000218754586
0.9999999852088682
1.0000000162645424
1.0000000267270441
0.9999893416145791
1.0000000933486533
1.000000022125699
0.9999999128707437
0.9999998924851684
0.9999999886877388
1.0000001081193168
0.9999999859755142
0.9999999686814958
1.000000049292007
1.0000015205022046
0.9999999283144198
0.9999999636092592
0.9999993936234303
0.9999993542248671
1.0000002558430365
0.9999992158543795
1.0000000823810062
0.9999998557519915
1.00000013412079
1.0000000075328166
0.9999999304472831
1.0000002430897894
1.0000004197785444
1.0000000631885566
1.0000001949827142
0.9999974235904499
0.9999991056470218
1.00000060781789
0.9999998723303581
0.9999997867728722
1.0000000168356546
1.0000006374826855
0.9999997038367222
1.0000178454927542
1.000000085964607
1.0000001368889653
0.9999999917850032
0.9999997456023207
0.9999999173129847
1.000000158898374
1.0000000297386273
1.000000132518149
0.9999999313774801
1.000000102455641
0.9999985176152815
1.0000001655901107
1.0000000139029728
0.9999998181722941
1.0000000234337052
1.0000000496493628
0.9999999959427077
1.000000008279025
0.9999992795669528
1.000000132348799
1.0000000272838647
0.9999958303659029
1.0000001386454591
1.0000000563458646
0.9999998966067666
1.0000000157837545
1.000000035979025
0.9999982272389054
0.9999995548754311
0.9999991967668878
0.9999999859717514
0.999999283571404
1.0000000780126157
1.0000000319473548
1.0000000320262545
1.0000259073249789
1.0000003540263591
1.000000070514787
0.9999982836113761
0.9999919652446303
0.99999981794363
1.0000003460802158
1.000000352138121
0.9999999985889431
0.9999984868992529
1.0000000286012052
0.9999994686332158
1.000000299368386
0.9999982377198298
1.0000000108027818
0.9999999599606929
1.000000131596987
0.9999999204012248
1.0000000484776326
1.0000001946833097
1.0000001418705982
1.0000000545493566
0.999999510821674
0.9999991636236878
1.0000000791929182
1.0000002793904208
0.9999997397675442
0.9999998075859828
0.999999673729475
1.0000000103698914
1.0000000073716693
0.9999999977909326
1.000000198928658
1.0000001784088677
1.0000013808343493
0.9999998301345487
0.9999999982725362
1.0000000759684793
0.9999995189262262
0.9999998597052138
0.9999996982754509
1.000000001001912
1.0000001015006605
0.999999899729041
0.9999988977426707
1.0000001219430485
1.0000000345003472
1.0000000925061943
0.9999989105846189
1.0000000131676947
1.0000001345730143
1.0000001342827245
1.0000000435317085
0.9999990715751185
0.9999998343907884
0.9999949302453599
0.9999999443459142
1.000000100550235
1.0000003146214753
0.9999996695704054
0.999999969346227
1.0000001629689534
0.9999997229823705
0.9999995321261455
0.9999996997842494
1.0000000688652864
0.9999999938629077
0.9999998707463518
0.9999981512969383
1.0000000636760213
0.9999994791832515
0.9999997029787187
0.9999979006274257
0.9999996734881432
1.000000031399708
1.0000001342478086
0.9999961014990686
0.9999993644220287
0.9999999681225824
1.00000001502596
1.000000276269686
1.0000000695242974
0.9999998392651361
1.0000003051246815
1.000000330151622
1.0000000744511979
0.9999996690891816
1.0000000393876969
1.0000001405520587
1.0000033225597011
1.0000002329202322
0.9999994623602805
1.0000000267196774
1.0000000597534342
1.0000006536238717
1.0000001338508016
1.0000007704947211
1.0000000653333194
1.0000000172619996
1.0000000209448954
1.0000002021936052
1.000000033023134
1.0000001128497755
0.9999996675758449
1.00000007847968
1.0000001901604343
0.9999995855856371
1.0000000288387565
1.000000297250694
0.9999986801716516
0.9999998994844064
0.9999997180897483
1.0000001238693936
1.0000000166887122
1.0000001457321184
1.0000000500373372
1.0000004834947112
1.0000000471343014
1.0000000128190116
1.0000001087266766
0.9999989375594812
0.9999987075914688
0.9999995044535734
0.9999997641995155
1.0000001304394832
1.00000022315016
1.0000003980760344
1.0000000204076955
1.000002248079485
0.9999985876535477
0.9999998421416039
1.0000000319633884
1.0000001075549638
0.9999991500525913
1.0000002181789853
0.9999998811927011
1.000000133594758
0.9999669654778119
1.0000000240618794
1.0000001548582715
0.9999999800240826
1.0000000242858267
1.0000000559830904
1.0000007949747327
1.0000000526083948
1.0000000138181213
0.9999999778311709
1.0000000094229986
1.0000000989881777
0.9999999702018666
1.0000000191910745
1.0000020568840382
1.0000000364713437
1.0000005286288518
0.999999823209164
1.000000179039545
1.000000070212094
1.000000062482235
1.0000000898515295
1.0000001242741143
0.9999999481884195
1.0000005651280817
1.0000000361780637
0.9999998585304201
1.0000000117739363
0.9999994973559001
1.0000003265876758
1.000000024026168
1.0000004926205626
0.9999997680634046
0.9999997717446366
0.9999973399660931
0.9999998875925171
0.9999996174209379
0.9999986889158817
0.9999994014588498
1.0000000962061222
1.0000000683140486
1.0000000370118864
0.9999998224124718
0.9999998293343538
0.9999995284947121
1.000000041828473
0.9999999564580483
1.00000028033945
1.0000000728639564
1.0000000350303633
1.0000001130256535
1.0000000560505116
0.9999998636219205
1.0000001784338783
1.0000000624905672
0.9999989488913591
1.0000000310936301
1.0000000311717545
0.9999979143497021
0.9999999241762683
1.0000002514480406
1.0000001007282178
1.000000027733119
1.0000000089220484
0.9999999560847285
1.0000001395528932
1.0000005081149717
0.9999999949082276
1.0000001560099772
1.0000000708845516
0.9999999273073523
0.9999997433216867
1.0000000303075165
1.0000000224227423
1.000000295002226
0.9999997748343824
1.000000798570349
0.9999999544915313
1.0000000487574736
0.9999998698122475
0.9999990929852941
0.9999998081986772
0.9999999871183838
0.9999988340039199
0.9999997669988218
0.9999999982804498
0.9999999452177708
1.0000000107351983
0.999999881930323
0.9999998245529347
1.0000000170590055
0.9999999054617942
0.9999998802764007
1.000001366354015
0.9999997884612698
0.9999990197378167
0.9999999649072876
0.9999910946432443
0.9999995706146155
1.00000009371858
0.9999989491885806
0.9999998964124235
0.9999996045033503
1.000000066100853
1.0000000796739612
1.0000014291131172
1.0000013086647994
1.0000000862209397
0.9999995291633114
0.9999999575099653
1.000000088858937
1.000000009342654
1.0000000914559557
0.9999999863049983
0.9999995644204338
1.0000000741337427
0.9999999393041381
0.9999961875856166
0.9999993595939504
0.9999999353895772
1.0000000893428551
1.000001216697884
1.0000001345215916
1.0000000009834267
1.0000000670239229
1.0000000075134539
1.000006369595295
1.000000412197186
1.0000000443210195
1.000000116175075
1.0000002803332433
1.0000000784585512
1.0000005884825154
1.0000001014201165
1.0000000266640638
1.0000034507418047
0.9999999508530041
1.000000037770715
1.0000000187566984
0.9999932639968805
1.0000003471249008
0.9999999189870066
1.0000006540399584
1.0000004929779367
0.9999999765440438
0.9999999895814037
0.9999952421906576
1.0000002678199233
1.0000000180344237
0.999999846537833
1.0000000388284829
1.0000000397569593
1.0000000423374291
1.0000002177032423
0.9999996278632437
1.000000046219787
0.9999997542705525
1.0000000340188095
0.9999995150975592
1.0000000364617565
1.000000030243892
0.9999990221009152
1.000000838423636
1.000003062184336
1.0000002358844042
1.0000000094326171
0.9999997729842469
0.9999992429490271
0.999987542263709
1.0000000448703588
1.0000000054622717
1.0000000073499953
0.9999999743205802
1.0000006216321373
0.9999992809669455
1.0000000198649857
1.000000134670658
0.9999991209127597
1.0000000843652577
1.0000000280852024
1.0000004052087539
1.0000000381232872
0.999997000861637
0.9999998985474327
1.000000058726138
1.0000000395401447
1.000000034351329
1.0000009534222278
0.9999999491053719
1.0000002324998227
0.9999991458762588
0.9999841581063921
0.9999994286496507
0.9999992606415437
1.0000000342973965
1.0000000411249257
1.0000000350045142
0.999999903756909
1.0000000000301799
1.000000568548484
1.0000000507783804
1.0000001681664548
0.9999999918095941
0.9999998031507348
1.0000000404844973
1.000000352093987
1.0000000788340295
0.9999994928256463
1.000000340011594
0.9999998976457221
0.9999975291889774
1.0000003252677534
1.000000040137968
1.0000003202208871
1.0000000387929762
0.9999992504284444
1.0000007067585088
1.000000014616217
1.000000117201044
1.0000015618043228
0.9999995969391875
0.9999984174388543
1.000000077725132
1.0000010065557685
1.000000021968945
0.9999972212310411
1.0000000267494287
1.0000000214480267
1.0000000441277666
0.9999999283854196
1.0000000413174812
0.9999999418434596
0.9999992287760547
0.9999994838718851
1.0000000057799938
0.9999985359902299
1.0000004999158851
1.0000004590824236
1.0000001965750576
1.0000008113944556
1.000000017739531
0.9999999993939043
1.0000005769981335
1.0000000044142845
1.0000003959693984
1.0000105612301444
0.9999999158186136
0.99999990979288
1.0000001514865038
0.9999999036251654
0.9999999907387878
1.000000056887541
1.0000000421027202
1.0000009934255982
1.000000004904393
1.0000030849068517
1.000000496062919
1.0000000016358117
1.0000008803534761
1.0000005061175443
1.0000013365837679
0.9999999599197469
1.0000006637729248
1.000000809501253
1.0000001081088545
1.0000001404603729
0.9999963330990183
0.9999999064810843
1.000000319686764
0.9999995003268077
0.9999999917611581
0.9999999923482867
0.9999993510301347
0.9999988828750255
0.9999999120766391
1.0000014540100568
0.9999999558336344
1.0000000528538369
0.9999992345899286
0.9999999393977859
1.000000658098037
0.9999999575057825
1.000000022562981
0.9999957483060955
1.0000003165122204
1.0000000325973342
0.9999987526135349
1.0000005034135881
1.0000000763269197
1.000000071084691
1.000000113084538
1.0000001575283777
0.9999776528528033
0.9999996000260722
0.9999997471622016
1.0000000265607236
1.0000000928364086
1.0000002481185315
1.0000020160952288
1.0000000205868569
1.0000000378690719
1.000000116421149
1.000000723389519
0.9999994590880333
1.00000005664167
1.0000000140574938
1.0000001031071504
1.000000106308841
1.0000000062578815
0.9999999358835006
1.0000002523882543
1.0000061663560085
1.0000006332775628
1.0000000418886372
1.0000001397580418
1.0000004958529427
1.00000004252575
1.0000000823250244
1.0000011860171203
0.9999999940567014
0.999999986054458
0.9999999563948632
0.9999996810729226
1.0000001254731197
1.0000000065098302
0.9999999870726466
0.9999996381795235
1.0000000860592575
1.0000001512326324
1.0000000571966383
0.9999995240724068
0.9999997487276685
0.9999997116122005
1.0000000330936998
0.9999993869872411
1.0000000000108273
1.000000542482852
1.000000174360154
0.9999894226805187
1.000000017718505
0.9999999812261539
1.0000000506152236
0.9999998776749003
1.0000000240665259
1.0000064704964635
0.9999998822833647
0.9999989402366369
1.000000060083898
0.999998791576787
1.0000001925888617
1.0000004123536748
1.0000000504857198
1.000002715469339
1.0000000060998722
0.9999999699579876
0.9999980226441867
0.9999999246277813
0.9999997877467776
0.9999990373211262
1.0000000205795312
1.0000001033455623
1.0000000427026556
0.9999989187508298
0.999997063431678
1.000000066553983
0.9999996228444042
1.000000009799656
1.0000001668286607
0.9999981381563053
1.0001268337539198
1.000000334267527
1.0000001643870209
0.9999982844613156
1.000000065437095
0.9999999627998768
0.9999999725946458
1.0000000850755724
1.0000000802135185
0.999999988299781
1.000000012417461
1.0000005473666178
0.9999999373673497
1.0000000033976417
0.999998465705131
1.0000000394076178
1.0000000882751239
1.0000000458830587
1.0000002610578331
0.9999999997141916
0.9999999565024572
0.999999924437403
1.000001350421194
0.9999999949529239
1.0000008177333048
1.0000004429571716
1.0000001146392614
0.9999992013565192
1.0000000108589118
1.0000000378704834
0.9999984515195047
0.9999998956968057
0.9999995266866488
0.9999992002171288
1.0000000913558973
1.0000000229332526
1.0000000354414458
0.9999989989445581
1.000000017374793
0.9999989657948544
1.0000001663182567
0.9999999452535817
1.0000000021083304
0.9996349956728444
1.0000000151012363
0.9999999986399849
1.0000000511389466
0.9999996815386122
0.9999995289687514
1.0000002076851955
1.0000000950102783
1.0000000176506894
1.0000001238020422
1.0000000536670615
1.0000000817399568
1.0000029664466328
1.0000004198930212
1.0000000450537847
1.0000000493951549
1.0000000902993949
0.9999999910164049
1.000000063805238
0.9999998772360639
1.0000004596394583
1.0000000943092637
1.0000002042988625
1.0000002549650948
1.000000131388629
1.0000000896760304
1.000000004320174
1.0000000173787962
0.9999998924799257
1.0000000617760332
1.0000000514937992
1.0000007868568164
1.000000010163239
1.0000000239020301
1.0000006212779746
0.9999908700287856
1.000006940969427
1.0000002078243366
0.9999986022999791
1.0000000434926453
0.9999993894990178
0.9999997262274465
1.0000000426229443
1.0000000369477429
1.0000010425615342
1.0000001070562081
0.9999998741521058
0.9999999115384138
1.0000000609616257
0.9999998946040225
0.9999992545725044
1.0000001997158434
1.000000004062981
0.9999998428293911
0.9999999557462336
1.0000003364175492
0.9999996357347383
1.000002204662204
1.0000000131761941
1.000000011960329
0.9999941099437017
1.0000000209713638
1.0000002054707453
0.9999999271220635
1.0000000537372544
0.9999983431501687
0.9999992910990777
1.000000095935939
1.0000001063281003
1.0000000443966717
1.0000000300859961
1.0000000454972362
1.0000001542470731
1.0000000312205537
0.9999998225972383
0.9999992658866231
0.9999994844824105
1.000000056576955
1.000000004912562
0.9999999724121111
1.0000000171863117
1.0000000579320376
1.0000001586677136
0.9999999391150183
1.0000000289506341
1.0000003346368693
1.0000000922490404
0.9999999626049006
0.9999944474680535
1.0000001691744478
0.9999999291996332
0.9999999921407775
0.999999911230103
0.9999992179392408
1.0000000096904473
0.9999999947334839
0.9999999373931497
1.0000001290614262
1.0000000230136992
1.0000000571415064
1.0000000290681383
1.0000001505744407
1.0000000181354762
1.0000000027423455
0.9999986733436749
0.9999999136544991
1.0000001279984023
1.0000002013857054
1.0000002539985275
1.000000081178158
0.9999999041846411
1.0000003098655008
1.0000000987263007
1.0000002776086243
1.0000000331157886
1.0000000445575208
1.0000000743371922
1.0000000325911704
1.0000003465962826
1.0000000203671542
1.0000000385834285
1.0000000200522994
1.000000051637919
0.9999796469590492
0.9999999963215072
1.000000017032785
1.0000000437394567
1.0000000044544628
0.9999950934837162
1.0000001191347958
1.0000000177259962
1.0000000845634067
1.000000053561899
1.0000006014448262
0.9999991103378619
1.00000018838467
0.9999997798712609
1.000000232208011
1.0000000488353786
1.000000494575486
0.9999998636932849
1.0000001042832052
1.0000000482187044
1.0000003310694838
1.0000000443955734
1.000000000716174
1.00000026794894
0.9999996310388346
0.9999999495797649
1.000000413043963
0.9999999931805592
1.000000356543587
1.0000000423436897
1.0000001498146927
1.0000002335682507
0.9999999550349377
1.0000000245308704
0.9999988949353295
1.0000000186562152
1.0000000311519859
1.0000003402706925
1.0000001410435877
0.999999940949036
1.0000001364612614
1.00000003102231
0.9999999783184365
1.000000058692611
1.0000000041380759
1.000000271880852
1.0000000250005632
0.9999883123511946
0.9999995277323273
1.0000000247954972
1.0000000156306232
1.000000474807389
1.0000001286739204
0.9999999607423375
1.0000001264413672
0.9999999205168661
0.9999999918729842
0.9999999221562841
1.0000000871055896
1.000000015365354
1.0000000062714907
0.9999989219813712
0.9999998612698467
1.000000093355964
0.9999974026484038
1.0000000639882294
1.0000000067333394
1.00063363717281
0.9999998920542205
0.999999859212036
1.0000000143206822
0.9999999806343245
0.9999998983424229
0.9999999802781389
1.000000075023318
1.0000000709006847
0.999999826414778
1.0000000178298265
0.999999998340531
0.9999999166461566
1.0000001615277285
0.9999997624164945
1.0000000887407985
0.9999999938219921
1.0000008456158398
0.9999996530712756
0.9999998722003383
0.9999998433471823
0.9999999063954338
0.9999999848380886
0.9999998949447509
1.0000000082774911
1.000000091193371
0.9999999966678395
1.0000000080172553
1.000000050250563
1.0000000612462507
0.9999999855915549
0.999999998260632
1.0000002765318678
1.0000021423233694
1.0000000574136592
1.0000000365556017
1.000000013084164
0.9999993797459973
1.0000000041535595
0.99999999718294
1.0000002625622113
1.0000002708189113
1.000000557930118
1.0000000314188813
0.9999999757674366
1.000000048698909
0.9999999715369006
1.0000001481228906
1.0000000338065396
1.0000003790411849
1.0000000704251888
1.0000000260416462
0.9999999937212581
0.9999999731357826
0.9999999817059491
1.0000004296382194
1.00000001923265
1.0000000449629438
0.999999491075532
1.000000279009213
1.0000001051024827
1.0000000086756737
1.0000000266003757
1.000000608388516
1.0000001606400861
1.000000122438142
0.9999999655786045
1.0000003867483462
0.9999998550848628
0.999999760641382
0.9999999808678679
0.9999990362488439
1.0000000623617147
1.0000000265594453
1.000000021727477
0.9999984186568487
1.0000001686546796
0.9999999500846898
0.9999999314927278
1.000000057964563
1.0000000512524738
0.9999999328609098
0.9999999990691785
1.0000000437159826
0.999999933899887
1.0000000881389053
0.9999998474989802
1.000000470978997
1.000000055342441
1.0000000379159675
0.9999997077610456
1.000000508176818
1.0000000864525882
1.000000205150727
0.9999992105026043
1.0000000409127767
0.9999999832105805
0.9999999527138512
1.0000000626104697
0.99999999041205
1.0000000055241873
1.0000000355362646
0.9999997447244557
1.0000000535097715
0.9999994675036213
1.0000000585452702
1.0000000070707324
0.9999999098963647
1.0000000014737076
1.0000001422009903
0.9999998514109536
0.9999979510371975
1.0000001808582597
1.0000000082143858
1.0000002828254984
0.9999999827432282
0.999999954548649
0.9999999675147564
0.9999998551683953
0.9999996927448708
1.0000003288071042
1.000000101107419
0.9999998463572805
1.0000000355631422
1.0000000750076654
1.0000000331674639
1.0000000461324483
1.0000000629588806
1.00000000942998
0.9999999468383781
1.0000000077995785
1.0000000590247022
0.9999998770184316
0.9999998670458222
0.9999999156320871
1.0000000560278643
1.0000000828418019
1.0000000547979817
0.9999997466086284
1.000000008864318
1.000000258164636
0.9999999770561375
0.9999999904482646
0.9999998589582073
1.0000000606086374
0.9999992097773864
1.0000000228419144
0.9999987542159803
1.0000000230806614
1.0000001527866287
0.9999999603305391
1.0000000206299928
1.0000000108304004
1.0000000387398222
0.999999889831504
1.0000000027399725
0.9999996703106413
1.0000002371863346
1.0000001572620796
0.999999995321834
1.0000000141319032
1.000000452075637
0.999999965336207
0.9999998395207157
0.9999999668425777
1.0000001040667226
1.0000000442531767
1.0000001143898318
1.0000000554034747
1.0000001675797054
1.000000380462998
0.9999998582429928
1.000000035467505
1.0000002209519043
1.0000001942542498
0.9999999961369216
1.0000000906641144
1.000000153455789
0.9999997264035935
1.0000005546427035
1.000000048833213
1.0000000202926627
0.9999925452296768
1.0000000503270263
1.0000001075284577
0.9999999221889402
0.9999994306535499
1.0000000248710323
0.9999999971221324
1.000000005395403
1.0000000185476168
0.9999998348654109
1.0000002170904916
1.0000000302411627
1.000000001215477
1.0000000216976526
1.000000017757205
0.9999999140751802
1.0000000974750094
0.9999999744696316
0.9999999379895304
1.000000136148858
0.9999971852658083
1.0000000935838431
1.0000003819064063
0.9999998344015701
0.9999999935253528
1.0000000883147198
1.0000000023167284
1.0000000189045462
1.000000064355053
1.000000695739173
1.0000001152728553
1.000000162731847
1.0000000320088207
1.0000000525273556
1.0000000333560088
0.9999999618248709
0.9999998288702565
1.0000000375242974
1.000000103781734
1.0000001312394617
1.000000004870184
1.0000003650170397
0.9999999829612134
0.9999999614050659
1.0000002259033822
0.9999999892420898
0.999993696237633
1.0000001125496722
1.0000001430721441
0.9999999847070353
0.9999999369464678
1.0000000126866209
0.9999993296949604
1.0000001126430802
1.0000000852500728
1.0000017850810132
1.0000000025775833
0.9999996746195441
1.0000000293990488
0.9999990425710856
1.000000222084417
1.00000037863827
1.0000000198088448
1.0000001464217445
0.9999999106471213
1.0000005250687034
1.0000000411143812
0.9999999810826004
1.0000015060527245
1.0000000739612256
1.0000000818683306
1.000000045755731
1.0000001058659458
0.999999714777309
1.0000003693887665
1.000000033565219
0.9999999477306887
0.9999999139370787
1.0000001081914554
1.0000000632165222
1.0000001039497461
1.0000000380770844
0.9999998955091938
1.0000000355345358
0.9999996212847745
1.0000007141394556
1.0000000158951179
0.9999995806413193
0.9999999659319995
1.0000001434318315
1.000000010341825
1.0000000261873223
1.0000001103323342
1.0000000844679615
1.0000001698956817
1.0000000564480005
1.0000000026979126
1.0000000655794292
1.0000000125240593
1.0000000078646025
1.0000000069411799
1.0000000096097361
1.0000000285232165
1.0000001704865926
1.0000000700883933
0.9999999652360207
1.0000000944857523
0.9999996649544022
0.9999999324866424
0.9999995385158202
0.9999994622699387
0.9999997371734235
1.0000000593236562
0.9999999893233635
1.0000000476474662
1.0000002015410454
0.9999998900001705
1.0000000222757557
1.0000000010591468
0.9999997038091305
1.0000000039065982
1.0000000476712714
1.0000003741130907
1.000000216272028
0.9999998873946545
1.0000001027611898
1.0000000155605389
0.9999999432765184
1.0000001517830646
1.0000007620907683
1.0000000265249311
1.0000000433608531
0.999998222462517
1.0000000238558686
1.0000000134862281
1.00000001391089
0.9999997808062993
0.9999979068528072
1.0000000588023863
1.000000919529842
0.9999998960726906
0.9999999789248738
1.0000005823231766
1.0000000388500123
1.0000004010858219
0.9999999679550335
1.0000000263853162
0.9999999612469065
0.9999999874926817
1.0000005329520631
1.000000336514303
1.0000000011614958
0.9999998737790976
1.0000001610623224
0.9999999853605483
0.9999999064749825
1.000000771169435
1.0000000233372197
0.9999995314296782
1.0000025437880142
1.0000000001771867
0.9999995234221988
0.9999998575838728
1.0000001304774098
1.0000001241814997
0.9999999759231855
1.0000000140304728
0.9999999395734479
0.9999999035856856
0.999999725243136
1.0000000205655464
1.0000001700743042
0.9999999231037788
0.9999997070426743
0.9999998332389595
1.0000001458110372
1.0000005305213215
1.0000000170819903
1.000000001674644
1.000000012618583
1.000008094117796
0.9999999124059364
0.9999997058437754
0.9999999946360647
0.9999996043810836
1.0000000409053498
1.0000002939557813
0.9999999930670809
0.9999971573208201
1.000000114736351
1.0000014405149287
1.0000003117793195
0.9999999892729393
1.000000175948851
1.000000018393065
1.0000056225474512
1.0000009715387266
0.9999997041768862
1.0000000155511715
1.0000000080886513
0.9999997146034142
0.9999999982033495
1.0000000836747012
1.000000012974996
1.0000000327680507
1.0000003577764047
1.000000073815815
1.0000035483469345
0.999999837316495
1.0000003262565316
0.9999999711092504
1.0000000601955388
0.9999942396449945
1.0000000213970663
1.000000048412572
0.9999999845593944
0.9999999269471717
1.000000050481876
0.999999896530059
1.0000001011516961
1.0000000982650186
1.0000000307780892
0.9999997704002043
1.0000002886994672
0.9999997876577381
0.9999999998869468
0.9999998792544026
1.0000000576810075
1.0000000355692344
1.0000001620590036
1.0000001714046858
1.0000000312389832
1.0000000626389565
1.000000059130927
0.9999994430157034
0.9999996962697855
1.000002672467358
1.0000001396774323
1.0000008433150285
0.9999998651616309
1.000000091807443
0.999999466064527
1.0000020445013753
1.000000025820644
0.9999999379168343
0.9999999341324324
1.0000000713302641
1.000000170501461
1.0000000414046852
0.999999440360507
1.0000000309098147
1.0000000715966524
0.9999998212391527
1.0000001404400125
0.9999999769407125
1.0000000058947196
1.0000001366123457
0.9999999480538704
1.0000000278121517
1.0000000045445478
0.9999997031386438
1.0000000977278751
0.9999998046434406
0.9999999639217803
1.0000000314331048
1.0000000664987498
1.0000000269072276
1.0000000227180483
0.9999999535756241
0.9999993045049697
1.0000001555912954
1.0000000321403033
1.0000000210402535
1.0000000404389529
1.0000000459746592
0.9999999818966722
1.0000000215525786
0.9999997897969648
0.999999936525059
0.9999999862313301
1.0000000112263174
1.0000000360037544
1.0000000141980216
0.9999997007146165
1.000000160346017
1.0000000413041688
0.999999986360462
1.0000000693250153
1.0000000225875054
1.0000000310490367
1.0000000367949617
0.9999997475170276
0.9999999118144359
0.9999996615114427
0.9999997736868906
1.00000143304128
1.0000000208337108
0.9999999257013588
1.0000000979448067
1.0000000640935989
0.9999999300599834
0.9999999973261651
0.9999999987881335
1.0000000377493332
1.000000087614585
1.0000000069421888
0.9999998979689338
0.9999999978805663
1.0000001395685822
1.0000002807123864
0.9999999248360051
1.0000000107835878
1.0000000853719262
0.9999999889540773
1.0000000234624555
1.0000000227515644
1.0000001580507256
1.000000357762386
0.999999968786232
1.0000001294211152
1.000000143332275
0.9999999374939348
0.9999997623294078
0.9999999727688869
1.0000000073347164
1.000000942444274
1.0000005954333002
1.0000001500382574
0.9999999665590287
1.0000000193433498
1.000000067347531
1.0000000584580115
0.9999998267448207
1.0000008313527997
1.0000001314139466
1.000000009173319
1.0000000000729252
1.000000089689295
1.0000001288436022
0.9999999958453452
1.0000000262870283
1.0000001650895194
0.9999999186283698
1.0000015180949653
1.000000331437667
1.000000025876414
1.0000000172888541
0.9999997213351455
0.9999999758685605
0.9999984325180434
0.9999998221406817
0.9999999724563956
1.0000000243504987
0.9999999874891204
1.0000009084681956
1.0000000288377147
1.000000030022275
1.00000000898335
1.0000000519113832
0.9999996837444091
1.000000042713418
1.0000000745180524
1.0000001066851083
1.0000000174193884
1.000000022274655
1.000000899080799
0.9999999157530001
1.0000000168846892
1.00000007003288
1.0000000079650115
0.9999987822797128
1.0000000341136408
0.9999999424744078
1.000000022042543
1.0000000699790905
1.0000001338067825
1.0000000736645835
1.0000002900511649
1.0000002498804526
1.0000003478182988
1.0000000526727557
0.999999869464496
0.9999996783927455
1.0000000499959967
1.0000001197792567
0.9999999510678079
1.0000000592451441
1.0000001256691238
1.0000000035059764
0.9999999409027809
0.9999999365537632
0.9999997483958725
0.9999998012774182
1.00000001207129
1.0000000971042875
1.0000000104244056
1.0000002315013747
0.999999997468378
1.000057650475586
1.000000144978331
1.0000002044579055
0.9999999918816074
0.9999999987808693
0.9999999105703699
1.0000001242968954
0.999999968872713
0.9999999928742871
1.0000000484794036
1.0000000312944144
1.0000000468438874
0.9999999638572976
1.0000000522868113
1.0000021034131341
0.9999999322241432
1.0000002782100503
1.000000005007011
1.0000000465406491
1.0000000532817734
0.9999999543591255
0.9999999474109766
1.000000057772839
0.9999999045920709
1.000000090264151
1.0000000692904603
1.0000000482764364
0.9999999707815718
0.9999999816171692
1.000000314239876
0.9999999677149827
1.0000000140002596
1.0000008042360775
0.9999999964601682
0.9999996906433061
1.00000002319697
1.0000011392710622
1.0000004432398562
0.9999996118904696
1.0000000924167511
1.0000001025941094
1.0000000338896466
0.9999999963370272
1.0000001215780494
1.000000025321191
1.0000001311944784
0.9999997821806877
1.0000000243871505
0.9999999990957923
1.0000003297039117
0.9999998973883419
1.0000000989258466
1.000000728856562
1.0000001365988074
1.000000039223082
0.9999999971197375
1.0000000439799719
0.9999998248925908
1.0000000851855433
0.9999999991550628
0.9999999510281382
0.9999999803301093
0.9999999959909686
1.000000094067997
1.000000323361103
0.9999998971144591
1.0000000171825743
0.9999999894901906
1.0000000126185808
0.999999604412225
0.9999996831633767
1.0000000584994186
1.0000004333531505
1.0000002785214663
1.0000001419549092
1.0000013807160684
0.999999992051811
1.000000036172916
0.9999998495915307
1.0000000014601516
0.999999965438694
1.0000000153843938
0.999999816500507
1.0000000720978672
0.9999999566819848
0.9999999261656767
0.999999950934388
1.000000019951597
1.0000000014050383
0.9999998943233044
0.9999999911271474
1.000000034063322
0.9999998869335208
0.999999980353724
1.0000002140639235
1.0000000159324107
1.000000998621836
0.9999996116171378
1.0000000178479693
1.0000001473584035
1.0000000402855211
0.9999999676637635
0.9999994921620209
1.0000002013407623
1.0000001037459023
0.9999998299048223
0.9999999638146005
1.000002501381144
0.9999999812168292
1.0000000859121285
1.0000001102948577
0.9999999464765631
1.0000001252476898
1.0000000286092996
0.9999999988318159
0.9999999722706182
1.0000003698895357
0.9999998487087717
1.0000001239653615
0.9999998637781276
1.0000012739271205
0.9999999450758038
1.0000000603163353
0.9999998219909997
0.9999999857971212
0.9999994060069259
1.0000000396836122
1.000000059713436
1.0000000200410715
1.0000000519577592
0.9999999957413755
1.0000000833137899
1.0000000169685785
0.9999999494090251
1.0000000407685716
0.9999999790108774
1.0000002178549614
1.0000000265094364
0.9999999642921164
1.0000000665389375
0.9999999596048077
1.0000000181154993
1.0000002307796938
1.0000000741609172
0.9999997991518906
0.9999999750916576
1.0000000025102205
1.0000004101553073
1.0000000440828647
1.0000001677936003
1.0000000131375593
0.9999999082742058
1.0000000166491252
1.0000001079027379
0.9999995467044738
1.000000123023209
0.9999999992776607
1.0000002095349034
1.0000000008358396
1.0000000297703
0.9999999635037914
1.0000000287098272
1.0000000270431701
0.9999996307889333
1.0000000421602329
0.9999993067305775
1.0000000106013731
1.000000039303465
1.0000000329550005
1.0000005369950307
1.0000000220416823
1.0000004156518396
0.9999998912722233
1.0000000507063198
1.000000062927168
1.000000083958657
1.0000000389205874
1.0000000088976715
1.0000000640008448
1.0000003666632893
0.9999998072766568
1.0000001091275423
0.9999998637980948
1.000000102138375
1.0000000196711385
1.0000000226511598
0.9999999887457174
0.9999999322451156
1.000000438739004
1.0000000639254523
1.000001191701544
0.9999998667635775
0.9999999843070387
1.0000000416564594
0.9999998451717829
0.9999984445663015
1.000001324606493
1.0000001363383624
0.9999995269580926
1.0000000218794565
1.0000000251732162
1.0000000458601492
1.0000000279505559
1.0000002291708054
1.000000065273373
1.0000001997725971
1.0000000497834094
0.9999996260420209
1.0000001594527408
1.0000000941335392
1.0000002960932042
1.0000000130154867
0.9999999483032898
1.0000000587413633
1.0000000635389663
0.9999883219787482
1.0000000924190546
1.0000000529909236
1.0000000582870994
1.000000690298119
1.0000000624040204
1.000000024604927
0.9999998192841292
1.0000003556611474
1.0000000449980955
1.0000002602366653
1.0000000007226355
1.0000000440837786
1.0000000343337114
1.0000099228746717
1.0000000359684185
0.9999999950809415
1.0000002054828732
1.0000003416968526
1.0000001070782703
0.9999996659468404
1.0000002570803352
1.0000001787081672
1.0000000576567765
0.9999999132601965
1.0000009816409636
1.0000000917429235
1.0000000183232174
1.0000000429353844
1.0000000168001777
1.0000000255483381
0.9999998446856408
1.0000000606074695
1.0000000397082984
1.0000000117006154
0.9999999697615317
1.000000017793938
0.9999999522470437
0.9999997737689612
1.0000001006117385
0.9999996265795931
0.9999999852512695
1.0000000630243056
0.9999990269608587
0.9999999984241813
1.00000012881381
1.0000000026857183
1.0000003737870746
1.0000016085635792
1.0000001783660952
0.9999999980082321
0.9999997999616534
1.0000000446936066
1.0000002949431674
0.9999999447010467
0.9999999679876275
1.0000000347696982
1.0000001221995627
0.9999999847336211
0.9999996920721209
1.0000000215352765
1.0000001156414007
1.0000000278022132
1.0000000083503275
1.000000005468723
0.9999998458461787
1.0000000242221054
1.0000002077628594
1.000000047665731
0.9999999963265973
1.0000000244928307
0.9999996614404008
1.0000002246104764
0.9999993545033738
1.0000004831705827
1.0000000430118712
1.0000000294492581
0.9999974673635313
1.0000000097764896
0.9999999437021692
0.9999999321397621
0.9999981707702197
0.9999999124842983
0.9999999984463049
1.0000000234504405
1.0000000065122525
1.000000037493508
0.9999998768074001
1.000000075521856
1.0000000294132618
0.9999999964380145
0.9999999766411269
1.0000000608229527
1.0000004485201996
1.0000000860172473
0.9999999659208657
1.0000001286449298
1.0000000430515457
1.0000001174575488
1.0000002442833003
0.9999999443176855
1.0000000578599466
0.9999999474749853
1.000000377666353
1.000000013785375
1.0000000341814625
1.0000056487418467
1.0000001998524373
1.0000000262317488
0.9999998438874482
1.000000048418799
0.9999991236989363
0.9999999630408848
0.9999997071808575
1.0000000236256723
1.0000000375014448
1.0000002808587116
1.0000003016012118
1.0000000679417242
0.9999997514614658
0.9999999600333693
1.000000037836352
1.0000000193850864
0.9999998615202795
1.0000001174818145
0.9999999588280193
1.0000000267776463
0.9999999826735695
0.999999905754569
0.9999999936591811
1.0000000316986317
0.999999757383392
1.0000000824069102
0.9999988605370181
1.0000000038148338
1.000000018508664
1.0000112996701191
1.0000002531187542
1.000000008330469
1.000000039601012
0.9999999780440835
1.0000000147319656
1.000000013977713
1.0000000649609593
0.9999996335116044
0.9999999923268778
1.0000000341633903
0.9999989485551121
0.9999662974768403
0.9999997666169866
1.0000000322111746
0.9999999881518469
1.0000000433890759
0.9999999246113439
1.000000023243901
1.0000000209031048
1.0000000079045892
1.0000000068620378
1.000000022198161
0.9999991142098336
1.0000000352496232
1.0000000269927602
1.000000021917028
1.0000000300205845
0.9999997635017119
0.999999971330224
1.0000000476696491
0.9999999625846526
0.9999998079752207
1.00000013397573
0.999999739517428
0.9999998142839199
0.9999999679319033
0.9999789835279178
1.0000000008049053
1.0000001121840392
0.9999999718837536
1.0000006811052267
1.0000003519734884
1.000000032032336
0.9999995992935898
1.000000101231262
0.9999999901520333
1.0000000128599467
0.9999999945930068
0.9999994681755429
1.0000000301274083
1.000000021497275
0.9999999960394562
1.0000002029315003
1.000000025861094
0.9999999862408734
1.000000102566058
1.0000000495655397
0.9999998886264193
1.0000000943163116
1.0000000655013344
1.0000000049898723
0.9999999703126426
1.0000000159863083
1.0000000355868002
1.0000000137044631
0.9999998439695704
1.0000000493878476
1.000000027069667
1.0000000134655174
0.9999999793794359
0.9999992960236258
0.9999989885711491
0.9999999957694626
1.0000000133746685
1.0000000252055672
0.9999999851413801
0.9999999975332853
0.9999999297892681
0.999999962521393
1.000000015863052
0.9999995720778673
0.999999637012721
0.9999999991157204
0.9999999778051656
0.9999998240005282
1.000000115671525
1.000000259785294
0.9999999066457449
1.0000000827047584
1.000000213737511
0.9999994790788737
1.0000000117611767
0.9999999471224602
1.000000052592975
0.9999999392954135
1.000000034023057
1.0000008289954965
0.9999997069361106
1.0000001819459317
1.0000000122547492
1.0000001823323457
1.0000002936995052
0.9999999812946995
0.9999999991542453
0.999999978981919
1.0000001672232302
1.0000000195993497
0.9999999751134749
1.0000000429982197
1.0000000612250086
1.0000000175506563
1.0000006739117036
1.0000000031926908
0.9999996772183546
0.9999999626239862
1.0000000310495563
1.0000000110249891
0.9999990747754421
1.000000034544369
1.0000002967263812
1.0000000064599874
1.0000000088078975
0.9999999350125643
1.0000000543337761
1.0000000781935137
0.9999991373164945
1.0000000251038794
1.0000000649758165
1.0000000044111899
1.0000000190506724
1.0000000062312808
0.9999996284270528
0.9999998833202467
1.0000000590653109
0.9999999795733394
0.9999997303451649
1.0000000104278972
1.000000019132312
1.0000000988933637
1.000000102780499
0.9999999416413867
1.000000053196388
1.0000000924784085
1.0000000415889108
1.000000176076185
1.0000000881336168
0.9999996496739365
1.0000001548222373
0.9999998262268931
1.0000000012313641
1.0000000023735247
1.0000000485166005
1.0000000163885214
1.0000000559167834
1.0000002981313523
1.0000000253177825
1.0000000311390105
1.0000000745240154
1.0000005699617105
1.0000000081542948
1.0000003404577729
0.9999993946173599
0.9999998337457932
1.000000054435498
0.9999999948975812
0.9999999114919523
0.9999999578528175
1.000000540740998
1.000000025980706
0.9999998425408538
0.9999999976926803
1.0000000369262867
1.000000107743862
1.0000001022054104
1.000000064123721
1.000000095361192
0.99999998355371
1.0000000176783022
1.0000000112006049
0.9999999837454198
1.0000000801734363
0.9999999942414824
1.0000000506368654
1.0000000203104844
1.0000000099156854
0.9999999179628097
1.0000003224319804
1.0000001840249386
0.9999998480217746
0.9999999917601062
1.0000000919260006
1.00000003683079
0.9999996710957094
1.000000085354324
0.9999998902380401
0.999999982430232
1.0000000365326083
0.9999997027927445
0.999999776061624
1.0000001310741227
1.000000251856571
1.0000000494978518
0.9999999803231655
1.000000005869218
1.000000143010397
1.0000001626342712
1.0000000219074048
1.0000000408168048
0.9999999014680173
0.9999999639860204
0.9999999954806569
1.0000000214773832
0.9999999699826688
0.999999836268381
1.0000001240174219
0.9999999651893434
1.0000008069387993
1.0000001193498893
1.0000004722261036
1.0000000987434117
1.0000000261385353
1.0000000797875648
0.9999999991131101
1.0000000279311145
1.000000097833667
0.99999980209145
1.0000001043299642
1.0000000338068846
1.0000000886116365
1.000000216274294
0.9999998183304345
1.0000001192343964
1.000000007230817
0.999999977457075
0.9999999943429199
0.9999999676093456
1.0000000631667632
0.9999998377381393
1.00000066033118
1.0000000671217062
0.9999999709729441
1.000000025816864
0.999999972295009
1.0000043441935689
1.0000000276792747
1.0000000274986467
1.0000000035657595
1.0000000009135377
1.000000042503969
0.9999999899718727
1.0000006414646656
1.0000000751130007
0.9999934050455782
0.9999998750780096
1.0000000295971088
1.000000008300165
0.999999738292679
1.0000000201122277
0.9999997664948013
0.9999999796646664
0.9999998044769434
1.0000016257539128
1.0000003593943685
1.000000044176947
0.9999993585830825
1.0000000050903177
1.0000000019457687
1.0000000834616896
0.999999916625113
1.0000000617337421
0.9999999703445887
0.9999987172271279
0.999999996337963
1.0000001474206228
0.9999993168461454
0.9999997407488046
1.0000000730270484
1.00000003469487
1.0000000312814423
1.0000000107123852
0.999999851314874
0.999999982378667
1.0000000423694035
1.0000001748704077
1.0000000015000894
1.0000000013575974
1.0000001308665063
1.000000074162157
0.9999999984006718
0.999999955483336
1.0000000105645952
1.0000000666656106
0.9999997077207592
1.000000021656099
1.000000034563574
0.9999997791303921
0.9999999989620817
0.9999987319124266
1.0000000112293623
0.9999999734045562
0.9999998280049804
1.0000005865720103
1.0000001137745802
0.9999999622861079
0.9999999899489601
0.9999999289756435
0.9999998265948787
1.000000397254692
1.0000004055854606
1.0000001088017811
1.0000000336439636
1.0000000530741597
1.0000000167402718
1.0000005400865968
0.9999996946118691
1.0000000142070165
1.0000001373475613
1.0000000448457362
1.0000000367862911
1.0000002608448537
1.0000002019076688
1.0000000810569631
1.0000002684788718
1.0000001259875255
0.9999997984893148
0.9999999235896763
0.999999982629196
1.0000000251616072
1.0000003036063798
1.0000000275347518
1.0000000449879372
1.0000000370431417
0.9999999639636864
0.9999999945086901
1.0000000627185286
0.9999999582619824
1.000000095437416
1.0000000010612349
1.0000002318917742
1.0000001985885183
0.9999999764767848
1.0000000134288773
1.0000001423947265
1.000000007936947
0.9999997757732045
0.9999999641712619
0.9999994419171818
0.9999997166006864
1.0000000732963015
1.0000000087519059
0.9999996776990877
0.9999997606653399
1.0000000363085286
1.0000000415688528
1.0000000219037115
1.0000000215783476
1.0000000911903115
1.0000001092175106
1.0000001176789233
1.0000000075558384
1.0000000293487434
1.0000000017294943
1.0000000885844866
0.9999997617751584
1.00000003041829
1.000000024543967
1.0000000152348003
1.000000590618621
1.000000197594891
1.0000000232059958
1.0000067179957528
1.0000000259478918
1.000000081988802
1.0000000210663114
1.0000000344326667
1.0000001355933916
1.000000121826242
1.0000008948651158
0.9999999798314422
1.0000000058709961
1.0000000334510795
0.9999987717734893
1.0000001494329727
1.000000041867377
1.00000094379218
1.0000002964260823
0.9999999858580906
0.9999999883247275
1.0000003260204096
1.000000033863377
1.0000000341740165
1.0000000464194405
1.000000046831271
0.9999999712666018
1.0000000302599352
1.0000000554244644
0.9999999849191568
0.9999959151945068
1.0000000726680962
1.0000000114211771
