0.9999984392146802
1.0000074496271407
0.9999953108127925
0.9999813344145064
1.0000077427165168
0.9999993431868637
0.9999965577760074
0.9999953897951788
1.0000027652363337
0.9999996036078806
1.0000009650328021
0.9999994194611281
0.9999980313050815
1.0000038831680833
0.9999971064628734
0.9999999862070432
0.9999997641383194
1.0000078681732631
1.0000048703992572
0.9999987421564108
0.9999987416457551
0.999995956875866
0.9999958990302809
1.000004103715056
1.0000055273063506
0.9999990793468052
0.9999875266155139
0.999997974033957
0.9999992950145381
0.9999996298410304
0.9999956474889865
1.0000056738975427
0.9999972049729938
0.999997987035217
0.999997013100943
1.0000160300795755
0.9999974532119047
0.9999983230523528
1.0000053809068674
1.0000216524818757
0.9999957172819545
1.0000182619928726
0.9999952640037261
0.9999996756911556
0.9999965665353466
0.999992319832558
1.0000101116754065
1.0004093368238167
1.0000138032476118
1.0000028642660992
0.9999985684786239
0.9999949511582318
0.9999980914973771
0.9999947713344349
0.9999971950255564
0.9999985840313178
0.9999992527775433
0.9999989367918348
0.9999980584745402
1.0000187326904346
1.0000056721599209
0.9999815213739754
1.0000085228885929
0.9999999299746629
1.0000105692604833
1.0000100275692116
0.9999952070273757
0.9999999086324576
0.999999516513614
0.9999995234534779
1.0000097838107398
0.999997944425523
0.9999989292848335
0.9999993488020553
0.9999995086535705
1.000009503654414
1.0000081454462557
0.9999990250259279
0.9999986742129738
0.9999950803318323
0.9999940131107944
0.9999984876257247
0.9999967185359868
0.9999994675276859
0.9999385140561622
1.000033382470643
0.9999986890861405
1.0000019955187092
1.0000352861882091
1.000006065552754
0.9999991796419503
1.000000001612456
1.0000062848384967
0.9999993713972604
0.9999980395626483
0.9999965230525342
1.000004000681445
0.999998094814152
0.9999980261867094
0.9999992648869759
0.9999968270534639
1.0000084260999826
0.9999990771749283
1.0000065740339878
1.0000050942332162
0.9999995712747601
0.9999989502193818
0.999999271062648
0.9999987944479024
0.9999964797882646
0.9999785594853154
1.0000062148834643
0.9999865909008842
0.9999999296848823
1.0000023679338763
1.000008761336401
0.9999981621150468
1.0003393766541533
0.9999992013447006
0.9999973703244005
0.9999997737079555
0.9999981333101169
1.0000037632922736
1.0000010949401614
0.9999993180725031
0.9999985635290312
0.9999981440831092
0.9999976122599461
0.9999626522784651
1.0000006373064556
1.0000340855019558
0.9999991821885793
0.9999932078234258
1.0000143433154343
0.9999998373342925
0.9999985939797734
1.0000167873151613
0.9999993386502974
0.9999962516954075
0.9999993971738922
0.9999970308382844
0.9999904598688056
0.9999887966846303
1.0002939930881796
0.9999991578316215
1.0000014719664558
1.00000013203475
0.9999992522393063
0.9999928062068855
1.0000822338724038
0.9999933736566432
1.0000505231129087
0.9999988074840643
0.9999992414244574
0.9999990747957542
0.9999994669649561
1.0000129487268956
1.0000086858141874
0.9999995918101863
0.9999988408092007
0.9999979479916316
0.9999966629609278
1.000006691066346
0.9999916648372362
1.000012740572264
0.9999981820787356
0.9999977184214305
0.9999951713144543
0.9999976629388981
0.999999502391279
0.9999961984839463
0.9999978441699213
0.9999994727811816
0.9999977503728177
0.9999989062653329
0.9999976794966743
0.9999971803351274
0.9999994544567111
0.9999991300740505
0.9999993062743955
1.000235556318374
1.0000077108441667
0.9999963523598552
1.0000352184616523
0.9999984733040994
0.9999989768143914
1.000438203861499
0.9999867444456082
0.9999956068667222
0.9999996489552788
0.999999624269631
0.9999990749580249
0.9999980761501941
0.9999983785469424
0.9999971556044707
0.9999937881024353
0.9999944948513069
0.9999950559837675
0.9999979832520439
0.9999990596148736
1.0000229111196888
0.9999991783535127
0.9999993446525203
0.9999986443575318
1.0000016531437703
0.9999972490546738
0.9999920546734328
1.0000015305654182
0.9999919261375064
0.9999961225621572
0.9999965822846726
0.9999989886051465
0.9999983934532909
1.0000171415336851
0.9999863032791398
0.9999984775966115
1.000000397106941
0.9999918886629355
1.0000222799640937
0.9999969376514443
0.999998435670042
1.0000053184981075
0.9999992567699683
1.000009832415884
0.9999993245668602
0.9999996633843113
0.9999991144767199
0.9999990168667214
0.9999987204639555
1.000027001220225
1.0000230437751771
1.000047159290034
0.9999983350865979
0.9999993507053878
0.999999101999951
0.9999919438508377
0.9999983502764304
0.9999993303553847
0.9999988105942147
1.0000365499680945
0.9999957788259547
0.999999669598659
1.0000035716115165
0.9999980219939353
0.9999921162527777
0.9999993738037142
1.0000025659445766
1.000004426956791
1.0000700759515206
1.0000001645410252
0.9999902447230218
0.9999991303366521
1.0000546841990916
1.0000072714026067
1.000035151466099
1.0000100937703946
0.9999986377389581
0.9999993459961449
0.9999991420928844
0.9999988755604404
0.999996770129069
0.9999965750310403
0.9999995089821161
0.9999980330386551
0.9999998909518558
0.9999971558595525
0.9999954730858159
0.9999978035016126
0.9999995208328782
1.0000002004320534
0.9999991389750047
0.9999997683571059
1.000011523242742
0.999998731140002
1.0000000177956312
0.9999956113698399
0.9999989670489089
1.0000000569968546
0.9999926339551076
0.9999987285228533
1.000014094250575
0.9999979199447474
0.9999975268136979
0.9999989255669994
1.0000081757365658
1.0000082811312103
1.0000317183226655
0.9999980302826263
0.9999984094612676
0.9999988388303247
1.0000038732684398
0.9999974049483789
0.9999987651776859
1.000018433656974
1.0000148102701625
0.9999979943229209
0.9999991919163326
0.9999774524083267
1.0000138550793904
0.9999993923523932
1.0000039835064576
0.999995824570391
0.9999981584199706
0.9999984336974608
1.0000375463448337
0.9999978470780713
1.0000157815057111
0.9999993156911755
0.9999950501027789
0.9999993574469056
1.0000545400084597
0.9999983993224918
1.000027354817245
0.9999999602445975
0.9999957749099194
0.9999988555518712
0.9999986855993547
0.9999995421257912
0.9999989183818055
1.000000812904228
1.0000015451846203
0.9999913490499168
1.0000166384926241
1.000001679713403
1.0011641853492157
0.9999993196266445
1.0000096895267756
0.9999998314424448
0.9999886306724833
0.9999910311445122
1.0000059094741547
1.0000135622374369
0.9999987839384633
0.999999286548705
0.9999991101587193
0.9999993854168014
0.9999997413235242
0.9999989064723319
0.9999928466624222
0.9999466896938092
0.999997473357353
0.9999980448671786
0.9999987856124575
0.9999992727077252
1.0000547513011993
0.9999984492451243
0.9999990602676336
0.9999958622461147
0.9999956888148471
0.9999990768451833
0.9999970191127417
0.9999969206553041
1.0000003485677593
0.9999991949662366
1.000011072900686
0.9999981983367796
0.999999514484243
0.9999983503528324
0.9999955247669798
0.9999705090351797
0.9999889530663333
0.9999952007598625
0.9999901534646723
0.999999393893125
0.9999982227592791
1.0000113800068142
1.0000226112787325
0.999997919515144
0.9999988955493746
0.9999986327815472
0.9999990565328809
0.9999924182452491
0.9999982773815721
1.0000003281123468
0.999999554380027
0.9999992217291064
0.9999881311261043
0.9999993970863401
0.9999929016085976
1.0000040765111344
1.0000047629499373
0.9999982509684819
1.0000052934097037
0.9999992723879285
0.9999193200487396
1.0000577895585265
1.0000065053027039
1.000012877302271
1.000005705615356
1.0000037476204544
1.000008624881263
1.0000949697530632
1.0000074428588412
0.999998219569447
0.9999964586615196
0.9999813197559945
0.999995507806399
1.0000786645716515
1.0000034204244637
0.9999992063979566
1.0000643043715547
0.9999990327824366
1.0000318465433327
0.9999977243997935
1.000000094404143
0.9999985787961259
1.000032120118167
1.000012663430028
0.9999958384641731
0.9999993957691985
0.9999990094654034
1.0000071387819767
1.000009324797223
1.0001929044452307
0.9999977324005987
0.999998829779013
0.9999982396260484
0.9999991668928427
0.9999973310991773
0.9999998443695765
1.0000001973044135
1.00000171147764
1.0000033653050913
0.9999892943302623
1.0000116970692094
0.9999987598677768
1.000079141147766
1.0000120821072238
0.9999840164862317
1.0000084779314242
1.0000119771815892
1.0000170522388796
0.9999994223904384
0.9999982313843949
0.9999992665025408
0.9999932105650812
1.0001555295111637
1.0000067333262912
1.00000521307168
1.0000001493013582
0.9999977730217404
1.000009387094101
0.9999998331138313
0.9999986053358972
1.0000111293483287
0.9999972907500388
1.0000037491116955
0.9999958821768051
1.0000075262967252
1.000006794230862
0.9999986091421778
0.9999993322420138
0.9999966897851303
1.0000343497653403
0.999998600609029
0.9999895964085465
0.9999982269626103
0.9999985604596456
1.0000057161100284
0.9999924538479764
0.9999981076870341
0.999998765012291
0.9999988738216052
1.000018676856148
1.0000144656579477
1.0000000362818966
1.0000185617394306
0.9794678071259081
0.9999985117737077
0.9999987390346193
1.000009136138
0.9999990079703343
1.0000052607385348
0.9999922505837382
1.0000098417651102
0.9999997045113305
1.0000019313813449
1.0000059776011185
0.9999977045020177
0.9999989303818504
1.0000004077088738
0.9999986901037725
1.0000132740033194
0.9999974664741733
1.0000237154176201
0.9999985072284118
0.9999995968260041
0.9999981797868045
0.9999933308463285
1.0000158392053158
0.9999979355087089
0.9999959249268013
1.0000028634035332
0.9999893450486171
0.9999992000770784
1.0000053024220203
1.0006038752874484
0.9999696646401315
0.999999320586932
0.9999997529545033
0.9999977411245895
0.9999989424868454
0.9999888599620781
0.9999959731714217
0.9999474032393908
1.0000060311507264
1.0000078676085742
1.0000219999435354
1.0000110578103423
0.9999997413771836
0.9999912499511754
1.0000129549119676
0.9999991177417793
0.9999986405300686
0.9999996547928951
0.9999988039071378
1.0000019683302286
0.9999994019436754
1.000006944776747
0.9999785244084459
0.9999997794999992
1.0000254860238655
0.9999989763780368
1.0000377264300684
0.999998456962998
0.9999988273173224
0.9999961308108194
0.9999985392438374
0.9999980541676547
0.9999944352584423
0.9999979460789559
0.999986208656206
0.9999990780439396
0.9999968280675119
0.9999992510437941
0.9999972938245594
1.0000266171374848
0.9999973000010971
0.9999991515131552
1.0000404198881592
0.9999898103555414
1.0000361682554462
0.9999990776095187
0.9999991048164203
1.000008423467429
0.9999428393628496
0.9999991574656091
0.9999987998011282
1.0000004218388954
0.9999997519817516
0.9999987332869343
0.9999990266722549
0.9999998250073222
0.9999985578886933
0.9999930007568391
0.9999989640832014
0.9999981377424461
0.9999989486533755
1.000004363613581
0.9999994639047624
0.9999990861878953
0.9999956519523157
1.0000065017660131
0.999999008487261
1.0000070650275181
0.9999964416415689
1.000013853406499
0.999998121620979
0.9999986345158243
1.0000043619413643
0.9999994601095886
0.9999999412367185
1.0000156001502003
1.0000105152925418
0.9999986544598681
0.9999998142591834
0.9999971736485984
0.9999995602866077
0.999998317883731
0.9999992363318801
0.9999838334517321
0.999999295826892
0.9999911834128424
0.9999931568178451
0.9999992894721667
1.0000082236310086
1.0000032569447015
1.000009224295347
0.9999978690037394
1.0000287003844244
0.9999977615622592
0.9999989234005382
1.0000057491876382
0.9999972396596899
0.9999990745182757
1.000014437835025
0.9999942608933989
0.9999987834161237
0.999999460979464
0.9999997030885156
0.9999984004632255
1.0000016902124982
1.0000366157889062
0.9999988012204669
0.9999922981996283
0.9999980840620888
0.9999973933297231
0.9999961901583787
1.000058566644263
0.9999975327388388
0.9999997270088397
1.0000254929885803
1.000012923410292
1.0000001140394488
0.9999984637110068
1.0000219805324835
0.9999977697025245
0.9999972612268988
0.9999979835889228
0.9999982762471522
0.999998450629333
1.0000373561377194
0.9999979118856762
0.9999976716169543
0.9999984680383637
1.0000009132129875
0.9999944870944235
1.0000199255231033
0.9999985131036588
0.9999944529926241
1.0000153575251698
1.0000028605762163
0.9999991521054394
0.9999992663583711
0.999999121103385
0.9999064865645231
0.9999994958259073
0.9999993118821253
0.9999999960064072
0.9999992786983787
0.9999968238312442
0.9999908192979989
1.000637533684322
0.9999787295013602
0.9999967716133327
0.9999990318072807
1.0000061431959442
0.9999959889574672
1.0000138885489749
0.999997626367245
0.999998720338976
1.0000278738651904
1.0000452215231272
0.9999983191776932
1.0000736744082752
0.9999990057679391
0.9999948954990363
0.9999984156994441
1.0000051425925003
0.9999981406665565
0.9999999280175368
0.9999975801759285
0.9999982274864689
0.9999985306411002
0.9999989025017009
0.9999972807902601
0.999998943887507
1.000006403127435
1.0000245209106364
0.9999992972679125
0.9999950558053714
0.9999985491357132
0.9999997645123452
0.9999953762784951
1.0000085961152485
0.9999945555645843
0.9999966612394009
0.9999961131523315
0.9999986376146798
1.0000064940772264
0.9999983737780854
0.9999969838028903
0.9999967272672646
1.0001825821844725
0.9999970417624245
0.9999979407453579
0.9999911691623193
1.0000004118182297
0.9999927312078043
0.9999987466712393
0.9999974086012063
0.9999987953824341
0.9999956118571517
0.9999936760816005
0.9999962462371544
1.0000064264869735
1.0000123822897875
0.9999999490812809
1.0000030706364715
0.99999686456164
1.0000915235917562
1.000286397336371
1.0000089619603558
0.999999767162219
0.9999984637875495
0.9999881868986452
0.9999990067893243
0.999997442227347
1.0000024810624364
1.0000106265107953
0.99999880992579
0.9999994137701456
0.9999996360048339
0.9986869353627994
0.9999988874212848
0.9999994972712526
1.0000042088870524
1.000020736804561
1.0000028199428646
0.9999978820314993
0.999999590827105
1.000003362831405
0.9999974786665317
0.9999979783112004
1.000004589012558
0.9999993579989566
0.9999992227696394
1.000002388526567
1.000019215323664
0.9999982905342513
0.9999989568503006
0.9999490630533597
0.999999165622527
1.0000404567007724
0.9999964220553677
1.0000079008255112
0.9999995579572621
0.9999988196435361
1.0000516407304871
1.000000695432486
0.9999972852126144
1.0000076499580035
1.000357075508344
0.9999992328747243
1.0000137324967722
0.999997769945627
0.9999951938747413
0.9999995204245927
0.9999998827245374
1.00000062654243
0.9999986160846754
1.0000003056998543
0.9999947331528759
1.0000161729236363
0.9999896846928877
1.0000293399658235
0.9999963847943725
0.9999800698932754
0.9999989927525521
1.0003031055671534
0.9999977733489509
0.9999998250206044
1.000129743167159
1.0000004860979648
0.9999978158866342
0.9999982139204175
0.9999990682924321
0.9999987590137809
1.0000050244306784
1.000093595194035
1.0000017966339811
1.0000011477543331
1.0006503520502585
0.9999986791190537
0.9999998324290544
0.999999214137404
0.9999989070229941
1.0000079446058459
0.9999966647005051
0.9999984913099058
0.9999980803665383
0.9999931914879572
1.000002926551288
0.9999871502295197
1.0000076335109205
1.0000004143444277
1.0000048085199822
0.9999990152999211
0.9999989815892392
0.9999979440639643
1.0000028424834817
0.9999996008118427
1.0000001611026714
0.999999487859357
1.0000010278822937
1.0000026160586106
1.0000016287340836
0.999999148749447
0.9999952056529197
0.9999983930117261
1.0000003981761427
0.9999854698453089
1.0000098561103772
0.9999978871648038
0.9999974761315005
1.000000746422228
0.9999928047842623
1.000007189245416
0.9999988057773082
1.0000001074478955
0.9999988099536187
0.9999985129853645
1.000410706263392
0.9999991944881613
0.9999899031940108
0.9999983237684869
1.0000129789284185
1.000010499510436
0.9999985308297022
0.9999971948636004
0.9999989948348487
1.0000066898516589
0.9999990548176401
0.9999937648722818
1.0000836916234768
1.0000071783722473
1.0000060313755508
0.9999978660648916
0.9999997950743498
0.9999870502415211
1.0000050000931706
0.999996919186702
0.9999965932189995
0.999998632696349
1.0000089637553489
0.9999987861415323
1.0000108409979018
0.9999997215184538
1.0000569095680634
0.9999927618893529
0.9999993322679085
1.00000515223524
0.9999976603172991
1.000006580710163
1.0000209695521722
0.9999970719966065
0.999998114525979
0.9999980404939304
1.0000051566884411
0.9999977145378548
1.0000017575680689
1.000007073471211
0.9999986643165585
1.000056160500743
1.0000110202972345
0.9999981990407593
0.9999992364409679
0.9999994900261479
0.9999994700079586
0.9999433344985931
0.999998719012648
0.9999995721269754
1.0000036355591209
1.0000005407317816
0.9999978068141518
0.9999987406695332
0.9999981472481515
0.9999998060673897
1.0000060102861124
0.9999927419504809
0.999999602591715
0.9999953247518429
1.0000058474140245
0.9999964849472208
0.9999962540737656
1.0000080270741032
1.0000073384568258
0.9999991470234082
0.9999971484373077
1.0000029407177145
1.0000001471181155
0.9999975550836959
0.9999971601996581
0.9999992225309804
0.9999978981285402
1.0000436830435164
1.0000099278077825
0.9999922200829975
0.9999883080864838
0.9999984141479971
0.9999929527335987
0.9999862521955957
1.0000055720137149
0.9998917326418651
1.000011232639132
0.9999968534667651
1.0000046733789902
1.0000025607828846
0.9999972255187711
0.9999978479472603
0.9999991589274797
0.9999906329861139
0.9999957220919441
0.9999979076832222
1.0000181746949959
0.9999980017857399
0.999998724500845
0.9999948486243811
0.9999998313527869
0.9999962892109171
0.9999998597140902
1.0000086795937482
1.0000097000792587
0.9999979183736211
0.999998581422712
1.0000303797437462
0.999998470188988
1.000008951209179
0.9999993320162568
0.999998461019096
0.9999986030670568
1.0000154483778758
0.9999961537497509
1.0000132931057106
0.999999429964139
1.0000072555774888
0.99999902953396
0.9999945731643541
0.9999991264628291
1.0013943685800586
0.9999973245301028
1.0000203850459604
1.0000211616709347
1.000083465852659
0.9999996756909977
0.999997643938464
0.9999970904257877
0.9999994757199667
1.00001755037327
0.9999969422756615
1.000006048405797
0.9999793801494957
1.000022070543814
0.999999248194671
0.9999986467719151
0.9999958257165444
0.9999988529457233
0.9999990778508118
0.9999966544605501
0.9999982934533456
0.9999991664230393
1.0000011763077308
1.0000103373585563
1.000010521654431
0.9999984233076812
1.0000006789638232
0.9999986077183938
1.0000061031391139
1.000000229888831
1.000008662331474
0.9999992179718353
0.9999965475230347
1.000002525408823
0.999993824417266
1.000001458750554
0.9999999121230255
0.9999990101234204
1.0000054006802064
0.9999993505437018
1.000002377453286
0.9999996859368382
0.9999971322884295
0.9999993938097295
1.0000136225902656
1.0000017135414294
0.9999990363654175
1.0000013133077639
1.000013474941409
0.9999995270223114
1.000003483450636
0.9999979842568248
0.9999979578756858
1.0000431650712376
0.9999995406085348
1.0000971214981953
0.9999974842280979
0.9999981924117018
0.9999971538268116
1.000024925553
0.9999986738776558
0.999998156795029
1.000001632697943
1.0000053515073393
1.0000111295175165
0.9999984952606128
0.9999985540922433
1.0000036400828476
1.0000227380275184
0.9999986307066918
1.0000058362302047
1.0000033338234022
1.0000258993308417
0.9999988037664318
0.9999991501675529
0.9999986813891716
0.9999551566812311
1.0000083857770619
1.000007135172265
0.999995137618369
0.9999984384604201
0.9999960157528266
1.0000002072255259
0.9999981822377958
0.9999363766108607
0.9999989186522402
0.9999997410294026
0.9999989937468896
0.9999986599039464
0.9999844313867042
0.9999982076237972
1.0000065756817211
0.9999980595996016
0.9999992503564541
0.9999958531525671
0.9999986748054461
0.9999999904275441
1.0000071925110556
0.9999984577768768
0.9999987418002456
1.0000538655925137
0.9999991134249454
0.9999953289217619
0.9999996941573385
0.9999957012005999
0.9999981797696605
1.0000135654818778
1.000012338133891
0.9999979409691125
1.0000176655495365
0.9999999762932719
1.0000032768772544
1.0000162858343806
0.9999993364030432
0.9999926798109179
0.9999984541171775
0.9999978163704127
0.9999999469805199
0.9999993075124937
0.999990481083622
1.0000124984025542
1.0000159464191372
1.0000321277502535
0.9999994225689373
1.0000168766592168
1.0000225235961466
0.9999980468757909
0.9999991305401358
0.9999885604932919
0.999999391039416
0.9999965765341587
0.999998967348595
1.0000100737858952
1.000010431479746
0.9999962354636974
0.9999986891431781
0.9999969891193328
1.0004914302224903
0.999991989739079
0.9999991743382624
0.9999999623838051
0.9999992023683706
1.0000055331086364
0.9999880086896175
0.9999988748842588
0.9999987652056589
1.000002860972492
1.000007961521432
0.9999966570905906
0.9999984020952944
0.9999992486682626
1.0000585815760923
0.9999991123781181
0.9999971539297905
0.9999992928850306
0.9999886627369085
1.0000019962454718
1.0000117803803208
0.9999974682868187
0.9999980446762876
0.9999880610392515
0.9999967619379319
0.9999991867338962
1.0000007961142139
0.9999995802806183
0.9999936381678619
0.9999802154656333
0.9999980064551683
0.9999935677389091
1.0000066286689129
1.0000003560491868
1.0000364360393283
1.0000086608316054
1.0000067852854708
1.0000081046885911
0.9999869107265248
0.9999983705587946
0.9999887427196031
0.9999993197339551
0.999989800135839
0.9999994180357665
1.0000045923658196
0.9999987451705795
0.9999995143526995
0.9999965460203594
0.9999979747576144
0.9999972865497783
0.999999019039813
1.00000148149446
0.9999976209697398
0.9999972750550171
0.9999990719634375
1.0000126087616201
0.9999988934286583
0.9999978399977105
1.0000244140901302
0.999996313888085
1.0001336736237012
0.999998633795684
0.9999987056330494
0.9999998477353328
1.0000012915760295
0.9999980879429186
0.9999873584289064
0.9999992008687085
0.9999966856563003
0.9999985830451764
1.0000038791779418
1.0000094452330996
0.9999984252275665
0.9999989394454726
0.9999981734718364
1.00000844751226
0.9999961494314283
0.9999974569923856
0.9999992616923685
1.0000063603257032
1.0000119227465831
0.9999909269196715
0.9999993441540662
1.0000127566663033
0.9999996923749319
0.9999995152617015
1.0000081730039334
1.00000233968696
1.000007897146144
0.9999984734916184
0.9999994740818631
0.9999993120711627
0.9999980703924004
0.9999900243820449
1.0000111237465414
0.9999968639169193
0.9999993513145006
1.0001692501909476
1.0000046065298624
1.0000000069661437
1.0000194366224722
0.9999980459585027
0.9999995592292831
0.9999973712406413
0.9999973971261343
0.9999911000343708
0.9999894392735776
0.9999978656614104
1.0000056186483857
0.9999985647544724
0.9999989467634538
0.9999988004178766
0.999998366398029
0.9999999796652106
1.0000131373059598
0.9999938045666931
0.999999436810922
1.000047499170614
1.000006847268379
0.9999985949367022
0.9999987542737384
0.9999917621088483
0.9999983651387473
0.999998878996876
0.9999998405328835
0.999998552381414
0.9998780233648593
0.9999914381667895
0.9999996342921488
0.9999985198903002
0.999992686361913
0.9999988824142455
0.9999969560682859
0.9999983209703589
0.999999309047153
0.9999601958999922
0.9999998551748128
1.0000054715111841
1.000000433640622
1.000074464535303
0.9999962506320437
0.9999990586703664
0.9999952308023277
0.9999968157382241
0.9999992283199121
0.9999993402583758
1.0001005361918576
0.9999966285655898
0.9999979437460025
0.9999991577818689
1.0000032862541208
0.9999995382217703
0.9999985046413035
0.99999815899151
1.0000042461950478
1.000006309265825
0.999999929078672
0.9999989233352266
1.000004723288209
0.999999132641997
0.9999992375066368
1.0000134546661354
0.9999955646144788
0.9999836531695115
0.9999987838923697
0.9999990558562719
0.9999992014651283
1.0000090437434332
1.000147448089505
0.9999985978628368
0.9999990439873034
0.9999995810789254
0.9999988139074367
0.999984184606547
1.0000125919799303
0.9999986077891787
0.9999963263358241
0.9999932963115883
0.9999990523492572
0.9999987450033145
0.9999893693320164
1.0000010361702563
1.000035765572418
0.9999989779322042
0.9999977160753213
1.0000022619885138
0.9999976530937981
1.0000979179750231
0.9999986070371434
0.9999964470223439
1.0000108181464455
1.0001935732791802
1.000059161861978
0.9999915836135644
0.9999997399476802
0.9999991106293923
0.9999991259349098
0.9999944059300536
0.9999973145411878
0.9999974719189724
0.9999981539950953
0.999997801329781
0.9999995376296315
0.9999996533082228
1.0000001128257665
1.0000016257395303
0.9999986998033917
1.0000122725007106
1.0000178836293914
0.9999989419656544
1.000032519124983
0.999998135515373
0.999998306651228
0.9999964551223834
0.9999946614701425
0.999994477527213
0.9999963522784294
0.9999997606602209
0.9999979775589309
0.9999852774432967
1.000015379925056
1.0000196808465058
0.9999983283339526
0.9999881959167265
0.9999982711731714
0.9999880824674026
1.0000015617827969
0.9999979504558835
0.9999992980509583
0.9999987696232228
0.9999989576394555
1.0000019993646716
1.000009301440602
1.0000052579588483
0.9999997484944709
1.0000182798423636
0.9999976747488123
0.9999940982403335
1.0000045388520897
0.9999754073437325
0.9999992857207275
0.9999971593036115
0.9999977261048923
0.9999990701214114
0.9999966464035926
0.9999326992979028
1.0000022482089572
1.000007294363599
0.9999986011214524
0.9999998338708397
0.9999992825974378
0.9999992485409358
0.9999983829790995
0.9999933162503539
0.9999994462416901
0.999990139515707
0.9999948973907856
0.9999973189648679
0.9999933288325518
0.9999923132006466
1.000186345685039
1.0000103165580492
0.9999961409056806
0.9999962165153354
1.0000147220948765
0.9999982100458313
1.00004675673159
0.9999978361879714
1.0000062385398554
1.0000052273856985
1.000007041444649
0.9999992134023151
1.0000076318282611
1.000027244254019
1.000003697556843
1.0001339292225648
1.00000023403239
0.9999983843322169
1.0000091834108638
1.0000005347600331
0.9999971947370083
0.9999991895553971
0.9999991759827696
0.9988063963672957
0.999994111450349
1.0000119059912007
1.0000180227643418
0.9999968837105067
0.9999972641600943
0.9999990646782215
0.9999986749638782
0.9999995457102224
1.0005912261144025
1.000004693095249
1.000003458192719
0.999999187099713
0.999999005218842
0.9999915384649525
0.9999890145839155
0.9999994608264242
0.9999990734523246
0.9999982121785168
1.0000066964497412
1.0000091520728223
0.999998760940901
0.999998600629706
0.9999990209624748
1.0000044933046737
0.9999989625729075
1.0000066335800966
0.9999961480496913
0.9999674988894038
1.000009378365255
0.999998791151584
0.9999986532253535
0.9999975902834535
0.9999992332373225
0.999998303205711
0.9999860995580967
0.9999991509254376
1.0000004210863258
1.0000087224018903
1.0000010059250433
0.9999983193318455
0.999999329966852
0.9999995377466531
0.999998659186263
0.9999983997335606
0.9999975165922724
1.0000006072375132
1.000006873014717
1.0000021931469756
0.9999990855571685
1.0000028238857204
0.9999988503756341
0.9999996768261886
1.0000014999952833
0.9999964201799563
1.0002906303595689
0.9999996368490625
0.9999991418671583
1.0000072267972542
0.9999983019172622
1.0000000475125215
0.9999659721039094
0.9999987604191075
1.0000249148634834
0.9999990546136642
1.0000157672863903
1.0000521058041651
0.9999955091523908
0.9999992315771102
0.999987950650852
0.9999984579839989
1.0000005033546593
1.0000162435222844
0.999999966674885
1.0000002989983938
1.000010963281716
0.9999988994692123
0.9999991806967365
0.999999611944369
1.0000135300889585
1.0000370471798323
0.9999987690320284
1.000007863658436
0.9999995802731492
0.9999973741230411
0.9999863051495691
0.9991942749060969
1.0000048188574462
0.9999963541389437
1.0000217498330577
0.9999994182962083
0.9999955361023717
1.0000000924836914
0.9999985325564344
0.9999976391342902
0.9999907535017393
0.9999991582784052
1.0000147995387114
0.9999980701841824
0.9999995092654994
1.0000268976081494
0.9999986361093837
0.9999975933389269
0.9999990578592199
0.9999949688905795
0.9999972499610622
1.0000054529479674
1.0000036926074214
1.0000002597927726
0.9999986671076049
0.9999825163729866
0.9999990986604381
0.9999982771522896
1.0000096818603257
0.9999992879028292
0.9999992354540953
1.00001630530335
0.9999998111185191
1.000005923358986
1.0000196787361282
0.999997695801782
0.999999213016938
0.9999980638966884
1.0000122324495018
0.9999995595421824
1.0000113955070504
1.000001108359024
1.0000087173745837
0.9999986294025136
1.004919197595217
0.9999994377556098
0.9999995706318918
1.0000000705878453
1.0000038255762864
1.0000057790230112
0.9999992103959795
0.9999925238482806
0.9999994220975305
0.9999978926689641
0.9999989478788368
1.0000022041815064
0.9998412001859988
0.9999867547860519
0.9999974827426936
0.9999998600025723
0.999997889468412
0.9999992838719363
0.999997757370555
1.000000299541133
0.9999842136925863
0.9999989627869957
0.999998692518381
0.9999936427925045
0.999997228469178
0.9999970937014094
0.9999989862708841
0.9999996965660075
0.9999892098637483
0.9999971048329478
0.9999988175055161
0.9999917164686782
1.000003229761109
0.999998908294074
1.0000234824153984
1.0001139400821584
1.0028954712985176
0.9999990587495469
1.0000168532726046
0.999998794534779
1.0000069141891985
1.000002219607562
0.999998933815583
1.0000072052020568
0.999997058374173
0.9999973122907058
1.000000165773815
0.9999985126798401
0.9999988864093894
0.9999994312889512
1.0000026135701094
0.9999949183106439
1.0000005315797034
1.0000094386768108
0.9999996240080468
0.9999949736596261
1.000004222274466
0.9998630630891558
0.9999966387139958
0.9999995822564742
1.0000699613596904
0.9999979831703449
0.9999970932890666
0.9999981765394049
1.0000058954595945
1.0000228744153574
1.0000060562022388
0.9999985047535259
0.9999977394981004
0.999999255741808
0.9999986325450025
0.9999984289934373
0.9999966397984869
1.0000024395367944
1.0000012053550553
1.000008925053805
1.0000105223004006
0.9999990305977896
0.999999753623148
1.0000035211601495
0.9999992685588504
0.9999976536037339
0.999992740234087
0.9999958527308047
0.9999991566581797
0.9999879418095455
1.000010055766833
0.9999980076244124
1.0000647994847562
0.9999984086203851
0.9999996983883892
1.0000000348508333
0.9999830670199994
1.0000092262836864
0.9999981824421493
0.9999996066145375
0.9999995756369383
0.9999947735081397
0.9999995931263723
1.0000517458196163
0.999998918701223
0.9999960704344356
0.999999494084108
0.9999989438478376
1.0000142907379146
0.9999994836263351
0.9999975025173288
0.999996865432254
0.9999966577345035
1.0000088549515038
1.0000055797025575
0.9999931202809436
0.9999984779914537
0.9999953341116458
1.0000004638663984
0.9999973320379651
0.9999978189653855
0.9999994334663079
0.9999949933532973
0.999998113147333
0.9999991445171266
0.9999993415771059
0.9999966663846198
1.0002555526189167
1.000000759834603
0.9999995589127288
1.000003051813095
0.9999993813219892
1.0000587567060166
0.9999988544769943
0.9999997106389358
0.9999980023440597
0.9999988950872998
0.9999887179065196
1.0000102034626352
1.0000506718445146
1.0000066936296912
0.9999965589800113
0.9999991496891516
0.9999931327447358
0.9999988358924795
0.9999981928258767
0.9999982400395157
0.9999883770006348
0.9999952098369332
0.9999994316123197
0.9999959976979601
1.0000045819245758
0.9999999158718701
1.0000463149393437
0.9999987073085406
0.9999857675165907
0.9999989314331319
0.9999960411270589
0.999993610276659
0.9999975972449421
1.0000146681436934
1.0000116053832886
0.9999969461279831
0.9999985557293823
0.9999924688539877
0.9999916216173299
0.9999998383073327
0.9999974577251238
0.999998418863845
1.0000000079232583
1.0000072116963699
0.9999995098154184
0.9999954229427377
0.999998722911493
1.0002019878280026
1.0000056702046578
0.9999996016087987
0.9999995209299934
0.9999897076930658
1.0000028510927683
0.9999984875144757
0.9999940077572277
1.0000001979660675
0.999999440702834
0.9999993176481566
0.9999975617409483
0.9999988718301416
0.999999232794559
1.0000112642663836
1.0001149652459402
0.9999963079205714
1.0000313091204196
0.9999984404432811
0.9999996928020013
0.9705385738859089
1.0000084217280996
0.9999943827368972
1.0000010301539157
0.9999997482980032
0.9999935946804696
0.9999998074881727
0.9999996665581992
0.9999936158129011
1.0000082867261078
0.9999990661272167
1.0000069204893764
1.0000004703069973
0.9999983141070995
0.9999980925561955
1.0000159702593463
0.9999995720775972
0.9999836711009816
1.0000230071197118
1.000004957363058
1.0000046358704733
0.9999994897350046
0.9999996166566122
0.9999996603647854
1.0000000865433556
0.999998730537834
0.9999993859973398
0.9999987031303692
0.9999990461542446
0.9999963287499455
0.9999995068307591
1.000000952326522
0.9999949463465673
0.9999622649090255
0.9999994210271246
1.000000521065365
0.9999978518469463
1.0000299687202663
0.9999996431286314
0.9999993973519985
0.9999963413806218
1.000018303771513
0.9999848520137794
1.0000034593768925
1.0000053458212939
0.999998835729709
1.000001892463617
0.9999970485417128
0.9999988229147074
0.9999924026951238
0.9999990733666193
0.9999984309015578
0.9999976654691869
0.999999162830186
1.0000001641126501
0.9999892803619027
0.9999996449418386
0.999999445923918
0.9999965573798557
0.9999959957253343
0.9999985612020356
0.9999980623535434
0.9999992023779358
1.00000757200957
0.9999971175364929
0.9999974144151114
1.0000062069150808
0.9999969309156502
1.0000073467401003
1.0000282316731528
0.9999996838258777
1.0000540996665523
0.9999941076345763
0.9999976858286238
0.9999990126305776
1.0000530127064386
0.9999970809822072
0.9999999231928005
0.9999994533523545
0.9999991745013962
0.9999982566870987
0.9999999406682187
0.9999990060906204
1.0000074172369418
0.9999989931623404
1.0000063382348148
1.0000068100200705
0.999991066314832
1.0000025947526294
0.9999958297681505
1.0000082358166948
0.9999742665630875
0.9999986578310914
0.9999803455851214
1.0000357057958358
0.9999981888254158
0.9999994874693724
1.0000021582894367
0.9999992987941845
0.9999972681183321
0.9999997097923755
1.000000038906792
1.0000098396374806
0.9999989761434297
1.0000266238849602
0.9999990238341704
0.9999989032588422
0.9999990358006693
0.9999992617659449
1.0000022931719288
1.000007112366413
0.999972824500032
0.9999957336012298
0.9999985396231652
0.9999958041682977
0.9999957967725422
0.9999989160888374
0.9999991511031179
0.9999976044750171
1.0000147149681424
0.9999968128817642
0.9999972039025105
1.0000072012292271
0.9999993565971614
0.999998381351744
0.9999958446209117
0.9999969307838444
0.9999985623572228
0.9999997450262769
1.0000114969366944
0.9999949772234964
0.9999988932607036
1.000013614619746
1.000006544258145
1.0000088122749733
1.000006151043402
1.0000017610414687
1.0000020432141699
1.000019167514515
0.9999993337521653
0.9999955397313129
1.0000031568930694
0.9999992411332498
0.9999921268619871
0.9999981527191034
1.0000010107565769
0.9999987400625787
0.9999908314375946
0.9999986060473192
0.9999997102563642
0.9999991894155846
0.9999983849936463
0.9999995958960656
0.9999987756791571
1.0000000428803224
0.9999968345788214
1.0000162466528875
1.0000086479444126
0.9999789358958512
0.999999431954417
0.999999333279556
0.9999924050569725
0.9999992831544579
1.000002485491567
0.9999993972092478
0.9999975346209203
0.9999943283312989
0.9999980217384314
0.9999981700712103
1.0000105928538852
1.0000980701266915
1.000004725751942
0.9999990742660758
0.9999918700955254
0.9999972289234164
0.999999499266435
0.99999476821642
0.9999971127140742
1.0000096583792888
0.9999714361158564
0.9999991958731779
0.9999992635826118
1.0003835589094012
0.9999987564115765
0.9999764989243903
0.9999996860103941
1.000029326119169
0.9999982197630581
0.999999171070688
1.0000066223921171
0.9999987686322394
1.0000000332556276
1.000000463700762
1.0000074180391254
0.9999995896170214
0.9999939371672959
0.9999994587781191
0.9999995516827528
0.9999978401455537
1.0000069946125918
1.0000205177925197
0.9999972541720197
1.0001247635636656
0.9999988225336405
0.9999928497340979
1.0000013418075588
0.9999986222657621
0.9999986710340615
0.9999993628022252
0.9999995594116161
1.000014227406044
1.0000066179902924
0.99999792611437
1.0000219693220682
0.999998637442785
0.9999989466554461
0.9999977989688791
1.0000011601139471
1.0000013508641818
1.0000020417686628
1.0000074456896155
0.9999971541304462
0.999988000921204
0.9999955393623845
0.9999999871374693
0.9999995118178954
0.9999964581739323
0.9999999119004526
1.0005344236567477
0.9999974297927045
1.000005926104667
0.9999995577798605
1.000003448951512
1.0000003417433379
1.0000304088057346
0.9999981280534922
0.9999887208181817
0.9999941081389626
0.9999992638333298
1.0000004586085145
0.999999021662349
1.0000387478968082
0.9999966553453851
0.9999952746163242
0.9999981051013289
0.9999965869189756
0.999997417084924
0.9999907000772503
0.9999930542906624
0.9999993573654524
0.9999686855873955
0.9999986154782271
0.9999958226122405
0.9999959648336139
0.9999982227341137
1.0000203393699585
0.9999863055186201
0.9999987780323414
1.0000025392606378
0.9999988535341284
0.999997893524389
0.9999981134783942
1.0000129648368596
0.9999986224959814
1.0000055871419053
0.9999992975118753
1.000016702365373
0.9999890857785517
0.9999989869771473
1.0000162632156335
1.000006929720909
1.0000098572109817
1.0000024669101688
0.9999984875208388
0.9999975117586515
1.000013764966997
0.9999887034549668
0.9999984693412312
0.9999988765772854
0.999998571176973
0.9999995336067561
1.0000030360606356
0.9999971608255067
0.9999982856896839
0.9999982339726127
1.0000018393692216
0.999996627031676
1.00000022148246
0.9999981900816947
0.9999988563690282
1.0000036231462621
1.000018173108775
1.0000247185462932
1.0000014602131273
0.9999990542233886
0.9999983829519733
1.0000008715684376
0.9999982045351103
0.999999540909385
0.999998893176744
1.0000016049422127
1.0000074287543803
0.9999996534686294
0.999999400298911
1.0000337474199865
0.9999898974033375
1.0000072087023406
0.9999978191587925
0.9999994184293666
1.0000001623581962
1.0000083478639161
0.9999791806678581
0.9999992161991162
0.9999992476936982
1.0000870637389625
1.0000087987758315
0.9999975120253952
0.9999985366118115
1.0000085989679335
0.9999962240735616
0.9999987842026087
1.0002783495823724
0.9999996649251846
0.9999993455118051
0.999987478620862
0.9999991547496444
0.9999902563781645
0.9999998609851454
0.9999995626850904
0.9999988958257169
1.0000040360784894
0.9999889460001604
1.000002165354476
0.9999984894297345
1.0000061158480245
0.9999965360795957
0.9999992167868244
1.0000808978306146
0.9999841007526015
0.9999993670963709
1.00002220069466
0.9999696732646152
1.0000021541538904
1.0000215466977955
1.0000106683728567
0.9999950443168001
1.0000524545176053
1.0000307711862928
0.9999990565712313
0.9999994184941161
1.000009685157986
0.9999935514531963
0.999999817873358
0.9999970043982495
0.9999988991033563
1.0000093257793627
1.000008332024565
1.0000006137436508
0.9999910560546257
0.9999990156439648
0.9999998297174297
0.9999992353486916
0.9997798535637499
1.0000049324222837
1.0000018931201748
0.9999997168756801
1.0000192497575748
0.9999987857700979
0.9999939321239943
0.9999999588274363
1.0003112762055086
0.9999978752250428
0.9999752137671558
0.9999934747141378
0.9999993945833615
0.9999974069096309
1.000004039014308
1.0005648543009305
0.9999798934684115
1.0000169435567077
0.9999990964468298
1.0000057125834365
1.0000205559159794
0.9999993738957305
0.9999944637051573
0.9999962194433845
0.9999987046118369
0.9999866371466103
0.9999976362360209
0.9999413636588032
0.9999978815924259
0.9999923252152396
1.0000046118340051
0.999997301137601
1.0003623189883049
0.9999991280643981
0.9999989955208299
1.0000009600137953
1.0000055128504586
0.9999990630058858
1.000005051012129
1.00000561834125
0.9999975349779439
0.999998944573152
1.0000109523917904
0.9999929388304536
1.0000096105630882
0.9999996695345814
1.0000001392832618
0.9999978770347456
0.9999985264301616
0.9999974187158426
0.9999946879449599
0.9999986795552082
0.9999987985560406
0.9999975518706132
1.0000212424532824
1.0000106134383955
0.9999446952100797
0.9999995610359258
1.0000202619874548
0.9999984223576996
0.9999983073837433
1.000018965208441
0.9999665219299927
1.0000024788825237
0.9999996637928121
1.0000002903340417
0.9999984963815797
1.000004891313251
0.9999986233318308
1.0000252695708196
0.9999989852013114
0.9999970204412137
1.0000083193049518
1.0000247425303583
0.9999982320073858
0.9999996158113584
0.9999977688879048
0.999998849346142
0.9999997429949218
1.0000002173451092
0.9999978501844927
0.9999979632823915
1.0000089247393662
0.9999992949794183
0.999998605661289
1.000012271229437
0.9999960208330684
0.9999988885434922
1.0000000344234852
1.0000716740652675
0.999996889427787
0.9999981960719999
0.9999986159044586
0.9999990673719575
0.9999974410905993
0.9999993613722399
0.9999999260022261
1.0000118656138621
0.9999994922224608
0.9999997027171021
1.0000012003459036
0.9999984922325409
0.9999994150829467
1.0000152295175941
0.9999808686477816
1.000005500147776
0.9999985176827298
0.9999976534604512
0.999998405889666
0.9999970528699929
0.9999972427705466
0.9999905472625472
1.000001881031969
1.0000109616783277
1.0000097270419823
0.9999624529783178
0.9999992739353596
1.0000000910459372
0.9999969910211249
1.0000049760972995
0.9999997283271213
1.0000060472274968
1.0000153963388265
0.9999981560474324
0.9999984531952605
0.9999995235983293
0.9999992314596847
0.9999994151106806
0.999998129538238
0.9999956631072228
0.9999989425149188
0.9999989157763575
1.00003303556909
1.0000011419021053
1.0000003936416644
0.9999990093784182
0.9999966835831413
0.999995457855744
1.000001753577103
0.9999963121881547
0.9999967445344379
1.0000010037756266
1.000009250419332
0.9999995624811463
0.9999993873605927
0.9999986107976332
0.9999906440320858
0.9999975734705702
1.000005764631512
1.0000006113863917
0.9999985474675195
0.999997797756299
1.0000079674277076
0.9999861433185819
0.9999973017711556
0.9999995119727784
0.9999990733875673
0.999998076289993
0.9999979264599058
0.999999223019876
0.9999987768459253
0.9999972491140336
0.9999997566437047
1.0001309640472476
0.9999747457040126
0.9999991344146305
0.9999988037721167
1.0000124431884105
1.0000025106457064
1.0000626289107089
1.000009484759413
0.9999994767901984
0.9999989942939689
0.999996690823579
1.0000146299137889
0.9999994594800521
0.9999987577713714
1.0000049624946918
0.9999975625110927
1.0000153432130854
0.9999989197171142
0.9999980975091104
0.9999985005075863
1.0000016277126056
1.000010082249311
0.9999831961931052
1.0000038731345535
0.9999988755286356
0.9999985663745989
0.9999996524547703
1.0000441389738717
0.9999988247119213
1.0000024151299192
0.9999974352808284
0.9999960657194016
0.999997802307243
0.9999986351344919
0.9999950221272876
0.9999934811923054
0.9999940298001149
0.9999988911497599
0.9999992640283746
1.0000139077330428
1.0000022830046116
0.9999968474347157
0.9999991128142945
0.9999981521840905
0.9999907941802738
0.9999960117164288
0.9999997003340019
1.0000023926713903
1.0000033629868457
0.9999983820908727
1.000004806958096
0.9999977937126692
0.9999994171280101
0.9999767397915025
1.00000519378751
0.9989370420842401
1.0000024321723588
0.9999965807360663
0.9999992104367935
1.0000019266933318
0.9999998778477147
0.9999977532027056
1.0000010383049978
0.9999964074330386
1.0000049635178767
0.9999983992087194
1.0000010742081538
1.0000036489276136
0.9999976821866382
0.999959471273784
1.0000003008534828
0.9999955130787482
0.9999991767774323
0.9999999569243709
0.9999940702962513
0.9999983070237547
1.0000041772030184
1.0000041655485983
0.9999991871380415
0.9999955813603076
1.0000019780825347
1.0000021943962047
0.9999997548875587
1.0000003589414175
0.999994550479999
0.9999980217845935
0.9999994915781718
1.0000108263248193
0.9999986679505385
1.000014256074204
0.9999993394248271
1.0000798134050235
1.0000037059896938
0.9999774557654005
0.9999981324243159
0.9999977927830884
0.9999995089251486
0.9999989122476988
0.9999969751967052
0.9999993358889399
0.9999977664034917
1.0000079891303222
0.9999963710228423
0.9999997226995746
0.9999864170849702
1.0000050802752218
0.999996231112536
0.9999878191816637
0.9999968580483993
0.9999977843544958
0.9999985354085659
1.000005479725482
1.0000139619792099
0.9999987206944794
0.9999989535617861
0.9999980377701245
1.0000008364585058
0.9999998220668435
1.0000123420665232
0.9999943450173464
1.0000093904704035
0.9999994211271671
1.0000029601992855
1.0000154612643697
1.000026827096533
1.0000135534501355
0.9999989823117874
0.9999891790239986
0.9999939465882104
0.9999852922102401
0.9999716662530082
0.9999991535281246
0.9999985879811587
1.000008960666733
0.9999995695063383
0.9999993153562555
0.9999992861026178
1.0000120418509961
0.9999974116916621
0.9999999515226728
1.0000151350095676
1.000002841327866
1.0000001989541987
0.9999997005289943
1.0000077207906053
1.0000002820073366
1.0000012469355444
1.0000035954309345
0.9999992299655089
0.9999934915439687
0.9999991976742626
0.999984635357133
1.0000194344688367
0.9999984307035749
0.9999970629223095
0.9999991556911593
0.9999986918906328
1.0000841245774597
0.9999972433777997
0.9999941591156111
1.0000103244596952
0.9999980845793258
0.9999581921585976
0.9999956149636867
0.9999978527418507
0.9999985040368519
1.0000031037141734
0.9999965686676872
0.9999991913672576
0.9999989247225186
0.9999925495267797
0.9999959167966103
1.0000783784585796
0.9999918131328922
1.0000010813614475
0.9999896932188468
1.000002888165448
1.0000008968955647
1.000011453745169
0.9999999376316379
1.0000518657898743
0.9999974686478884
0.9999984980822249
0.9999984586468391
0.9999991302962838
0.9999996732235557
0.9999978992481297
0.9999984240809232
0.9999999522059463
0.9999989851132917
1.0000000988477895
0.9999965537811722
0.9999992329783517
1.0000098274789617
0.9999985048444706
0.999999236495297
0.9999991642776069
0.9999922615030621
0.9999977390092367
1.0000123266248107
0.9999992202673177
0.9999991965247371
1.0000723237662528
1.00001002622946
0.9999932878089994
1.0000027442645079
1.0000044270232515
0.9999983669053625
1.0000216112717055
1.000019333575756
0.9999980354669834
0.999999231588694
0.9999976752616766
0.9999990913679779
0.9999993484632198
0.9999981680424579
1.0000106313932167
1.000019089374426
1.0000157242240688
1.000004440768432
1.0000335632340296
0.9999971406962135
1.0000061282915538
0.9999990298725532
0.9999877441452389
0.9999990153007975
0.9999912686595142
0.9999964831967216
0.9999987709931933
1.0000050326848338
0.999998052933278
0.9999989600269346
0.9999996944845497
0.9999987884375083
0.9999880749790389
1.0000189733257527
0.9999772388405824
1.0000040178060219
0.9999982639796288
0.999999827745779
0.9999997121834018
0.9999998411921224
1.0000113654701417
0.9999928328473191
0.9999986947894735
0.9999807727145782
0.999999266165822
0.999998021638484
0.9999991806928273
1.0000014477305512
1.000065507289181
0.9999756896623454
0.9999978538013866
1.0000219559873706
0.9999994822316031
0.9999989662901967
0.9999998857400029
0.9999987662178418
1.0000254640930415
0.9999987072179425
0.9999935359380604
0.9999981240992514
1.0000174317519024
0.9999814277895501
1.0000184661332852
0.9999951350454059
0.9999991230641125
1.0000240054617096
1.0000095301389451
1.000019782484496
1.0005295804775751
1.0000098357118499
1.0000090547081235
0.999998158904435
0.9999888482135795
0.9999992773793295
0.9999979399312484
1.0000102455769837
0.999994665613589
0.9999987279093534
0.9999977616499764
0.9999996351000046
0.9999967710622015
1.0000079814173943
0.9997472827844565
1.0000055483078565
0.9999972855342213
0.9999958699048989
0.9999941990254408
0.999998122810653
1.000021732092771
1.0000082347116739
0.9999959908510275
0.9999987734692452
1.0000032938037366
0.9999849391707171
0.9999970357579901
0.9999996707690435
0.9999989290461426
0.9999994076882976
1.0000038397010769
1.0000119609320612
0.999998282777242
0.999999236302941
1.0000049329979204
1.0000004882809364
0.9999886941847255
0.99999999197654
1.0000049719875694
0.9999987617381331
1.000026247921664
0.9999999817464352
0.9999986403287499
0.9999568262924847
0.999998801626392
0.9999983082192843
0.9999992948633203
0.9999938064691288
1.000062823001718
0.9999913970607517
0.9999987508534776
1.0000067806692194
1.0000097059947266
0.9999957084908618
1.0000078503612062
0.9999949860493363
0.9999987071180688
0.9999987973056668
0.99995709401288
1.0000132604670116
0.9999996111235705
0.9999981825289244
0.9999962069999605
0.9999992967024974
0.9999992675531835
1.000013608482199
0.9999991407524974
1.0000897078374034
0.9999992137456851
1.0000033622775162
0.999999292417179
0.999994339473233
0.9999970845572719
1.000032449163306
0.9999928672495463
0.99999914487884
0.9999984973579839
0.9999550837702572
1.0000030725711457
1.0000094543313585
0.9999978250937257
1.0000005918156525
1.0000038256350907
0.9999996776043529
0.9999988876346273
1.000000038457399
0.9999984963591706
1.0000054454612735
0.9999985108774
1.0000047020458533
0.9999994431942715
0.9999991582146571
0.9999989916476301
0.9999930829125174
0.9999983545023543
0.9999985431422853
0.9999981444732299
1.000006317773622
1.000012956633317
0.9999953691959893
1.0000000739976236
1.0000072393766237
0.9999968032084634
0.9999920290483634
0.9999991552102626
0.9999987395183191
0.9992063483217877
0.9999956523108534
0.9999967389570951
0.9999978553912965
0.9999973187676251
1.0000402173825809
0.9999994848832974
1.000013984479077
0.999999914412413
0.9999989037918735
0.9999978375007573
0.9999925333935602
0.999996077137765
1.000015177339333
0.999999508644579
0.9999990188250448
0.9999993761092973
1.0000023293512845
0.9999936483431425
1.0000079671172648
0.9999990014980605
0.9999994078090055
0.999999968764582
0.9999991171024583
0.9999988060791172
1.0000159435362763
0.999994620939137
1.0000413317166967
1.0000026595068845
0.9999998372101998
0.99975703425215
0.9999942831857678
0.9999994123618804
0.9999989501038125
1.0000002975835636
1.0000090865313698
0.9999995974212667
0.9999986840407057
1.000017233075284
0.9999996456812373
0.9999993747278092
1.0000560832275454
1.001553227558595
1.0000106948762142
1.0000009329458905
0.9999784444358178
0.9999990346189377
0.9999996111341873
0.9999992331051937
0.9999992017585047
1.000000062024277
0.9999986814551046
0.9999991374959969
1.000049432016028
0.9999986303241118
0.9999993152249899
0.9999993559916789
0.9999988826799883
1.0000142069689768
1.000002131290634
0.9999919392628188
1.0000056087818994
1.0000101566438775
0.9999848087424381
1.0000102074378172
1.0000081286664273
0.9999992110204889
1.0008689986142274
0.9999967669344134
0.9999980466553597
0.9999989518796346
0.9999826974570051
0.9999902303514522
0.9999979446063562
1.000018915545834
0.9999977959419492
0.9999975287063888
0.9999992791135207
0.9999994858514502
1.0000334782811824
0.9999989011611118
0.9999991447659868
1.000000539242919
0.9999962556547459
0.9999997508832573
1.0000006406795465
0.9999986395327106
0.9999984509729284
1.0000040043817786
0.9999979371920434
0.9999951536584509
0.9999982039254269
0.9999992855859716
0.9999990394591006
0.9999993824177703
0.999999480353026
1.000010461962777
0.9999993046008796
0.9999995839654758
1.0000037283001793
0.9999997406130544
1.0000340907794896
1.0000558682897986
0.9999983347403192
0.9999987189130547
0.9999987674418328
0.9999994064794397
0.9999991021006951
0.9999967303823839
0.9999994208527899
1.000003945403762
1.000017014433708
1.0000183221218388
0.9999975529335419
0.9999996716792144
1.0000077040553446
0.9999922866978191
0.9999944535020643
0.9999989999359138
0.9999986055450729
0.999997638455165
1.0000243377216493
0.9999993416477178
1.0000025155130094
1.0000061030714027
1.0000028032083874
0.9999994166802573
0.9999721456369537
1.000011380997699
1.0000024652178472
1.0000444989248438
0.9999934443362114
0.9999889420970326
0.9999962735389196
0.9999996247586471
1.0000048632465401
0.9999954297025532
0.9999994028243041
0.9999998744041568
0.9999988223925642
0.9999988607071311
0.9999995313023914
1.0000166325686968
0.999998445244586
1.0000091017674597
0.9999992862635858
0.999995589214744
0.9999993296732946
1.000040497264589
0.9999986581922617
0.9999922725741109
0.9999998321676802
0.9999997942745629
0.9999979747898111
0.9999981461654038
0.9999976225931164
1.0000340066778093
1.000011302161378
0.9999975638902957
1.0000024927775937
0.9999983046392893
0.999999262452991
1.0000159636382115
1.0000043147076387
1.0000093092971176
0.9999995783129701
1.0000126012377155
0.9999988024050575
0.9999988492913602
1.0000497436974825
0.9999966323858147
1.0000098983736045
1.0000101868604172
0.9999984770395423
0.9999985072248676
1.0000039783515617
0.999981237693815
1.0000120122541996
0.9999948837648908
1.0000085014207585
0.9999994458852638
0.9999990567133354
1.0000106290667976
0.9999984604931239
0.9999965953972704
0.9999886847573782
1.0000004903252728
0.999999683653712
1.0000102363379821
1.0000314362759928
0.999998489173979
1.0000820624632107
1.0000377543962968
1.0000575462352466
0.999992603006553
0.9999987195964792
0.9999945074022386
0.9999991064650945
0.9999895217470894
0.9999989258913292
0.9999827414292711
0.9999981331091999
0.9999981437690499
1.0000046635742534
0.9999974212176426
0.9999982642655557
0.9999976093654384
0.9999990672113116
0.9999999176302684
1.0000040133881152
0.9999993134420114
0.9999983339482502
0.9999994236541768
0.999998472851353
0.9999992879082379
1.0000040359673437
1.000005205354123
0.9999938075045683
0.9999960261318213
1.00000572252531
0.9999998093015932
0.999997324113768
0.9999945455202351
1.0000260533435206
0.9999982191153729
1.0000022601109606
0.9999993667785368
0.9999988755096578
0.9999995364894941
1.0000102316300221
0.999997401724192
1.0000065871044996
1.000009484001126
1.0000001123048066
0.9999988139130445
0.9999944704324257
0.9999971348540165
1.000000006424251
1.0000013753567771
0.9999872445266724
0.9999996441054059
0.9999993485278434
1.000001948796655
0.9999972814217585
1.0000074906919068
0.999997872649204
1.000004646128844
0.9999785833089867
0.9999975176066004
0.9999915714363613
0.9999955303089216
0.9999952392696397
0.9999969961377463
1.0000016573929973
1.0000024049554743
0.9999981652999393
1.0000037157137536
1.0000094960366428
0.9999988972231073
0.9999971445049843
0.9999805158901243
1.0000088026449836
0.9999975485058579
0.9999985960314599
0.9999994767122241
0.9999997026620864
0.9999872496239682
0.9999981345239256
1.000027759914676
1.0002365170794814
0.9999967745703763
1.0000077477645644
0.9999988976438828
0.9999997365050001
0.9999340868861812
0.9999975668544316
0.9999998412234605
1.0000051483336463
0.9999992491048315
1.000008892900287
0.9999994378707582
0.9999924683316099
0.99999701642371
1.0004946288742194
1.0000061012633361
0.9999990912755995
0.9999992074126458
1.0000120730220219
0.9999986373936055
1.0000105951141867
1.0000081075747171
1.000002992000351
0.9999469272538752
1.0000314604465175
1.0000078026325552
1.0000318597407911
0.99999907320612
0.9999995013329182
0.9999984367239075
1.0000048853620807
0.9999976819839522
0.999999059902896
0.999920340593636
0.9999982143479363
0.9999976255168572
0.9999922983383717
1.0000107904657474
0.999998814802596
0.9999995520062559
0.9999984486424864
0.999999506780693
0.999998843885026
1.0000020741844085
0.9999989959091534
0.9999950505665367
0.9999988936045516
1.0000013209320568
0.9999945122073272
1.0000223527253262
0.9999995000007661
0.9999994402801932
0.9999992738408534
0.9999984115294706
1.000010173971727
0.9999980757270394
1.0000073289409
1.0000111026906353
0.999998981525026
1.0000672820623582
0.9999981254848213
0.9999991190755605
1.0000072413669778
0.9999910976227935
1.0000018222590938
0.9999999923333515
1.0000220423234412
0.9999504212454788
1.0000154153760792
0.9999926469994138
1.0000090253352645
0.9999981326373667
0.999998479750405
0.9999984323052024
0.9999885707760785
0.999988649027575
1.0000123767115006
0.9999996265252789
0.9999936593062796
0.9999957294512891
0.9999991168223857
1.000026177255418
0.9999973237341391
1.0000183834631218
0.9999947668292162
1.0000023952877761
1.0000104229422482
1.0000032960047258
0.9999989189603513
0.9999992671452642
0.999994732940096
0.9999991153473163
0.9999989327652042
0.9999991365338292
0.9999993378277154
1.0000063867221622
0.9999979966055367
1.0000042231427246
0.9999976254441698
1.0000053187016669
1.000011737811473
0.9999973996141492
1.000000082795853
0.9999979756806453
0.9999936417339103
0.9999890665914006
1.000009697868474
1.0000453788582775
1.00002632718476
1.0001100394464204
0.9999987633280567
0.9999996779811021
1.000015957383238
1.000019694991921
0.9999991657567433
1.000000175245094
1.0000062732744421
0.9999988624494119
0.9999954965579251
0.9999903835566339
0.9999979448570464
0.9999997446881156
1.0000117841482896
0.9999994806674787
0.9999980908398635
1.0000103724400615
0.999999740593833
1.0000079611877044
0.9999997379638635
0.9999777913270972
0.9999966568942127
1.0000128593118125
0.9998706490374308
0.9999980660214801
0.9999972318375878
0.9999997636795053
0.9999980548525216
0.9999962981370767
0.9999983323006337
0.9999863744164588
0.9999987364512025
0.9999958373137102
0.9999986445996849
1.0000571076640001
0.9999979623146585
0.9999967506844442
0.999979278918946
0.999977431081616
1.0000004183237323
0.9999997813173062
1.0000408142553117
0.999997603173688
0.9999985662824269
0.999999250064845
0.9999986001779898
0.9999998911000616
0.9999987053559746
0.9999985598549977
0.9999995341394451
1.0002095955740153
0.9999976526537543
1.0000180444882851
