0.9999999893172614
0.9999999928541176
0.9999999908749275
0.9999999821818244
0.9999999818195356
1.0000000108551266
1.0000000403701823
1.0000000369754631
1.0000000062807346
1.0000000024799471
0.9999999850103731
0.999999996927301
1.000000028384287
0.9999999857298683
0.9999999950732495
0.9999999918280932
0.9999999928806921
1.0000000065573011
0.9999999837889711
0.9999999941047425
1.0000000067649675
0.9999999767674743
0.9999999982340645
0.999999989488064
0.9999999955500052
0.9999999865942636
1.0000002343926135
1.0000000098237114
0.9999999879840142
1.0000000087170229
1.0000000107497042
1.0000000115942584
0.9999999930784954
1.0000000047187718
1.0000000211620985
1.0000000070400705
1.000000002030593
1.0000000063219803
0.9999999906818255
1.0000000131350755
0.9999999743527446
1.0000000124774213
0.9999999703382784
0.9999999979221283
0.9999999882705533
1.000000002564656
1.0000000011941503
0.9999996114268914
1.0000000142126635
0.9999999941264976
0.9999999855792482
0.9999999971367154
1.0000000220275846
0.9999999310181713
1.0000000111009089
1.0000000003092968
1.0000000046472326
0.9999999978091761
0.9999999940332261
1.0000000060659913
0.9999999942871037
1.0000000428320466
1.000000006291453
1.00000000864402
0.9999999884384682
0.9999999899179466
0.9999999245042261
0.9999999990074132
0.9999999783421784
0.999999989866296
1.000000006448308
0.9999999939658863
0.9999999908893639
0.9999999917052751
1.0000000027327258
0.9999999993706438
0.9999999899270866
0.9999999958820615
0.9999999962803616
0.9999999918132119
1.0000000077401936
0.999999989346105
0.9999999920351862
0.9999999915318679
0.9999999106589805
1.000000010338328
0.999999968493933
1.0000000108742346
0.9999999833419786
0.999999978966094
0.9999999904240294
1.0000000089260337
1.000000011179048
1.0000000047888526
1.0000001057815346
0.9999999580975768
0.9999999986912494
1.0000000050307705
0.9999999939789653
0.9999999955949129
0.9999999911367623
1.000000046547053
1.0000000007721903
0.9999999792449138
0.9999999966771872
0.9999999954336659
0.9999999920433826
1.0000000088321954
0.9999999985492335
0.9999999606324927
0.9999998432501664
1.000000020157417
1.0000000103317792
0.9999999937343167
0.9999999948065496
1.0000000069126798
0.999999995193003
0.9999997630118898
1.0000000113350527
0.9999999677497621
0.9999999969487341
1.000000007611457
0.9999999812721638
0.9999999886018953
0.9999999907454308
1.0000000111040206
0.9999999986203708
0.9999999658349488
1.0000000378670713
1.0000000228956658
1.000000024504851
1.000000006991281
1.0000000767671784
0.9999999947322588
1.0000000056610003
1.0000000248542644
1.000000020287536
0.9999999918036928
0.9999999736536264
1.0000000113592822
1.0000000119852468
1.0000000212550215
1.0000000553788426
1.0000001579143578
1.0000000120398385
1.0000000004543468
0.9999999825696193
1.0000000133544058
1.0000001059148087
0.9999999896630046
0.999999949031841
0.9999999873251327
0.9999999906529787
0.9999999998674403
1.0000000013648256
0.9999999952849082
0.999999982854123
1.0000000054242495
1.0000000103351878
0.9999999863423907
0.9999999868438494
1.0000000120082613
0.9999999936051668
1.000000232912142
0.9999999946092303
1.000000008854598
1.000000020403498
0.9999999666192608
0.9999999816521716
1.0000000202913815
0.9999999697752946
0.9999999906454601
1.000000002156658
1.000000013016945
1.0000000026708997
1.0000000010675252
0.9999999912799008
1.00000001260497
0.9999999944019835
1.0000000063347707
0.999999723620216
1.0000000131627016
1.0000000093920185
0.9999999865017997
1.000000016046608
0.9999999893137098
1.0000016099815343
0.999999601779341
0.9999999875721811
0.9999999909729314
0.9999999992107637
0.9999999935097532
1.000000010568961
0.9999999958794055
1.0000000100474205
1.000000024572074
0.9999999948078363
0.9999999887181424
1.0000000013718624
0.9999999961248578
1.0000000094178463
1.000000002145204
1.0000000066935466
0.9999999779170509
0.9999999993073021
1.0000000163229699
0.9999999540249492
1.0000000460882827
0.9999999237977952
1.0000001390547277
1.000000005830585
1.0000000114672594
0.999999996782128
0.9999999977350857
1.0000002404051498
0.9999999849234273
0.9999999875248013
1.0000002293258563
0.9999999876021682
1.0000000109748126
0.9999999917421512
1.0000000050983218
1.0000000023287823
1.000000007078214
1.000000006452241
1.0000000068714865
0.9999999754545511
0.9999999972905064
0.9999999903437339
0.9999999737001339
1.0000000193941172
1.0000001252683048
0.9999999974702021
1.0000000005890595
0.9999999929871284
1.0000000081369642
0.9999999957116287
0.999999999680726
1.000000008184154
1.0000000188414924
1.0000000110998244
0.9999999921190431
0.9999999949433608
0.9999999452797439
0.9999999364436586
1.000000013519908
0.9999999981609747
1.0000000125650435
1.0000000406952907
0.999999994268787
0.999999971609576
0.9999999922892816
1.0000000009960348
1.000000001579617
0.9999999682610807
0.999999989834044
0.9999999956560472
1.0000000112407514
0.9999999935130026
1.0000000162723095
1.000000003265798
1.0000000007015561
1.0000000114918361
0.9999999951794052
0.9999999945526798
0.9999999973547858
1.0000000215570914
0.9999999843246706
1.0000000074672517
1.0000000518163317
1.0000000128637268
0.9999999816921735
0.999999986032336
1.0000000074696413
0.9999999877121416
0.9999999920196527
1.0000000103318987
0.9999999632530466
0.9999999637941782
1.0000000030936167
0.9999999686644027
0.9999999832053849
1.000000003690529
1.0000000085344847
1.000000019155324
1.000000004445643
0.999999999408017
1.00000000537697
0.9999999996640246
0.9999999887082632
1.0000000083692508
1.0000000099061568
0.9999999901121525
1.000000011319793
0.9999999824869825
0.9999999938808335
0.9999999945276403
1.0000006193979427
0.9999999843698277
1.000000014528258
0.9999999891847486
0.9999999705528319
1.0000000047629298
1.0000000008497094
0.999999958283021
1.0000000105376448
1.0000000000149059
1.0000000009586323
1.000000020545525
1.0000000105523321
1.0000002276614524
0.9999999890784698
1.0000000024634519
0.999999986736222
0.9999999710585776
0.9999999926138821
1.0000000063946963
1.0000000104156703
1.0000000042940471
0.9999999977105989
1.0000000461735115
0.999999989766578
0.9999999978471028
0.9999999931177418
0.9999967245885064
1.0000000062409329
0.9999999921386074
1.0000000063430983
0.9999999941610659
1.0000000182007844
1.0000000029927267
0.9999999887921516
0.9999999935322975
1.0000000158135849
0.999999984274104
1.0000000041791821
0.9999999986620157
1.0000000038398693
0.9999999574744934
0.9999999548815184
0.9999999873019929
0.9999999905973506
1.0000000098777286
0.999999995871161
0.9999999732910355
1.0000000172516625
1.000000006548082
1.0000000047844528
1.0000000212188342
1.0000000074505526
1.000000042349566
0.9999999854761115
0.9999999870928132
0.9999999931474602
1.000000007030736
1.0000000191098837
1.0000000007294243
0.9999999972226309
0.9999999717705892
1.0000004127664648
1.0000000195412324
0.9999999906226539
0.9999999749238493
0.9999999912888057
0.999999988027671
1.0000000190475464
1.0000000159317868
1.0000000089243062
0.9999999911926443
1.000000000256027
0.9999999960131178
1.0000000402324285
0.9999999721474848
0.9999999973196418
0.9999999961259272
0.9999999907263295
0.999999952911014
1.0000000163097251
0.9999999690766829
1.000000008411411
1.000000001694795
0.9999999764479814
0.9999999998270912
0.9999999998143834
0.9999999100121544
1.0000000110614142
1.0000000087704473
0.9999999982351221
0.9999999877873194
0.9999999858830358
1.0000000322335183
1.0000000319677855
0.9999999856495861
1.0000000024778979
0.9999999930363777
1.0000000291191806
1.000000044675586
0.9999999321193779
0.9999999942899063
0.9999999881406836
0.9999999979338148
1.0000000080030673
1.0000000132072844
0.9999999826470106
1.0000000227356278
0.9999999940427474
1.000000023434546
1.0000000024093367
0.9999999572185655
1.0000000069168495
0.9999999914884375
1.0000000138358112
0.9999999616644093
0.9999998210593295
0.9999999997179406
1.000000004242337
0.9999999988562035
0.9999999913889172
1.000000007159845
1.0000000056247338
1.0000000041589008
0.9999999886962159
1.0000000168681566
1.0000001880147047
1.0000000292804108
0.9999999998795617
1.000000068811215
1.0000000151660888
0.9999998661235799
0.9999999936273823
0.9999999901483915
0.9999999824459513
1.0000000088000807
1.0000000064564485
1.0000000077439557
1.0000000044674102
0.9999997062608962
0.999999998312402
1.000000001695503
0.9999999968558624
0.9999999917541721
0.9999999931734728
0.9999999887837746
1.000000003596941
0.9999999895573959
0.9999999953439314
0.9999999911972435
1.0000000278573926
1.0000000180460145
0.9999999989586384
1.0000000147390609
1.0000000031236214
0.9999999896055535
1.0000000145599384
0.9999999997054597
1.0000000347977565
1.0000000032305545
1.0000000038437893
0.9999999966167215
0.999999969164612
0.9999999985374721
0.9999999898886414
0.9999999968552725
0.9999999922457316
1.0000000137323521
0.9999999895875127
0.999999956622723
1.0000035255722275
0.9999999789967401
1.0000000082856135
0.9999999931935415
0.9999999935282268
0.9999999998445994
0.9999999914567034
0.9999999876935011
0.9999999995023386
1.000000006326024
1.0000000050144098
0.9999999904169568
0.9999999926829402
1.0000000054362106
0.9999999909577034
0.9999999842834171
0.9999999823662826
0.9999999819949044
0.9999999951145542
0.9999999893308138
0.9999999939108719
0.9999999767150527
0.9999999861066012
1.0000000096382793
1.000000016965162
0.9999999988341963
0.9999999473646768
1.0000000069155777
0.9999999898380032
0.9999998473360072
0.9999989224876701
0.9999999926225639
0.999999996292648
1.0000000037241386
1.000000007813668
0.9999999448779358
0.9999999434194303
0.9999997143705566
1.000000002155701
0.9999999845844432
0.9999999956886513
0.9999999876715928
0.9999999994897072
0.9999999801475669
0.9999999910277256
0.9999999866635794
1.0000000058779472
1.0000000044374673
1.0000000053423554
0.9999999939425623
0.9999999874247583
1.0000000017088755
0.9999999918094118
0.9999999457579433
0.9999999345486413
1.0000000038317494
0.9999995795020414
1.0000000192024776
1.0000000182196223
1.000000009140655
1.000000028544601
1.0000000071970185
0.9999999498325348
0.9999999850924706
0.9999999504130508
0.999999997310533
0.9999999942322401
0.9999999925439408
0.9999999891858619
0.9999999701005187
0.9999999920596965
1.000000003777704
0.9999999420187441
1.0000000324214102
1.000000012975265
0.999999994693646
0.9999999951827364
0.9999999939956781
0.9999996471156366
1.0000000120414339
1.0000000121019703
1.0000000111759495
1.000000006609553
1.0000000548470849
0.9999999892217676
0.9999999733084428
0.9999999926821218
0.9999999980637523
0.9999999878401813
0.9999999967548496
0.9999999886364936
1.0000000102469815
1.0000000083684302
1.0000000034658425
0.9999999526706295
0.9999999888530987
1.0000000044125401
1.0000000093477805
0.9999999940343068
1.0000000033463314
1.0000000056183103
1.0000000081765066
1.0000000227873382
1.000000010112608
1.0000000056728764
0.9999999972996453
0.9999999776622833
1.0000000073215483
0.999999990476937
0.9999999958898429
0.9999999926693388
0.9999999925424172
1.0000000184986155
1.0000000823308177
1.000000006986346
0.9999999561122151
0.9999999813019357
0.9999999879746421
1.0000000087265275
0.9999999964765229
1.0000000023956273
0.9999999805563806
1.000000009849476
1.000000002941472
0.9999999910854357
0.9999999980043661
0.9999999810670008
1.0000000201087638
1.0000000076313038
1.0000001051135492
1.0000000044952253
0.9999999843345901
1.0000000063263332
1.000000017835565
1.0000000128598112
1.000000024645988
1.0000000120993704
0.9999999390916997
0.9999999542972027
0.9999999899186945
0.9999999994032499
1.0000000488827099
1.0000000072419322
1.0000000071070285
1.0000000144702088
1.0000000079557467
0.9999999921762261
1.0000000089979657
0.9999999995463595
1.0000000025232214
0.9999999946710894
0.9999999881106221
0.9999999857195438
1.0000000096839383
1.000000005380469
1.0000000134681493
1.0000000012681747
0.9999999932089394
1.0000000085676959
0.9999999664284078
1.0000000094666293
1.0000000105445623
0.9999999639082005
0.9999999922486131
1.000000004675126
0.9999999898288761
1.0000000077774882
1.0000000050174263
0.9999982077082091
0.9999999950141724
1.000000000736244
1.0000000039046202
0.9999999976708218
1.00000000304036
1.000000157321
1.0000008958576394
0.9999999968601221
1.0000000096296098
0.9999999988712146
0.9999999970063242
0.9999999791040435
1.000000012653232
0.9999999961034909
1.0000000239818239
0.9999999699383865
0.9999999444580658
0.9999999947458769
1.0000000961735513
1.0000000049415172
0.999999997842669
0.9999999739018137
0.99999998981697
0.9999999991574995
0.9999999965000153
0.9999999582130547
1.0000000324694542
0.999999990074743
1.000000015235263
1.0000000283943755
0.9999999989988594
1.0000000108804752
1.0000000124936783
0.9999999905630589
0.9999999632067282
0.9999999718627913
1.0000000013746548
1.0000000162921385
0.9999999956459397
0.999999997111831
0.9999999842266488
0.9999999364912242
1.0000000118557775
0.9999999879521357
1.0000000045144213
1.0000000336354447
0.9999999807653007
1.000000181665414
0.9999999979930079
0.9999999815124474
1.000000010021497
1.000000002661724
0.9999998182013264
0.9999999971028499
1.0000000020127884
0.9999999934074412
1.0000000550954957
0.9999999408047235
1.0000000004334062
0.999999989724575
1.0000000147324293
0.9999999906488263
0.9999999942114902
1.0000000111930656
0.9999998349147143
0.9999999923455596
0.9999999913809776
0.9999999856150231
1.000000005497327
0.999999982935367
1.0000000116027026
0.9999999930134855
0.9999999903777054
0.9999999892092768
1.000000005127784
1.0000000013177275
0.9999999852486687
0.999995019249061
0.9999999955417335
0.9999999909988858
0.9999999932900533
1.0000000002294003
1.000000013533646
0.9999999892108755
0.9999999936566085
0.9999999867123232
1.000000015725594
1.000000000375594
0.9999999985767442
1.000000011516559
1.0000000082467937
0.9999999908114949
1.0000000080540057
0.9999999954483245
1.0000000094485837
0.9999999776752602
1.0000000027382885
1.0000000131033857
0.9999999643450478
0.9999999981765795
1.000000021280243
0.9999999904890964
1.0000001095521005
1.0000000218536698
0.9999999869393504
0.9999999868687082
0.9999996656133955
1.0000000109658238
0.9999999982874486
1.0000000116714354
1.0000000250047296
1.000000001599528
0.9999999857860965
1.0000000011284216
1.000000005195393
1.000000002133648
0.9999999705698679
1.000000000940002
1.0000000131620332
1.0000000287400237
1.0000002110386443
1.0000001561349028
1.00000000765168
0.999999610156447
0.9999999858817599
0.9999999908356966
0.9999998456205679
0.9999999973977683
1.0000000099172512
1.000000000275708
0.9999999879172986
0.9999999881700241
1.0000000079006877
0.9999996692438493
1.0000000069871477
0.9999999907808118
0.9999992272929054
1.0000000037751502
1.0000000094714316
1.000000020064605
0.9999999945626464
1.0000000033487715
1.0000000091473813
1.0000000085162846
0.9999999931883397
1.0000000069814863
1.0000000032861212
1.0000000139130232
0.9999999942356878
1.0000000096418078
1.0000000099070923
1.0000000075323505
0.9999999997990351
0.9999999960989352
1.000000931556546
0.9999999900193061
1.0000000216039648
1.0000000078495717
0.9999999901564065
1.0000000241845384
1.0000000207419322
1.0000000194334886
0.9999999905921519
0.9999999991192334
1.000000000374854
0.9999998562420704
1.0000000108809786
1.0000000017633848
0.9999999805033524
0.9999999926040912
0.9999999789253151
0.9999999978842026
0.9999999981444677
0.9999999924622414
1.000000012279957
1.0000000055901919
1.000000679525857
1.0000000081789204
0.9999999341441793
1.0000000025687372
0.9999999909535261
0.9999999994679153
1.0000000043440789
1.0000000239231945
0.999999988827278
1.000000004327422
0.9999999847583314
0.9999998114347824
1.000000014210333
0.9999999875823884
0.9999999796609998
0.9999999697301196
0.9999999967173545
0.9999997963045725
0.9999999968044341
1.0000000029624803
1.0000000608762398
0.9999999950791827
0.9999999802889998
1.0000000037784422
0.9999999913761679
1.0000000043370039
1.000000046465439
0.9999999992839066
0.9999999889575242
1.0000000016654225
1.0000000276445136
1.0000000042467256
0.9999999933569862
1.0000000006746501
1.0000000027243883
1.0000000405009057
0.9999999943016785
1.0000000142989485
1.0000000160941005
1.000000001379204
0.9999999945753264
0.9999999822824926
0.9999999851500531
1.000000010266163
0.9999999986720415
0.999999995711576
1.0000000093567158
1.0000002784461088
1.0000000044713433
1.0000000093576769
0.9999999917806859
1.0000000039926706
1.0000000069131254
0.9999999965853265
1.0000000060699208
1.0000000034091399
0.9999999857897849
1.0000000131225082
1.0000000210533635
1.0000000122143398
0.9999999980978656
1.0000000369392192
1.0000000032030234
1.0000000195421082
0.9999999935108226
1.0000000169155825
1.0000000011734456
0.9999999857733983
1.0000000095115733
1.0000000008535943
0.9999999948922297
1.0000000112401422
0.9999999910247874
1.0000000505161977
1.0000000159889206
0.9999999193033317
1.000000010868187
0.99999999441617
0.9999999959138995
1.0000000816475008
0.9999999895404307
0.9999994332611543
1.0000000081818492
0.9999999844280816
1.0000000041287522
0.9999999917793081
0.9999999636076774
1.0000000118468393
0.9999999941697673
1.0000001461392625
0.999999908253768
1.0000000011683288
1.0000000169656786
0.9999999907861583
0.9999999899880111
0.9999999648327355
0.999999991167585
0.9999999984237902
1.0000000055622174
0.9999999852908232
0.9999999991794117
0.9999999855618442
1.0000000110502034
0.9999998986123857
1.0000000084277223
0.9999999984541639
0.9999999912427112
0.9999999915741894
0.9999999893293335
0.9999998449134716
1.0000000299315945
1.0000000146733856
0.9999999897285208
1.0000000091756032
0.9999999937286974
1.000000002553604
1.0000000052470184
1.0000108547425206
1.0000000100947832
0.9999999872918814
1.000000010393918
1.0000001252615998
1.0000000095870474
1.0000000019550233
1.000000011609713
0.9999999945078509
1.0000000244550151
1.0000000096324775
1.0000000095372699
1.0000000646917018
0.9999999864776212
0.9999999863028839
1.000000001988535
0.9999999752417027
0.9999999947323954
1.0000000080783
1.0000000363957153
0.99999999235846
0.9999999895332966
1.000000002777074
0.9999999998521494
1.0000000064148633
1.000000010234413
0.9999999950461607
0.9999999929226797
0.999999989137621
1.0000000108913758
0.9999999935181263
0.9999999906971804
1.0000000152355095
0.999999987606736
0.9999999685322094
0.9999999564039767
1.0000000033659833
1.0000000070247381
1.0000000106097053
0.9999999880022014
1.000000011458682
0.9999999997330267
1.0000000034563126
1.0000000111385166
1.0000000241126634
1.0000000001060516
1.000000005012249
0.9999999941686294
0.9999999889734931
0.9999999880661402
1.0000000030563474
1.0000000134788354
0.9999999821651501
1.0000000095763482
1.000000008285922
1.0000000625808165
1.0000000352332392
0.9999999828875712
0.999999991733465
0.9999998695016437
0.9999999936409327
0.9999999813044493
1.0000000168794847
1.0000000064901107
0.9999999958272269
0.99999999971555
0.9999999747651083
1.000000008218273
0.9999999987251177
1.000000008481157
0.9999999906203935
1.000000006082612
0.9999999898943019
0.999999990019136
1.0000000338551518
1.0000000077193338
0.9999998540211293
1.0000000080148026
0.9999999976974614
1.0000001115167918
0.9999999996149623
1.0000000262720155
0.9999999971807311
1.0000000057102172
1.00000001799647
0.9999999910066135
0.9999999860468172
1.0000000029245444
1.000000020264087
0.9999999054415675
0.9999999975570733
1.0000000085123917
0.999999992618884
1.0000000082477731
0.9999999777194283
0.9999999841288764
0.9999999986505702
1.000000005053752
0.9999999930965161
0.9999999969920503
1.0000000148081007
1.0000000028809766
1.0000000172322319
1.0000000159798172
1.000000001133225
1.0000000038326375
0.9999999914618324
1.0000000177142179
1.000000010330016
1.0000000131327618
0.999999998527719
0.9999999983610329
0.9999999793310496
1.0000000061505607
1.000000002706317
1.000000014712351
0.999999992959545
1.0000000016169766
0.999999991555855
0.9999999886575937
0.999999996596167
0.9999999936951987
1.0000000670796179
1.000000001560924
0.9999999892356934
1.0000000081209128
0.9999999992321924
0.999999998334261
0.9999999985213264
0.9999999261179859
0.9999999962151511
0.9999999772118524
0.999999978145746
1.000000003542539
1.0000000567808154
0.9999999927201455
0.9999999830161014
0.9999998521521142
1.0000000138317893
0.9999999966678613
1.000000003863916
0.9999999918936823
0.9999999951495161
1.0000000034610277
0.9999999949833693
0.9999999942933074
0.9999999902610056
0.9999999854212961
0.9999999864212799
0.999999993865241
1.000000007927121
0.999999915902501
1.000000000788984
1.0000000030001843
1.0000000199752503
1.0000000836544456
0.9999999946990368
1.000000005109352
0.999999986070426
1.0000000358414063
0.9999999342532517
0.999999994968483
1.0000000057055551
1.0000000104138416
1.0000000064520014
1.0000000566155423
0.9999999623771765
1.0000000018930753
1.0000000021965079
1.000000002941913
0.999999985933608
1.0000000342984015
1.0000000132192233
0.9999999979289467
1.0000000113294352
1.0000004333346288
1.0000000141091303
0.999999888584032
0.9999999941840034
0.9999995301258717
1.000000038955498
1.0000000090411623
1.0000000101681616
1.0000000023421294
0.9999999599515551
0.9999999735955594
1.0000000130371183
0.9999999996800427
0.9999999972236302
0.9999999901554145
1.0000000126781825
0.9999999972263974
0.9999999932975927
0.9999999742869187
0.9999999893808235
1.0000000383368093
0.9999999919521628
0.9999998638201266
1.0000000019010564
0.9999999965236738
0.9999999898072265
1.0000000443481405
1.0000000126137316
1.000000090331952
0.9999999954851762
0.9999999585020055
1.0000000076073503
0.9999999864562823
1.0000000467179198
1.0000000186152402
0.9999999977623713
0.9999999916669311
0.9999999954876596
1.0000000224902554
0.9999999990241506
0.9999999982741159
1.000000018884829
1.000000014599517
0.9999998953118368
0.9999999999841918
0.9999999779141218
1.0000000114693937
0.9999999931396537
1.0000000022369926
1.0000000009992858
0.9999999921486101
1.0000000094988193
1.0000000115743994
1.0000000030384861
1.0000000017662778
1.0000000748497426
1.0000000040084647
1.0000000592821447
1.0000000043473587
1.0000000919335161
1.0000000033016723
0.9999999938426449
1.0000000077909643
0.9999999953783221
1.0000000564630138
0.999999991524074
0.9999999790902058
1.000000000927032
1.0000000384302545
0.9999999888013247
0.9999999899626287
1.0000000061304348
0.9999999833046729
0.9999999980035845
0.9999999803263809
1.000000014830667
1.0000000129282165
1.0000000191298606
0.9999999960852699
0.9999999734723467
1.0000000072025867
1.000000003982196
0.9999999892040503
1.0000000394784765
0.9999999900878507
0.9999999953652569
1.0000000188263702
1.0000000017585626
0.9999996442188369
0.9999999589919473
1.0000000091311911
1.0000000082379348
1.0000000280960593
0.999999998983084
0.999999989772842
0.9999999979354718
1.0000000076350009
0.9999996382122186
1.0000000085195413
1.0000000114700882
0.999999998253272
1.0000001006513874
0.9999999766075628
1.0000000066112587
0.9999999963727519
0.9999999951281999
1.0000000174352002
1.000000005962131
1.0000000174380326
1.0000000077987536
0.9999999815985002
1.0000000042575317
1.0000000140977465
0.9999999944024072
1.000000005284348
1.0000000065416306
1.0000000072143516
0.9999999934658815
0.9999999969910216
1.0000000219480025
0.9999999895223968
0.9999999963546101
0.9999999942502182
1.000000007781428
0.9999999987427621
0.999999928161855
0.9999999922116143
0.999999995018627
1.0000000035505299
0.9999999950875138
1.000000689064867
0.9999999932957764
1.0000000038769778
1.0000000114368723
0.9999999745017565
1.0000000394519364
0.9999999881796766
0.9999999933968289
0.999999966661498
0.9999998417560418
1.000000007884547
1.0000000134181413
1.000000014960034
1.000000007533593
0.9999999956137993
1.0000000086696244
1.0000000195203862
0.9999999916044012
0.9999999889824802
0.9999999641567596
0.9999999949663956
0.9999999910808888
1.0000000036224594
0.9999998009255016
0.9999999896494708
1.0000000060409466
1.0000000087667165
1.0000000033223089
1.0000000046092512
1.0000000635656117
0.9999999780029136
1.0000000018405266
1.0000000040548147
0.9999999832858992
1.0000000102054876
0.999999997571306
1.00000000156321
0.9999999981559119
0.9999999950088956
1.000000009707844
1.0000000101243331
0.9999999919236429
0.9999999639267637
1.000000025041153
1.0000000041959862
0.9999999981410936
0.99999999751265
1.0000000336910673
0.9999999952512038
0.9999999933391135
1.0000000248034662
0.9999999674332025
0.9999999983371778
1.000000005361579
1.000000009633233
1.0000002835243513
0.999999972020147
0.9999996355186423
1.0000000052330746
0.9999999875313872
1.0000000000248495
1.000000008284177
0.9999999968364156
0.9999999943200556
1.000000014995778
0.9999999968155447
1.0000000108314704
1.0000000147299393
1.0000000026256561
0.9999999640099801
0.9999999820416113
0.9999999456213067
0.9999999847466675
0.9999999864377206
1.0000000035034087
0.9999999902622161
0.9999999865784927
1.000000355405532
1.0000000013513595
1.0000000129208262
1.000000015558023
1.0000000008753547
0.9999999931426312
0.999999997757446
0.9999999934429348
0.9999999713427826
0.9999999941494009
1.000000015442504
0.9999999920226551
0.9999999949885029
0.9999999817417834
0.9999999001606572
0.9999994335179111
1.0000000320695694
1.000000027077792
0.9999999823191686
1.0000000038442418
1.0000000033824892
1.0000000114779504
0.99999999773687
1.0000000167509147
1.0000000474349182
0.9999999983031183
1.000000007008922
0.9999999932073498
1.0000000078677815
0.999999995693426
1.0000002801511634
1.0000000195222274
1.0000000015267043
1.0000000054367333
0.9999999882052977
0.9999999878740055
1.0000000202561325
0.9999999950971068
0.9999949667098705
0.9999999716282917
0.9999999946922457
1.0000000411864485
0.999999999213783
0.9999999879232967
1.0000000140929721
0.9999999999548513
0.9999999914213517
1.000001682270357
0.9999999963899324
1.0000000052768998
0.9999999916326852
0.9999999854580596
0.9999999625807163
0.9999999992917534
0.9999999960713161
1.0000000091396106
1.000000016318978
0.9999999965497217
0.9999999958519836
1.0000000046900428
1.0000000091620374
1.000000009202544
1.000000010393753
0.9999999974351099
0.9999999870599959
0.9999999677368077
1.0000000328370777
0.9999999994516274
0.9999999804102203
0.9999999987105772
0.9999999904847467
0.9999999957189918
0.9999999921880367
1.0000001654272639
1.0000000004113563
1.0000000228921462
0.9999999937591877
0.999999975098421
1.0000000119730044
0.9999999898504348
1.0000000045498585
0.9999999840231114
0.9999999745842953
1.0000000240736115
0.9999999104180363
1.0000000001463658
1.0000000129217832
1.0000000031149407
0.9999999923799321
1.0000000391386323
0.9999999790918124
0.9999999960200501
1.000000042985074
0.9999997554198953
0.9999999939847715
1.0000000113385539
1.0000000124435546
1.0000000125937305
1.0000000115243128
0.9999996988121218
1.0000000079223557
1.0000000060308258
1.0000000099550244
1.0000000081450686
0.9999999963335491
1.0000000003292295
1.000000009706
0.9999999384553253
0.9999999969300879
1.0000000008891043
1.0000000126568236
1.0000000006147596
1.000000015127291
1.0000000002351892
1.000000000393311
0.9999999976457975
0.9999999958489085
1.000000005205196
1.0000000342663784
1.0000000082876306
0.9999999930768697
1.0000000015211015
0.99999999730731
0.9999997600227377
1.0000031487663195
0.9999999925030905
1.000000025102717
1.000000011604111
1.0000000015456378
1.0000000235037534
1.0000000002651557
0.9999999959070957
0.9999999747782626
1.0000000730431728
1.0000000053767226
0.9999999794099298
1.0000000056844858
1.00000000473448
1.0000000101875082
0.9999999921760032
0.9999999996652952
1.0000000009196335
0.9999999895236694
1.0000000056948446
1.0000000024157953
1.0000000089336614
1.000000010057854
0.9999999913820814
1.0000000616144353
1.0000000036740035
1.0000000105900972
1.00000000595639
1.000000006589349
0.9999999944894892
1.0000000097569484
0.999999941281423
0.999999996793137
1.0000000101986837
0.9999999923757206
0.9999999902308734
0.9999999905472746
0.9999999976032141
1.0000000045437274
1.0000000092119419
1.000000011442121
1.0000000138717196
0.9999999918821734
1.0000024715059144
0.9999999910050643
1.0000000113722234
1.0000000144969687
1.0000000022037328
0.9999999871919739
1.0000000497362278
1.0000000199316648
1.0000000045409263
1.0000000061309011
1.0000000088240666
0.9999999889051606
1.0000002625840667
1.0000000080765954
0.9999999836173704
1.0000000038542622
0.9999999758497862
1.0000000071956496
1.0000000115444327
0.9999999917332789
0.9999998756827446
1.0000000048236364
1.0000000225846188
1.0000000556266684
1.0000000146781958
1.0000000003516079
0.9999999827938151
0.9999999999437122
1.000000136655774
1.0000000438584014
1.0000000039021384
0.9999998673128563
0.999999991147825
0.9999999988233116
0.9999998451223422
0.9999999013048508
1.0000024739534634
0.9999999934099809
0.9999999972317483
0.9999999978300989
0.999999993777988
0.9999999900288843
1.0000000016666046
1.0000000114833536
1.000000354915385
0.9999999591760648
0.9999999969934927
1.0000000095701735
0.9999999877139063
0.9999999949256595
1.000000040807783
1.0000000072401043
0.99999999617882
0.9999999930173538
1.000000011570245
0.9999999893236203
0.9999999987908902
1.0000011112147307
1.0000000020506612
0.9999999937396182
1.0000000544014318
1.0000000037573191
0.9999999943699636
0.9999999737551528
1.0000000148475057
1.0000000204034905
0.9999999791730205
1.0000000009902732
1.0000000206328274
0.9999999913631158
1.0000000065616332
1.0000000073952118
0.999999977161589
1.0000000053943197
1.0000000271062028
0.9999999863821728
1.0000000037369983
0.9999999748266635
1.0000000010475039
1.0000000022220812
0.9999999985112872
0.9999999977879118
0.9999999821075606
1.0000000468404606
0.9999999996786754
1.0000000508599507
1.000000001638258
0.9999999854580672
0.999999974603926
0.9999999876669345
1.0000000052543256
1.0000000080881162
1.0000001356265735
1.0000000009500445
0.9999999955486849
0.9999999905343486
0.9999999977147608
0.9999999169916293
1.0000000073325663
1.0000000810454037
0.9999999954157139
1.000000011578602
1.0000000028133604
0.9999999924769994
1.0000000194546976
1.0000000255538009
1.0000000154881834
1.000000000133679
1.0000000144473358
0.9999999834049393
0.9999999886917929
1.0000000408817835
1.0000000012268213
1.0000000099683333
0.9999999947780762
1.0000000049102826
1.0000000103611297
0.9999999928439406
0.9999999173413023
0.999999991425081
0.9999999907221705
0.999999999811208
0.9999999883170623
0.9999999795046766
1.000000011159882
1.0000000024910332
1.0000000116242176
0.999999994527253
0.9999998076945188
1.000000009019271
1.0000000000411495
1.0000000112643903
1.0000000071421502
0.9999999852735362
1.0000000081102531
0.999999944753483
1.0000000108222449
0.9999999990897587
1.0000000065697112
0.9999999904253871
1.0000000237172495
1.0000000092186314
0.9999999945353774
0.999999861381269
1.0000000289792095
0.9999999804002891
0.9999999936160688
1.0000000036733157
0.9999999945953375
0.9999999020736909
1.0000000093770685
1.0000001906319511
0.9999999880228431
0.9999999930461809
0.9999999682364419
1.0000000262735889
0.9999999848753822
1.0000000147612051
0.9999999917127692
1.0000000087092464
1.0000000370999198
1.0000000044546196
0.9999999940959946
1.0000000012936412
1.0000000024463236
1.0000000028287317
1.0000000106908296
1.0000000094551944
1.0000000274397276
1.00000000567743
1.0000000307697918
0.9999999914208303
1.0000000060892333
0.99999998928086
0.9999999356449093
1.0000000069562411
1.0000000254010841
0.9999999761046016
0.9999999923335556
1.0000000030602947
1.0000000290771138
1.0000000025592553
0.999999991665481
1.0000000054206473
1.0000000436390102
0.9999997586153833
1.0000000228734391
1.0000000253870451
1.0000000182722137
1.0000000096743713
0.9999992240676164
0.9999999996419683
0.999999993347893
1.0000000025359495
0.99999999930057
1.000000007156696
0.9999999980144282
0.9999999856662993
0.999999971115943
0.9999999932341751
0.9999999947331226
1.0000000171791428
1.000000001243582
1.0000000207270854
0.9999999701625826
0.9999999885683618
1.0000000056754224
1.0000000640479234
1.0000000023967142
0.9999999863005046
1.0000000113151248
1.000000012025698
1.000000008895004
1.000000014720394
0.999999998813898
1.000000002514765
1.0000000026169926
1.0000000066605101
0.9999999947985796
0.9999999478134001
0.9999999866248708
1.000000001176497
1.0000001114777786
1.0000003605042955
1.000000001244019
0.999999987285206
1.000000003650355
1.0000000072165396
1.0000000062929237
0.9999999950824808
1.0000000073433428
1.0000000112107161
1.0000000466244394
1.0000000253349501
1.0000000105228428
1.0000000055537865
1.000000003279873
1.0000000082837321
1.000000000410329
1.000000030835802
0.999999994301133
0.999999989233865
0.9999999947809374
1.0000000098498767
1.0000000057527703
1.0000000284507842
1.0000000023983766
1.0000000073828674
1.000000047884594
0.9999999913668006
1.0000000124205066
0.9999999921867166
0.9999999916657569
1.0000000062591425
1.000000000183937
1.0000000049439541
1.000000006809819
1.000000031279555
1.0000000017083928
1.000000052906222
0.9999999994044513
0.9999999822433767
0.9999999701039667
0.999999988483548
0.999999988949792
1.0000000451541682
0.9999999764482974
0.9999999970378278
0.9999999628660018
0.9999999895443108
1.0000000139935783
1.0000000096403783
0.9999999897826697
0.9999999965250393
1.0000000095876858
1.0000000096584631
1.000000003319203
0.9999999915840931
1.0000000003189735
1.0000000171582994
1.0000000366333275
0.9999998694616725
1.0000000036152068
1.000000117544761
0.9999999659368188
0.99999998914252
0.9999999994217622
1.0000000048018192
0.9999999860627367
0.9999999882986476
0.9999999931584865
0.999999996254289
0.9999999907318066
0.9999999954150858
1.0000000080027467
0.999999995979396
0.9999999999314312
1.0000000091191446
1.000000011874603
0.9999999982416031
0.999999993508554
0.999999146450754
0.999999995316464
0.9999999997047919
0.9999999889437321
1.0000000007321566
1.0000000074585762
1.0000000025228035
1.0000000109503764
1.000000003497862
0.999999959466431
1.0000000392497077
0.999999987148243
0.9999999982843244
1.0000000116727557
0.9999999804365678
0.9999999885034421
1.000000008114154
1.000000007169014
1.0000000004874565
0.9999999996185873
0.9999999944446946
0.9999999916176143
1.000000006119334
1.0000000112341165
0.9999999911807144
0.9999999907454494
1.0000000079849918
1.0000000066141124
0.9999999970757162
1.0000000213658402
0.9999999922096968
1.0000000043104855
1.0000001691383502
1.0000000079972582
1.0000000554612212
0.9999999501208295
0.9999998070895363
1.0000000132252085
1.0000001024089125
0.9999999854034088
0.999999987458264
0.9999999919717214
0.9999999966146912
1.0000000058740768
0.9999999831296276
0.9999999817562315
0.9999999991751501
1.000000056912369
1.0000000128547697
1.0000000004598646
0.9999999753167846
1.0000000154685087
0.9999999975565634
0.9999999902523691
1.0000000086464995
0.9999999761899183
0.9999999931724952
1.0000000220589078
0.9999999650931667
0.9999999696507874
0.9999999987932298
0.9999999958522818
1.0000001064587978
0.9999999624352025
1.0000000083813436
1.0000000167660028
1.0000000056057237
0.9999998934055492
0.9999997203176993
0.9999999928575488
0.9999999969011168
0.9999994967865437
1.0000000172859327
0.9999998514368783
1.000000006517345
1.0000000525907256
0.9999999826327929
1.0000000138413894
0.9999999749842168
1.0000000057443987
1.0000000051990074
1.0000000044579667
1.0000000086951721
0.9999999950730443
0.9999999812307944
1.00000000244979
1.0000000138631153
1.0000000026521343
0.9999999924608987
0.9999999947980578
1.0000000274957601
1.0000000445889639
0.9999999698791061
1.0000000122500887
0.9999999788488175
0.9999999851272673
0.9999999986013589
1.0000000031474936
1.000000000328646
0.9999999711380645
1.0000000130406494
0.9999999968982499
1.0000000036402923
1.0000000080801157
0.9999999960417127
1.0000000243058529
1.0000000062557584
1.0000000240595497
0.9999999941643283
1.0000000381229486
1.0000000170591694
1.0000000474967106
0.9999999800570555
0.9999999978593893
1.00000001493482
0.9999999928298335
1.0000000033850434
1.0000000784437957
0.9999999951807083
0.9999999910117567
0.9999999954691664
0.9999999851743208
0.9999999979558571
0.9999999985645739
0.9999999897732853
0.999999934766827
1.000000127888343
1.00000000534381
0.9999999922556732
0.999999992793859
1.000000027958107
0.9999999888052189
0.999999999817781
0.9999999979451819
0.9999999859450924
1.0000000198528676
1.0000000180608881
1.0000000558696451
0.9999999935448389
0.9999998676517035
0.9999999929391638
0.9999999758003956
0.9999999745013503
0.9999999896471887
0.9999999613384009
0.99999989553066
1.000000004358342
0.9999999950800202
0.9999999991232665
0.9999999828990859
0.9999999863532701
0.9999999809962826
1.0000000055889389
0.9999999990024296
0.9999999975230834
0.999999982307163
0.9999999737607824
0.9999999905677399
1.0000000130929845
0.9999999997530392
0.9999999889487577
0.9999999987976087
1.000000001756992
0.9999999698537384
0.9999999865506781
0.9999999958195557
1.0000000057686858
1.000000016431538
0.9999999938011237
1.0000000103621858
1.0000000105108553
0.9999999920939721
1.0000000005334602
1.0000000088358723
1.0000000025020435
1.0000000072515158
1.0000000012153503
0.9999999978298356
1.0000000434830951
0.9999999898404249
0.9999999959225918
0.9999999758190803
1.0000000247470775
0.9999999925797202
1.000000019520622
1.0000000075698687
0.9999999867593565
1.000000002637912
0.9999999963858873
1.0000000060164975
1.000000013569076
0.9999999948105429
1.0000000117284995
1.000000059199602
1.0000000710635226
0.9999999980014367
1.000000008947937
0.999999987471506
0.9999999890556535
0.9999999979897989
0.9999999741967789
0.9999999934973973
1.0000000052271651
1.0000002510513337
0.999999994272475
1.000000018287222
0.9999999945831661
1.0000000044696626
1.0000004939927754
1.0000000058166199
1.0000003282086405
0.9999999998652264
1.0000000061811003
0.9999999999914411
0.9999999944595458
0.9999999097827772
0.9999999897024661
1.000000003738176
0.9999999987566384
1.0000000241094102
0.9999998838682637
1.0000000518993162
1.000000007911382
1.0000000066246741
1.0000000091208705
1.0000000070587993
1.000000156337403
0.9999999598904857
0.999999987347399
1.000000017814002
1.0000001126126223
1.0000000140492746
0.9999999922805654
0.9999999896105969
0.9999999385992298
1.0000000751591873
1.0000000669083553
0.9999999923765278
1.0000000162219707
1.000000024188873
0.9999998807850821
0.9999999998093548
1.0000000068285355
1.000000000739912
1.000000075652201
0.9999999861103425
0.9999999978145828
1.0000000368919464
1.0000000072985584
1.0000000005004084
1.0000000077481614
0.9999995109268918
0.9999999894692293
1.0000000617758842
1.0000000020176296
0.9999999943013487
1.000000005539912
0.999999982561175
0.9999999953015689
0.9999999718637622
1.0000000130817002
0.9999997926894697
0.9999999512465878
1.0000000019721464
0.9999999973413343
1.0000000134768132
0.9999980236504598
0.999999902577341
1.0000000143868966
1.0000000012383852
0.9999999903897117
0.999999992408351
1.0000000085866878
0.9999999957705819
0.9999999828956512
0.9999999966576455
0.9999999880209537
0.9999999890819715
0.9999997584195255
1.0000000087685121
1.0000000667230715
0.9999999924535726
0.9999999759328245
1.000000075078273
1.0000000049885946
1.0000000041636106
0.9999999966873635
0.9999999954633367
0.9999999902629417
1.000000010357003
0.9999999932405981
1.000000000273126
0.9999999984261693
1.0000000213298985
0.9999999665484617
1.0000000060674115
1.0000000019713935
1.0000000020736377
0.9999999724483598
0.9999999962003466
1.000000024281609
1.000000051275788
1.0000000058711738
0.999999992299646
0.9999999974832181
1.0000000194928582
1.000000044113597
1.00000046098092
1.0000000087084613
1.0000000069022965
0.9999999947503379
1.000000008177805
1.0000000256485577
0.999999677676421
0.9999999992938415
1.0000000023609912
0.9999999939744844
0.9999999911443542
0.9999999929949915
0.9999999924417755
1.0000000106302567
0.9999999944638763
1.0000000068949415
0.9999999587025007
0.9999999719760075
1.0000000036860552
0.9999999807764631
0.9999999990232157
0.9999999976003087
0.999999996127046
1.0000000078591613
1.000000081348666
1.0000000150180433
0.9999999855805752
1.000000015514967
1.0000000044887911
0.9999999568450185
1.0000000038164525
1.0000000045000363
1.0000000013342458
0.9999999616084728
1.0000000046365172
0.9999999824007485
0.9999999938101178
1.0000000013016765
0.9999999855089999
1.0000000083499287
1.0000000114466006
1.000000014039547
1.000000005131679
0.9999999982920433
0.9999999833718397
1.0000000011737755
0.9999999892145137
1.000000008055109
0.999999976351943
0.9999999867240461
0.9999999973154047
0.9999999861919011
0.9999999826083207
1.000000019046461
0.9999999861474808
1.0000002638990686
1.0000000057886458
1.000000014930435
0.9999999991120969
1.0000001834462309
0.9999999954000386
1.0000000197843046
0.9999999741222636
0.999999997233126
0.9999999903742395
0.9999999987276864
0.9999999974912486
0.9999999842700663
0.9999999941131021
0.9999999947121598
0.9999999942137678
1.0000000033304461
1.0000000022814268
1.0000000175253394
1.0000000068427004
1.0000000158104456
1.0000000218136145
1.000000013740058
0.9999999808487195
0.9999999957011194
1.0000000047910054
1.0000000144295196
1.0000000142411174
1.0000000266928546
0.9999999704369612
1.0000000107859874
0.99999999684816
1.0000000042190864
0.9999999961625075
1.0000000306656927
0.9999999787466188
0.9999999910000255
0.9999999956080453
1.0000000031416991
1.0000000047150754
0.9999999877652227
1.0000000090371424
1.0000000026968359
0.9999999779351952
1.000000004458839
1.0000000259159765
1.0000000214456004
0.9999999914179151
1.0000000067746913
0.9999999902108185
0.9999999909763526
1.0000000094721433
0.9999995852483492
0.9999999839305381
1.0000000139306169
0.9999999892881384
0.9999999776298751
0.9999999933694814
0.9999999528633509
1.0000000100939108
0.9999999950143692
1.0000000062992305
1.0000000131784672
0.9999999996376652
1.0000000117505874
0.9999999912101497
0.9999999939329144
1.0000000134083185
1.000000004828306
1.0000000261316242
1.0000000084312448
1.0000000045222457
1.0000000048767699
0.9999999902798595
0.9999999524956085
0.9999999983496801
1.0000000027248108
1.000000012538956
1.0000000078751958
0.999999935134554
0.9999999913836798
1.00000001433118
0.9999999864068133
1.0000000053489284
1.0000000003541372
1.0000000041506665
0.999999994302267
1.0000000242745564
0.9999999899913637
0.9999999919745425
1.0000000305970693
1.0000000106062819
1.0000000095068264
1.0000000035971373
1.00000000889148
1.0000000140266943
0.9999999654832695
0.9999999911524011
1.0000000094884203
1.0000000117771917
1.0000000214254623
0.9999999643716208
1.0000000135801945
0.9999999324409121
0.9999999914651481
1.000000080763901
0.9999999995627068
0.9999792539443729
1.0000000044907875
1.0000000039213706
1.0000000108879847
0.9999999876736815
1.0000000127866628
1.0000000088929275
0.999999994887441
1.0000000098985553
1.0000000039553802
1.000000006512883
1.000000006873773
1.000000006478179
0.9999999881341951
1.0000014381019227
1.0000000118518386
0.9999999925831131
0.9999999999201215
1.0000000092951113
1.000000047675768
0.9999999752261025
1.0000000060514043
1.000000006710109
0.9999999760249274
0.9999999847936785
0.9999999881276992
1.0000000022563365
1.0000000088860708
0.9999999936043101
1.0000000114337295
0.9999999721649288
0.9999999964924575
1.0000000153198032
0.9999999838170628
1.0000000068424932
0.9999999910633739
0.9999999349951775
0.9999999762170831
0.99999980642561
0.999999992574272
1.0000000267495592
1.0000000068532708
1.0000000114634229
1.0000000127003223
0.999999991793071
0.9999999973986626
1.0000000035482564
1.000000011679209
1.0000000056047638
1.0000001590373602
1.000000008641728
0.9999999981941573
0.9999999544518208
0.9999999921173263
1.0000000092135195
1.0000000136145393
0.9999999952325567
0.9999999902817112
0.9999999990081575
1.0000000025830766
0.9999999907690712
1.0000000113047929
1.0000000049851174
0.9999999878818965
1.000000005113188
1.0000000033729037
0.9999999908131839
1.0000000098217592
1.0000000105391849
1.0000000036683834
0.9999999942421405
0.9999999935160924
1.00000004658549
0.9999999860421851
1.0000001506184297
0.9999998876119884
0.9999999993032315
0.9999999985554358
0.9999999923971546
1.0000000044976232
0.9999999898851308
0.9999999954868737
0.9999999866812327
1.0000000027514317
1.0000000089132797
0.9999999963982108
0.999999996598117
1.0000000053759197
0.9999999928099774
1.0000000017991229
1.0000000063885321
1.000000016410614
0.9999999913328476
1.0000000036059393
1.0000000502906001
1.0000000033925434
0.9999999449541213
1.0000000233040975
1.0000000030628469
0.9999999763290399
1.0000000019290578
0.9999999881309746
1.0000000795836888
0.9999999849120866
0.9999999706269057
1.0000000019889346
1.0000000117350163
1.0000000024937157
0.9999999693702644
0.9999999969496595
1.000000012690826
1.0000000106537381
1.0000000066893668
1.0000000107594382
1.0000000049551407
0.9999999632001357
0.9999999937752181
1.0000001311791102
1.0000000293742863
0.9999999941988795
1.000000349577147
0.9999999891241032
1.000000005685985
0.999999993970192
1.0000000199586512
1.000000070301302
0.9999999957772534
0.9999999988388242
1.0000000026637448
0.999999994410702
0.9999999755347799
1.0000000040521664
0.9999999941299526
0.9999999891128155
1.000000007729008
1.0000000049071478
1.000000034432832
0.9999999950260974
1.0000000096455839
0.9999999944478386
0.999999997737874
0.9999999956705351
0.9999999582991228
1.000000004901788
0.9999999864026716
0.9999999977438818
0.9999999875708492
1.0000000657562238
1.00000000715311
0.9999999361917157
1.000000010339897
0.9999999920327187
1.0000000019314474
0.9999999991547749
0.9999999851679031
1.000000003342488
1.0000000094397592
1.0000000239905469
0.9999999902869829
1.00000003375174
1.0000000111568603
0.9999999835087188
1.000000004321357
0.999999987009271
1.00000000223913
0.9999999695285563
1.000000056205073
0.9999999896802998
1.000000007128474
0.9999999420756738
0.9999999885572974
1.0000001020752556
0.999999980332878
0.9999999931203999
1.000000001340354
0.9999999985842063
1.0000000030381715
0.9999999903857908
1.0000000139514715
0.9999998801406048
0.9999999632880048
1.000000219105343
1.0000000070114052
0.9999999885340373
1.0000000063433971
1.0000000137162322
1.0000000468577337
0.9999999864415815
0.9999999825520441
1.0000000014852004
1.0000000280146213
1.0000001823816427
1.0000000056341163
1.0000000184319486
1.0000000125619617
1.0000000297728269
0.9999999946793277
0.9999999960791411
1.0000000231306478
0.9999999960115399
0.9999999818755444
0.9999999801006835
0.9999999777610062
1.0000000685770498
1.000000002377418
1.0000000256901682
1.0000000032299377
1.0000000001458165
0.9999997898172528
0.9999999925895067
1.0000000161611446
1.0000000106295401
0.9999999989539611
1.00000000069977
0.9999999842402181
1.0000002562697807
1.0000000064472547
0.9999999876677191
0.9999999979862795
1.0000000523589834
1.0000000003081453
1.0000000015514985
0.9999999880489004
0.9999999947222162
1.000000003321078
0.9999999892501543
1.0000000077392202
0.999999983314196
1.0000000031759102
0.9999972612892326
0.9999999960451482
0.9999999889847104
1.000000004283885
1.000000052048592
0.999999998683714
0.9999999953295913
0.9999999809838164
0.9999999889061048
1.000000016928328
1.0000000032926535
0.9999999305265529
0.9999999893667388
1.0000000215180513
1.0000000037223151
0.9999999985934371
1.0000000076928053
0.9999999964935588
0.9999999929124571
1.0000000012741337
1.0000000175148327
1.0000000049848168
0.9999998749246252
1.0000000103766655
1.0000000097034374
0.9999999908899786
1.0000000134161735
0.9999999950136947
0.9999999926080856
1.000000134804919
0.9999999824989315
1.000000029537812
0.9999999908934865
1.000000010522351
0.9999996161941792
1.0000000325916785
0.9999999882949742
0.9999999997094821
0.9999999969323992
0.9999999831366541
1.0000000018655533
0.9999999570744805
1.000000000944444
1.0000000095640909
1.0000005130762786
1.0000000055323905
1.000000001704335
1.0000000064458932
0.9999999736843841
1.0000000058030813
0.9999999961061081
1.0000000039454333
0.9999999942574503
1.0000000708280747
0.9999999958849435
1.0000000035618617
0.9999999942311601
1.000000008536452
1.0000000024722318
0.999999956168686
0.9999998614547743
0.9999999862189973
0.9999999985902335
1.0000011798137172
0.9999999940436155
1.0000000117907302
1.0000000488921938
1.0000003311695682
0.9999999865624646
0.999999996094631
0.9999999921044083
1.0000000061509688
0.9999999831431572
0.999999994261293
1.0000000066389556
0.9999999859076393
1.0000000146804382
0.999999998884716
1.0000000052527873
0.9999999898500673
1.0000000012082442
0.999999959353813
1.000000004452943
0.9999999995728233
0.999999993109921
1.0000000121693067
0.9999999919673757
0.9999999938726732
0.9999999981833874
0.9999999825511658
0.9999999993189779
1.0000000088550995
1.0000100809356172
1.0000000093162333
1.0000000111831475
0.9999999886938772
0.9999999995849389
1.0000000112528595
0.9999999994732225
1.0000000102512092
1.0000000026868383
0.9999999973088872
0.9999999907804085
0.9999999653912112
0.9999999633172717
0.9999999850983126
1.000000001432721
0.999999999822981
0.9999999992278631
1.0000000056226226
1.0000000860169396
1.0000000030624834
0.9999999960326584
0.9999999867449798
0.9999999978109491
0.999999991987282
0.9999999858125088
1.0000000360679926
1.000000022524883
0.9999999663889134
0.9999999924783398
1.0000000109686347
0.9999992283906398
0.9999999695300233
1.0000000115444372
0.9999999902614726
1.0000000021652613
0.999999994899399
0.9999999886758724
1.0000000115467633
0.9999999968025073
1.0000000014082335
1.0000000097271735
0.9999999317667988
1.0000020436560677
1.0000000042055692
0.9999999884448049
1.0000000000649498
0.9999999852057482
1.000000004403526
1.0000000108740317
1.0000000091083507
0.999999995674022
1.0000000014091461
1.0000000144356265
1.0000000012120107
0.9999999994201023
0.9999999944324811
1.00000001171774
1.0000000053186797
1.0000000054548865
1.0000000005048413
1.0000000538952079
1.0000000374720939
1.0000000095318646
0.9999998550846836
0.9999999963748133
1.0000000034950411
0.9999999873300154
0.9999984135703966
0.999999985495316
0.9999999911134586
1.0000000059709075
0.9999997327476249
1.0000000217433465
1.0000000101512976
1.0000000068756993
0.999999991610157
1.0000000049661493
1.0000000027461717
0.9999999990998181
0.9999999823690676
0.9999999986938165
0.9999999834218872
1.000000009386806
1.0000000382922167
0.9999999893033878
0.9999999967035728
1.000000016963344
1.0000000088791292
0.9999999984284705
0.999999986100062
1.000000006947196
0.9999999939593001
1.000000009660741
0.9999999933982437
0.999999997893284
1.0000000090946704
0.9999999863554059
1.0000000003165337
1.000000010499304
1.0000000028054783
1.0000000288033812
1.0000000061368561
0.9999999809698626
1.0000000101263573
0.9999999959532531
0.9999999941955626
0.9999999911886218
1.0000000109234015
0.9999999886908064
0.9999999875257587
0.9999999925698654
0.9999999912091886
1.000000014525942
1.0000000110195075
0.9999999852539874
1.0000000082872382
1.000000009203813
1.0000000124854953
0.9999999691598718
1.0000000251986116
1.0000000040802044
1.0000000066724544
1.0000000057552647
1.0000000107106815
0.9999999677180463
1.0000000001552627
0.9999999897961336
1.0000003423906016
1.0000000050487587
1.0000000028782796
0.9999999735281191
1.0000000787040408
0.9999999679801044
0.9999999932451716
1.0000000088564192
1.000000001326412
1.0000000368487971
0.9999999879091533
1.0000000004300664
1.0000000071804236
1.0000000109223
0.9999999884495988
1.0000002498609313
0.9999999880643842
1.0000000030436706
1.0000000162688327
1.0000000233186819
0.9999999983982274
1.0000000193288785
0.99999999044382
0.9999999896745914
0.9999999945397582
0.9999999953188101
1.000000034138926
0.999999991789767
1.0000000150165316
0.999999982004875
1.0000000073100843
0.9999999902790901
1.0000000082817786
1.0000000115893997
1.0000000024297937
1.000000010765897
0.9999999823121208
0.999999996311706
0.9999999989411635
0.999999995622252
1.0000000074169977
0.9999999875152445
1.0000000099259776
0.9999999763239104
1.0000000047068847
0.9999999879278487
0.999999974893227
0.9999999981459018
0.9999999957672474
0.9999999327321495
1.0000000217335974
1.0000000046106228
0.9999999991614422
1.000000006666666
0.9999999908411841
0.9999999972380876
0.9999999879316311
1.000000046966207
0.9999999997537217
1.0000000108573563
1.0000000085200385
0.9999999974795097
1.0000000238769522
0.9999999815335208
1.0000001501263298
1.0000000212685483
1.0000000760052643
1.0000000679138759
1.0000000204921597
0.9999999095654469
1.0000000061866268
0.9999999936766634
0.9999999999465671
1.0000000851433943
0.9999999992811394
1.0000000014130817
1.0000000280816868
0.9999999963094833
1.0000000164654794
0.9999999842352026
1.0000000429436817
1.0000000129711395
1.0000000066796424
0.9999999995367064
1.000000001607755
1.0000000140321366
1.0000000019735122
1.0000000059643097
0.9999999935744476
1.0000000028812344
0.9999999978631546
1.0000000016470119
1.0000000150385435
1.0000000083264324
0.9999999822346006
0.9999999264115432
0.9999999981801536
1.0000000052628675
0.9999999919256114
0.9999999839185784
0.9999999984323492
0.9999999979309969
0.999999994003574
1.0000000061485257
1.0000000140168301
0.9999999744712088
0.9999999924205667
0.9999999930110064
0.9999999754507847
1.0000000069593142
1.0000000093024115
1.0000000023199496
0.9999999602946393
0.9999999915695056
1.0000000016585986
1.0000000095742991
1.0000000273071228
0.9999999941268833
0.9999999965912871
0.9999999891607019
1.0000002393227991
0.999999978772072
0.9999997644457411
0.9999999627373477
1.0000000391571044
1.0000000011861168
1.000000006093454
1.0000000028346805
1.000000003130327
1.0000000306434285
1.000000001240164
0.999999995622977
1.0000000163663103
1.0000003088732459
1.0000000008646368
0.9999999633321713
1.0000000259115527
1.0000000054493074
0.9999999969363536
1.000000231667998
0.9999999803997559
1.0000000094962778
0.9999997435802825
0.9999999966769421
0.9999999870594957
1.00000000325032
1.000000014616516
1.0000001344175327
1.0000000026651128
1.0000000029533338
1.0000000081146794
1.0000000076894442
1.000000033718378
0.9999999964217017
0.9999999980467721
0.9999999706629318
1.00000031282935
1.0000000024335083
1.0000000173984915
1.0000000041607142
1.0000000103531286
0.9999999893342129
0.9999999932862375
1.0000000046309727
0.9999999423624917
0.999999788468547
0.9999998632832278
1.0000000026638685
0.9999999786313204
0.9999999948483212
1.0000000092299963
0.9999999937254548
1.000000000265152
0.9999999947782108
1.0000000309563202
1.0000034736168881
1.000000002998255
1.0000000129421043
0.9999998478759037
1.0000000199885932
0.9999999863124527
0.9999999993788259
1.0000000034276586
1.0000000036783996
1.0000000138512193
0.9999999818121489
0.9999999977335545
0.9999999615013307
0.9999999989374339
1.0000000042117907
0.9999999733032715
1.0000000058744793
1.0000000004801315
1.0000000021432391
1.0000000104216349
1.0000000114723486
0.9999999929076357
1.0000000055406923
0.9999999919931143
0.9999999920835052
0.9999999914733789
1.0000000582903945
1.000000000022646
0.9999999936671812
0.9999999984593799
1.0000000193658716
1.0000000144607026
1.0000000043672082
1.0000000446040633
0.9999997088399261
0.9999999672395106
0.999999985712153
0.9999999908401622
0.9999999915659407
1.0000000599491838
0.9999999900141799
1.0000000145209795
0.9999999587501005
1.0000000057310514
1.0000000156421918
1.0000000911177835
1.000000015413318
0.9999999965777826
1.0000000165595586
1.0000000111394045
1.0000000274619143
0.9999999856187834
0.9999999864427166
1.0000000017386255
0.9999999615048308
0.9999999925919361
0.9999999949313352
1.000000024820019
1.000000005152692
0.9999999909303116
1.0000000103097546
0.9999999932464171
1.0000000011827737
1.0000000172537746
1.0000000125630621
0.9999999926397626
0.9999999925261616
1.0000000143025674
0.9999999945246885
0.9999999974394946
1.0000000078373619
0.9999999109400964
1.000000284267403
0.9999999956010497
1.0000000033408165
0.999999999260584
0.9999998784153871
1.000000012471911
1.0000000064586854
0.9999999979520684
0.9999999957688497
1.000000010069999
0.9999999851686188
0.9999999929330471
1.0000000048266744
0.999999967605503
0.9999999014266481
1.0000000091353463
0.9999999943323966
0.999999978994474
1.0000000099568565
0.999999993578089
0.9999999902853978
1.000000005261859
0.9999999978447374
0.9999999938712604
1.0000000916669998
0.9999999955839631
1.0000000171144976
0.9999999748779587
0.999999999928918
1.0000000070155095
1.0000000194791594
1.0000000118719192
0.999999924101993
0.9999999952248853
0.9999999963234933
1.0000000173303907
1.000000006618193
1.0000000072747204
1.0000000233161284
1.0000000063343226
1.0000000055002516
1.000000118965637
0.9999998500234296
1.000000019138113
1.0000000140513032
0.9999998382823077
1.0000000143586254
0.9999999968657152
0.9999999938303796
1.0000000033113707
0.9999999940036951
1.0000000114282976
1.0000000058548
1.0000000433122087
1.0000001486172745
0.9999999995991699
0.9999999868282013
