1.0000015554878527
0.9999654887624249
1.0000389192971115
0.9999700157276545
0.9999511965318872
0.9999980781840282
0.999988150412928
1.0000215562179198
0.9999932343187454
0.999992920371506
0.9999960429543964
0.9999955895807104
0.9999957532996551
0.9999701490281502
1.000022208884129
0.9999981962282201
0.9999945327910335
0.9999642707033718
0.9999959734398257
1.0000025539575956
0.9999985919426876
1.0000318169976095
1.0000378251066195
0.9999945452974385
0.9999754516238444
0.9999894946265192
1.0000031985699822
1.000017665415859
0.9999996619255581
0.9999943837800003
1.0000409899584561
0.9999912121286826
0.9999994956174407
1.0000122641211628
1.0000176349962904
0.9999416162391435
1.0000165110927066
0.9999906979380255
0.9999959323813947
0.9999209372614226
1.0000043019312053
0.9999187973776181
1.000008683238311
0.9999960187681866
1.0000190821052362
1.0000434139378056
0.9999837775588006
0.9984595254969852
0.9999627063845914
0.9999921023433451
1.0000036237327345
1.0000092763280786
0.9999807962606112
1.0000125592275872
1.0000036627321034
1.0000073182470222
1.0000034376212923
1.0000017814274798
1.000006482598411
0.9999225020301302
0.9999924401418636
1.000020304624354
0.9999708422538166
0.99999581325868
0.999938208231702
0.9999411677289471
1.0000040611447558
0.9999920619989617
0.99999363985652
0.9999932888612076
0.9999482019558522
1.000002021158878
0.9999993663814569
0.9999867926348343
0.9999984376799287
0.9999522559187066
0.9999664348545603
0.9999970312694936
1.0000066222552013
1.0000151336044871
0.9999462717851851
1.0000021898837845
1.0000340275918869
0.9999999888747472
1.0005892898333688
0.9998591114363707
1.0000117215376794
0.9999892721943666
0.9998635353706782
0.9999578019765188
1.0000017614291463
0.9999974888045744
0.999972252850084
1.0000022823492731
1.0000236574974921
0.9999990185286779
0.9999645332996786
1.0000015139391347
1.0000052255391731
0.9999993819134732
0.9999869285577719
0.9999746982763106
0.99999932163126
0.9999603420116328
0.999995559588494
0.9999950376644385
1.0000043313542697
0.9999983045113461
0.9999958460452285
1.0000037022625814
1.0000184765241595
0.9999826867547119
1.0001077129588272
0.9999958415242022
0.9999833659092705
0.999983500441633
0.9999993905916126
0.9997143742284255
1.0000003059104694
0.9999612692763545
0.999981677867187
1.0000026351736684
0.9999505265887201
1.0000077175621718
1.0000016217323697
1.0000051342741465
1.0000155618578004
0.9999876647506495
1.0001115382239703
0.99998932131087
0.9999182386668418
1.0000012333257706
0.9999447550493362
0.9999860482989132
0.9999943008995836
1.0000015973301777
0.9999139917791587
0.9999939209337794
1.0000208892504527
0.9999941540552914
0.9999778802555558
1.0000002761656834
1.0000209984916246
0.998655890902339
0.9999991664594029
0.9999965109470391
0.9999974683606531
0.9999996507838479
1.0000179717909066
0.9997703452124101
0.9999821779354915
0.9998563713192425
1.0000022404502564
0.9999957085774231
1.0000014204294811
0.9999757389184788
0.9999805328416821
0.9999799637477681
0.9999951795801547
0.9999986547817517
1.0000023960357096
0.9999695523697671
0.9999906683713181
0.9999539249497611
0.9999954844079597
0.999996822837099
1.0000023233576616
0.9999893289487842
0.9999891714409735
0.9999942889611564
1.000005863655724
1.0000071389750096
1.0000050269904759
0.9999958705501024
0.9999975684202679
0.9999986106640739
1.000002714177428
1.0000004150537352
0.999999768371169
0.9999953654497321
0.9992248031239173
0.9999817908168601
0.9999713721966494
0.9998746699747753
0.9999965866191779
0.9999910547887895
0.9987767534639725
0.9996998994679471
1.0000365762181267
1.000000901284314
0.9999927514702169
0.999999196713984
0.9999987429664645
0.9999915623645564
1.0000204050925572
1.0000510191778982
1.0000307888188573
1.0000429001747562
1.0000114000120974
1.0000032700958676
0.9998695824608922
1.0000016114515557
1.000000071514325
0.9999748375194757
0.9999925169493811
0.9999996178291108
1.0000359424930934
0.999980277216546
0.9999844944633562
0.999874580171348
1.000025750680376
0.9999999383849065
0.9999961741826358
0.9999468760888693
1.0000562950298018
0.9999682468417588
0.9999753801531964
0.9999846380341376
0.9998997278492329
1.000022400865887
0.9999982482838311
0.9999955649236559
0.999992204590588
0.9999531896239992
0.9999993624114659
0.9999995858797228
1.0000354548915504
1.000000070701052
0.9999766364462722
0.9998826447125071
0.9999106693169624
0.9997365852803939
0.9999958727996247
0.9999900628203449
0.9999993246301865
1.0000185956228909
1.0000057176219006
0.999992614423953
1.0000005428635275
0.999838787990946
1.000010930045234
1.0000003186160706
0.9999833468787896
0.9999757022364075
0.9999800146729254
0.9999998358012688
0.9999824276731049
1.0000612942621447
0.9997181912906926
0.9999964010413734
1.0000681400324523
0.9999957232736774
0.9999225743738104
0.9999607890899447
0.9998409944874453
1.0000234750735344
0.999998850448966
1.0000002158410262
0.9999981516584552
0.9999904403232767
1.0000105562009323
1.000001806778736
0.9999958110345789
1.0000027390627053
0.9999989493384995
1.0000215854337244
1.0000041019150363
1.0000066574765958
0.9999895026322296
0.9999892722365554
0.9999979667493614
0.9999828192103102
0.9999856772587334
0.9999886002139402
0.9999975366603041
1.0000328116678492
0.999996877662189
0.9999966925070636
1.0000239095382049
1.000000413142596
1.0000054553599433
0.999992152004036
1.0000026639069322
0.9999991433622459
0.9999670926067187
0.9999598533155669
0.9998689999473773
1.0000080705164176
1.0000067469081033
0.9999999202859117
0.9999503117877644
0.9999953056634132
0.9999991590113562
0.9999643064658781
0.999943275375401
1.0000146536466576
0.9999923919155813
0.9997878514182046
0.9999356149185539
0.9999895918237264
0.9999976518120609
0.9999852711508274
1.0000160848980868
1.000000406374638
0.9999538664872899
1.000018547235812
0.9999507757440961
0.9999955706761913
0.9999609724108882
0.9999816620074842
0.9998657813854963
1.0000074803390093
0.9999053744694586
0.9999893993548366
0.9999922342273277
0.999998748489318
0.999999538156825
0.9999957449033624
1.0000039706625445
0.9999905477779979
0.9999756017217917
1.0000866796462586
0.9999275533120898
0.9999839164078705
0.9938121743497036
1.0000037968854234
0.9999416692381324
0.9999884479915023
1.0000906517219494
1.0000111361814907
0.9999862072217909
0.9999542098571984
1.0000026034769935
0.9999940695558197
0.9999891667606382
0.9999939090362759
0.9999982733840659
1.0000011410366476
0.9999916490676495
1.0000591665351528
1.0000017532415075
0.9999876182850546
1.0000020582019349
1.000002022730935
0.9997453953188384
0.9999840147041974
0.9999946972263151
1.0000070038725637
0.9999916142105908
0.9999961968374216
1.0000197120140013
1.0000011163070925
0.9999806999458738
0.9999994084651893
0.9999854318578987
0.9999935647859484
0.9999883831681322
0.9999937691976
1.0000070389963156
0.9998316791568487
0.9999679193776565
0.9999837037322978
0.9999521503367026
0.9999990323287651
1.0000035398075688
0.9999543321782595
0.999889287950664
1.0000059451146888
0.9999990047135681
1.0000117670311468
1.0000001382225552
1.0000347669294392
1.0000040438382412
0.9999792632737969
0.9999922178068773
0.9999946319910114
1.0000201787983984
0.9999967634621357
1.0000065802950862
0.9999936017552327
0.99998372257827
1.000000887853178
0.9999817584843907
0.999997951173086
0.9997636920835407
0.9999258477999367
0.9999702343658573
0.99993536430812
0.9999902448653136
0.9999907314029866
0.9999839543521252
0.9997428741216856
0.999988701775448
0.9999967865130961
1.0000269170447986
1.0001346765366377
1.000023143744466
0.9998047593431345
0.9999859182288954
0.9999840549441661
0.999749121707789
0.999992857462008
0.9998627117877754
0.9999981454889214
0.9999758094616708
1.0000025957986507
0.9998541129129533
0.9999325208389661
1.000006946191971
0.9999964956399197
0.9999975149289768
0.9999699422258888
0.9999182618681612
0.9991962737942067
1.0000142376058179
0.9999976125817184
1.0000014906870083
0.9999946557317229
1.000005094079245
1.000002766073561
0.9999934441125838
1.0000012441651593
0.9999935845889906
0.9999982724868564
0.99997536943575
0.9999967042181387
0.9998501376813824
0.9999787694923733
0.9999862727586323
0.9999585198113421
0.9999834839524353
0.9999573267457867
0.9999971316880288
0.9999836416210481
0.9999992444621544
1.0000048319887738
0.9992997632957135
0.9999831058253515
0.9999709740835627
0.9999838808417469
0.9999981838988
0.9999707473679575
0.9999949658039946
0.9999961624625284
0.9999460772665186
1.0000135606844396
0.9999771455451129
1.0000038879249924
0.9999607712979777
0.999990499745173
1.0000000907523645
0.9999989301823383
1.0000199202647482
0.9998064845704391
1.000002213782042
0.9999544202090686
0.9999991842432195
1.0000034283270807
1.000009091482058
1.0000515828392151
0.9999943778679334
0.9999984048795245
0.999997396184805
0.9999232135200365
0.9999348909090735
0.999993646270904
0.9998975756179667
0.9992202028550023
0.9999946800901041
1.0000020147263
1.0000023744532052
0.9999994273236116
1.0000161368419516
1.0000459304778075
1.0000023268739564
0.9999975962788681
0.9999865789964105
0.9999955158416542
1.0000054086828756
0.9999957292333724
0.9999916284030334
0.9999962316746998
0.9999722735587565
0.9999976057014796
0.9998939846167747
1.000002338852232
0.9999916041430787
0.9999984375847089
1.000020004812942
0.9999231910408352
0.9999880384905636
0.9999871341060075
1.0000091938623308
1.000056498933024
0.9999996451396219
0.9999743264394021
0.9971869416240084
1.0000335430977323
0.9999992695053109
0.9999903506724752
1.0000076925398544
0.9999996674008756
1.000005148769297
0.999985326646638
0.9999833470670324
0.999999033299001
0.9999592853941567
0.9999380204334108
0.9999529121512346
0.9999981077071577
0.9999964093999756
0.9999958738026012
0.999999394510693
1.0000007433540241
0.9999972532087342
1.00000347265648
0.9999970731362681
1.0000005456771748
0.9999997598779011
1.0002261828533225
0.9999256258192427
0.9998569322927856
0.9999851232807611
0.9997753353973267
0.9999955645941969
0.999996744505416
1.0000030357812213
0.9999936898425302
1.000003080139418
1.0000006642874948
1.0000028348275942
1.0000371481790875
0.9999990570358195
0.9999999342786114
0.9999900923361073
1.000020567992406
0.999928386374848
1.0000013302094055
0.9999997326116975
0.9999782825608318
1.0000342317713644
1.0000017654323197
0.9999977879857368
0.9999990771778109
0.9999776618382484
0.9999513654444234
0.9999919678513833
0.9999856849544023
0.9999799520564523
0.999990893563802
0.9999821188982017
0.9999971415044134
0.9999828551048068
1.0000027423479751
1.0000541785437513
0.9999981771678663
0.9999973681128778
1.000000994194966
0.9999930666194518
0.9999909362271687
0.9999946337732069
0.9999899688789536
0.9999974102857582
0.9999962107152419
0.9999998194084698
0.9999944888088264
0.9999957244051698
1.0000019080251217
0.999996329154853
0.9999732347062961
0.9999901134837944
0.999998154833055
0.9999721003225002
0.9999873557368621
0.9999978871664699
0.999993576134979
0.9999817133894894
0.999999465324098
1.0000049808779496
0.9999810678439154
0.9998179664252884
0.9999985711035586
1.0000576882659615
1.0000492347363563
0.9999999677525966
1.000000785548876
0.9999761660385861
1.0000258472847752
0.9999970870934962
0.9998710145014353
0.9999991634018814
0.999994655605529
0.9999946831523167
1.0000019642705842
0.9999967952380141
0.9999697887829595
0.9999905689591851
0.9999928592319703
1.0000213122045025
0.9999894497414389
0.9999803655099001
0.9999577638947574
0.9998448607655975
0.9999976485005704
1.0000099481672913
1.000000985253963
1.0000174748118067
1.0000166415448544
0.9997604136295661
0.9999780210189644
0.9999983209317754
0.9999211360691291
0.9999454771575957
0.999995196716483
1.000011357011181
0.9999048180638803
1.0000015276626366
1.000000772671477
0.9999901500013334
0.9999939978444926
0.9999979640477861
0.9998264148998628
1.000001838054309
0.9999737305731554
0.9999954597867519
0.9999991090912801
0.9999661380406796
0.9998733551453998
1.000002632636779
0.9999899023550298
0.9999245952527276
0.9999860095947762
0.9999969562095933
0.9999818855568502
1.0000035572648838
0.999724306203526
0.9999982810361678
0.9999835085555291
0.9999986632341117
0.9999979574501495
1.000016765183822
0.9998552493210717
0.9980543521776876
1.0001106386343501
0.999998261973055
1.0000001840371118
0.9999734911821945
1.0000012093416355
0.9999391501361267
0.9999941710551279
0.999987427667396
0.9999316516165502
0.9998078690524824
1.000004188931513
0.999948162745849
0.9999957568282954
1.0000050296308822
0.99999143815043
1.0000172598416441
0.999987174200666
0.9999953494724338
0.9999604306561043
0.9999992231381074
1.0000038390649464
0.9999965895904006
1.0000457105989473
0.9999844355770889
0.9999880698885069
0.9998977011563596
0.9999908314644184
0.999991551777387
0.9999645256617691
0.9999931200380371
0.9999888403976445
0.9999493293182139
1.000050421054733
1.000021299753319
0.9998294122950389
0.9999998645169388
0.9999854618361708
0.9999975493442939
0.9999238941326588
1.0000316285148345
0.9997096259415719
1.0000203665655831
1.0000012515937717
1.0000556115677797
0.9999824568782367
0.9998694830505692
0.9999986558158683
1.0000047695689973
0.9999965285896131
0.9999777727264484
1.0000226007523885
1.0000209317705233
1.0000007035210388
0.9999638345781314
0.9999914629562296
0.9999831806795108
1.0000005886539558
0.999344235111718
0.9990968634777696
0.9999612170971892
1.0000006690681562
0.9999897006015435
0.9999614424836176
0.9999993988791951
0.9999997513512471
0.9999925898039125
0.9999561685659044
1.0000037862878486
0.9999926555139745
1.0000007307470193
1.0020056012158542
0.9999965911624059
0.9999963040655182
0.9999792212750022
0.9998809905979388
0.9999895746820038
1.0000207905484437
0.9999972964598758
1.0000394895954205
1.000002420766687
0.9999990089959615
0.9999696568876618
0.9999991668598168
1.0000001310885747
1.000000098828027
0.9999564937899154
0.9999988652869656
0.9999930909375857
1.0000840371593729
0.9999984992858183
0.9999143052358278
0.9999854277239952
0.9999479202430236
0.9999951804074233
1.0000037029389452
0.9997198964294585
0.9999915333203692
1.00001674274317
0.999998065728549
1.0000340648819204
1.0000073356729
0.9999369235792116
0.9999969152464868
1.0000067169361124
0.9999872342466962
0.9999897514899978
0.9999998461571867
0.9999983414515395
0.9999922766938553
0.9999926178136713
0.9999542977283149
0.9999892721648995
0.9999947006391671
0.9999726361488619
1.000017838247633
0.999998353154488
0.9990585425842382
0.9999979748740325
0.9999726477434737
0.9994240993870644
0.999960713069513
1.00000013606478
0.9999855100179228
0.9999976782363025
1.0000017257618161
0.9999730529241633
0.9994478429787427
0.9999812148119155
0.9999653431962525
1.0021800101500333
1.0000042790769592
0.9999956591911334
1.000002684545405
0.999999652571211
0.9999574107040425
0.9999921754338995
0.9999946006175047
1.000003954165875
1.0000429315972221
0.9999822116517085
0.9999808906713115
0.9999656150240678
0.9999942099382907
0.9999964599006436
0.9999999307461334
0.9999937122605866
1.0000010860096393
0.9998223808045558
0.9999911807404899
0.9999951311493089
0.9999918985738829
0.9999934243671942
0.999961915551135
0.9999856139754998
0.9999936852080632
1.0000038110723712
1.0000003255028052
0.9999994091709222
0.9999700032699367
0.9999642183628193
1.0000046525176192
1.0000044658087381
0.9999918264941903
1.0000412780307422
0.9999980552669627
0.9999979366058368
0.9999949032168993
0.9999917053098374
1.000004644730257
0.9988748531050322
1.0000005872938071
1.0000120920338205
1.0000034718578372
0.999993813351307
0.9999526792026475
0.9999966977774337
0.9999261459313634
0.9999981219659448
1.0000002646415305
0.9999826530248096
0.9999456597831833
0.9996578069779668
0.9999807736943881
1.000004070509038
0.9999947163050229
1.0000011319362143
0.9999844738950191
1.0000046890281824
1.0000142867147932
0.9999804769833782
1.0000002747544006
0.9999954406733017
0.9999979542227603
0.999958641761015
0.9999973350166023
0.9999730269217557
1.000038002260857
0.9999927282169307
1.0000015049514177
0.9999913980765558
0.9999937593638495
0.9999458355225632
0.999977585555949
0.9999992092449272
0.9999808712562931
1.0000033120467342
1.000000981076452
0.9999926199374743
0.9999985509303924
0.999999523715678
0.9997883724653889
0.9999716643001815
0.9999954327648508
0.9999943660757393
0.9999996541872318
1.000000146462557
0.999177514206617
0.9999999293842781
0.9999980064755686
0.9999895542801703
0.9999911871868916
0.999996896323532
1.00000185823183
0.9999919134600727
0.9999942539166186
0.9999994928732364
1.000058374253375
0.9999938851231807
0.999992688681996
0.9999629506096813
0.9999256878784909
1.0000040028854866
0.9999552038323295
1.0000014798764079
0.9999866268429153
1.0000035098522997
0.9999991869627669
0.9999928196647176
0.99999916826745
1.0000161666199245
1.0000014617071205
1.0000038070229234
0.9998599513599463
0.9999528062065577
1.0000186144780427
0.999973598247343
0.999983236790151
0.9999789635329255
1.000012306136768
0.9999791652524426
1.00073308445357
1.0000007054130116
0.9999952424055149
0.9999971384606121
0.9999750239242243
0.9999776514976336
1.0000034061460374
0.9999982970265212
0.9999909593089374
0.9999605232850296
0.9999983123798022
0.999922120589519
1.0000052936362573
0.9999969331025276
0.9999788206899197
0.9999976805111408
0.999998216426656
0.9999975519126694
0.9999960878462973
0.9999575446849016
1.0000032427238152
0.9999994432499654
0.9997400432133573
1.0000029162804684
1.0000000224038026
0.999989432712039
0.9999994858860403
0.9999990312648763
0.9998669066808888
0.9999610144398913
0.9999444910883998
0.9999951440890085
0.9999590662893367
1.0000016048647122
0.9999969215062938
0.9999979197104552
1.0004206836186862
1.0000135361561162
0.9999958195365404
0.9999077390717476
0.9995660963889168
0.9999890678959087
1.0000145997136762
1.0000134032676062
0.9999986479925008
0.999921817839547
0.9999977604033857
0.9999685284782891
0.9999792144489823
0.9999084588795463
0.9999964021228658
0.9999956801963023
0.9999994815702801
0.9999910535354456
1.0000006881202723
1.0000001328570713
1.0000016111694137
1.000000267617786
0.999954288710903
0.9999560535228986
0.999997312454406
1.0000096941119803
0.9999785296339765
0.9999847177408728
0.9999753327727064
0.9999971244597585
0.9999974830378973
0.9999990155592872
1.0000031683584023
1.000006476464596
1.000056337603745
0.9999831179361793
0.9999950740224754
1.000002554265766
0.9999748613325568
0.9999872924151183
0.9999807463356186
0.9999973990749231
1.000001693704876
0.9999915337487575
0.9999403485460605
1.0000017743146907
0.9999996913405502
1.0000025374750097
0.9999428743815508
0.9999965900012423
1.0000033846616083
1.0000031994592986
0.9999995698032249
0.9999507175458131
0.9999867049523075
0.9997378405426568
0.9999863174232991
1.0000000655833299
1.0000109251521636
0.9999657987561075
0.9999954364102521
1.0000039085535855
0.9999857274065151
0.9999734278516866
0.999980355863216
1.0000014566594517
0.9999744326698428
0.9999863539294894
0.9999010996382625
0.9999965331485486
0.9999717594491467
0.9999816776983117
0.9998793381315677
0.9999690800547921
0.9999916164697702
1.0000027300494678
0.9996842050509875
0.9999650846436813
0.9999973688778181
0.9999755106571246
1.0000103681096175
0.9999950758930637
0.9999882356690984
1.0000117151986019
0.9999136343933873
1.0000008121033719
0.9999745168051476
0.999998080094725
1.0000005555709508
1.0001284719704782
1.0000071487775601
0.9999709538995917
0.9999985787832636
0.9999994651401382
1.000022874057497
0.9999982638709783
1.0000304568543616
0.9999998142780311
0.9999974291180349
0.9999987342798616
0.999998439820248
0.9999993199595558
1.000001749172376
0.9999822665719231
0.9999945947104043
1.0000043394848401
0.9999700455127403
0.999998769742227
1.000010779867065
0.9999291144552254
0.9999903060987371
0.9999845676974328
1.0000026391041001
0.9999979565439733
0.9999994288105104
0.9999997018846182
1.0000195766612612
0.999996728379458
0.999998341229823
0.999985085858521
0.9999444651763858
0.9999294208963935
0.9999749819404407
0.9999817067225935
1.0000009847156783
1.0000070287333445
1.0000154687997143
0.9999992604143152
1.0000894840403391
0.9998853281176615
0.9999784530752208
0.9999971378083824
1.000004244822051
0.9999564276385675
1.0000030002651965
0.9999889116156218
1.000003353540009
0.9982492306820872
0.999992494644828
1.0000050068157116
0.9999976534642279
0.999998563554547
0.9999970392508643
1.0000226143629831
1.0000005769049591
0.9999978325456664
0.9999985188517767
0.9999951131933129
1.0000009260598326
0.9999977025456848
0.9999986652916228
1.0000515311385154
0.999999027778318
1.0000206453753093
0.9999864118879952
0.9999989918178771
1.000001995857645
1.000001341446269
1.0000005779269545
1.0000007728657403
0.9999270126424802
1.0000225643695002
0.9999998086164721
0.9999902517406851
0.9999989676086677
0.9999660477302283
0.999993214956603
0.9999997505736175
1.0000087749718414
0.9999825695495741
0.999986610219662
0.9998464612945087
0.999988274252498
0.9999773237390941
0.9999212178871272
0.9999570724104323
1.000002503267768
0.9999841923275204
0.9999987719905327
0.9998925355415431
0.9999622899095318
0.9999733682735639
0.9999984728101908
0.9999958029231507
1.0000050664265754
0.999996736943921
1.0000002717271914
1.0000039164387684
1.000001078306097
0.9999883929914534
1.0000031667329254
1.0000018213878497
0.9999435216330383
0.999999249870435
0.9999992210167223
0.9998929767869426
0.9999915673806726
0.9999734092967595
1.0000027605332553
0.9999997451275745
0.9999986382310373
0.9999736501448142
1.0000054222921824
0.9999898883591529
0.9999968059641147
0.9999956499760164
0.999998700454824
0.9999898562483674
0.9999834459897003
0.9999979795862842
1.0000004408499432
1.0000110500057129
0.99998013321811
1.0000295549891323
0.9999952001023155
1.0000003716643637
0.9999926138164951
0.9999509856183796
0.9999742340465128
0.9999983911807748
0.9999381445270954
0.9999814351797863
0.9999991688372045
0.9999963259193781
0.9999996353720364
0.999992473052977
0.9999820086236662
0.999998368878768
0.9999917527843626
0.9999893378570921
0.9998148199921316
0.9999835231947322
0.9999314884354322
0.9999966096774032
0.9994475245885273
0.99997564450622
1.0000015493923209
0.9999403583320714
0.9999865393030583
0.9999752734187373
0.9999969504879109
0.9999845436396119
1.0000615601111706
1.0000482155661259
1.0000031563396021
0.9999741593217194
0.9999943572668902
1.0000009424400025
0.9999977001007886
1.0000025543919417
0.9999979788524009
0.9999709668485682
1.0000002893980167
0.9999932351466466
0.9998011959109834
0.9999649397673455
0.9999927653309242
1.000002458237145
1.0000518471936117
1.0000057723423945
0.9999985220313855
0.9999984281200256
0.9999978418790372
1.0002280325562474
1.000003770268697
1.0000001182762983
1.0000042075769304
1.0000040766714136
1.0000033047187267
1.0000239954938173
1.000003059308931
1.0000005488300108
1.0000702998687014
0.9999946499432157
1.0000006280147766
1.0000002752885726
0.9996529218435849
1.0000137937601912
0.9999913468751308
1.0000139810716184
1.0000203192436061
0.9999968538080654
0.999997734008741
0.9997544754453043
1.0000109843299914
0.999997482670493
0.9999884423515019
0.9999993206664068
0.9999980869774014
0.9999972979973137
1.0000078175521117
0.9999774930536285
1.0000012507475542
0.9999806456767754
1.0000005421164104
0.9999746988530549
1.0000000738632948
0.9999989314463197
0.999950089423039
1.0000291567614565
1.0001348441259905
1.0000077387639836
0.9999987251490424
0.9999828976517751
0.9999583369113784
0.9993415007624898
1.000001080723948
0.9999990716456989
0.9999988791326018
0.9999968666926728
1.0000200622499624
0.9999631806969923
0.9999992264328974
0.9999971619014515
0.9999349382503916
1.0000006547958682
0.9999990262717384
1.000007130473874
1.000001209984335
0.9998478126671846
0.9999910802808482
1.0000000107695317
0.9999975206382539
1.0000009682296631
1.0000196379671509
0.9999926639100176
1.0000095566419356
0.9999551610919906
0.9991870669205409
0.999919528929714
0.9999389097945124
0.9999987344376386
1.0000013247131319
1.0000009429275036
0.999991097692607
0.9999997244099063
1.0000237050422984
1.0000023314149253
1.0000037086068765
0.9999985108387403
0.9999858160950295
0.999999806782595
1.0000119245254167
1.0000009545130846
0.9999655290097991
1.0000119102881813
0.9999919844114894
0.9998658089431088
1.000007042573776
1.0000005846570001
1.0000128146123677
1.000001312531201
0.9999511809698222
1.0000300440342658
0.9999986377280433
0.9999966890357281
1.0000603532022392
0.9999752377051319
0.9999187423346247
1.0000004086545091
1.0000328995227061
0.9999981431552586
0.999777172050114
0.9999989073742135
1.0000006628582836
0.99999771485075
0.9999962467619693
1.0000015484643525
0.999995143972915
0.9999584156602578
0.9999739739100414
0.9999991473190096
0.9999261885076479
1.0000216542552032
1.000012043960498
1.0000081491392003
1.0000386642527492
1.0000000408404957
0.9999910734381263
1.0000230301257882
0.9999984547063225
1.000009651645358
1.0004468517539515
0.9999914165524112
0.9999947553082114
1.0000037285885908
0.9999916151924555
0.9999983006731892
1.0000008435653727
1.000000643120269
1.0000417390897192
0.9999988582051168
1.0001308229829255
1.0000219077055732
0.9999995070495491
1.0000386667676326
1.0000179550549395
0.9997941406270037
0.999997005302437
1.0000223163610726
1.0000313457016046
1.0000048714108212
1.0000027345563705
0.9998077137224443
0.999986998488883
1.0000125046442092
0.9999729808445611
0.9999957115950376
0.9999954277820196
0.9999668313385129
0.9999379020870955
0.9999925756318496
1.000034425231618
0.9999931727007433
1.000001126258734
0.9999604717597042
0.9999955049415807
1.0000271134451857
0.9999969598430092
1.0000005845068296
0.9999692165638081
0.9999838184050082
1.0000007591377025
0.9999169437804015
1.0000219618381447
1.0000016866739105
1.0000045100853832
1.0000014651107751
1.0000061447654343
0.9986310422865102
0.999979420353194
0.9999871076879537
1.0000006203976497
1.0000006124651655
1.0000110517071816
1.0000876780056749
1.0000001312591766
1.0000017550617093
1.0000018023120005
1.0000313666942025
0.9999653717083967
1.0000019926832766
0.9999952803905804
1.0000037739294296
1.0000039136702272
0.9999988436949081
0.9999964632680316
1.0000113460704143
1.0002744770405476
1.000027734847423
1.0000004860641634
1.000005633988914
1.0000216938199182
1.0000014298953415
1.0000022111814602
1.0000544924562176
0.9999980275022313
0.9999957248791304
0.9999975813428879
0.9999780273778978
1.0000049394124968
0.9999986640358952
0.9999984355715646
0.9999753439346785
1.0000024411940747
1.000006731593494
0.999998006256537
0.9999738953767199
0.9999859395127038
0.9999809057272813
1.0000014972615752
0.9999628554989303
0.9999993016862891
1.0000237985600335
1.0000066603511522
0.9994537846280718
1.000000012831629
0.9999973388708888
1.0000020518388184
0.9999896827480137
0.9999994508790158
1.0002798959653332
0.9999945221475294
0.9999463463940268
1.000001853289646
0.9999382645449763
1.0000066161168883
1.0000037692364612
1.0000022803602968
1.0001156322350773
0.9999993152835137
0.9999990021372788
0.9998927083467083
0.999993932424569
0.9999881964373804
0.9999507694427706
1.0000011624417187
1.0000045591054323
1.0000015184492874
0.9999449454153617
0.9998547702388833
1.0000031867493142
0.9999790207637297
1.0000003699094422
1.0000062622463837
0.9998593828288797
1.0057965166451974
1.0000145658142592
1.0000089780556898
0.9999131026758337
1.000002453410837
0.9999944776953801
0.9999970060337813
1.0000035547269395
1.0000024008726598
0.9999974831958546
1.0000000644426534
1.0000231389811298
0.9999958813665265
1.0000001908495306
0.9999226646604807
1.0000010186416486
1.0000049196376584
1.0000026046263122
1.000007554097907
1.0000005033761676
0.9999965301088424
0.9999958496140415
1.000057555838117
0.9999999702303024
1.0000449248431202
1.0000197593684013
1.0000047397298408
0.9999598399523791
0.9999999988766237
1.0000016542357097
0.9999222843378187
0.999992542418634
0.9999755307448579
0.9999597334460707
1.0000032988671312
1.0000008770256366
1.0000016922878452
0.9999489937426199
1.0000007065894236
0.9999480630729369
1.0000049588069364
0.9999969389702565
0.9999996520028898
0.9818255137494023
1.000000385222014
1.0000000829118663
1.0000023806722929
0.999984020023114
0.9999758221282571
1.0000063509603008
1.000003892403568
1.000000618536573
1.0000068663029
1.0000019090743233
1.0000028801119096
1.0001478542197162
1.000023921577571
1.0000027441036847
1.0000024756825203
1.0000042372461058
0.9999997409094662
1.0000037781463105
0.9999938595207886
1.0000213278659023
1.0000046450009588
1.0000114166421075
1.0000094555808154
1.000005696642203
1.0000046593234047
0.9999995973845864
1.0000009641357201
0.9999927584256836
1.0000054430406222
1.0000026810335458
1.0000385256090503
1.0000000938235276
1.000000699162746
1.0000275610376042
0.9995354395850868
1.0005329746154072
1.0000104212617036
0.9999295906983509
1.0000022927468668
0.9999696742187517
0.9999866098648097
1.0000018009281029
1.0000013453316487
1.0000436368202272
1.000004370214623
0.9999939787406447
0.9999951555865797
1.0000025927566412
0.999994339320449
0.9999565934954349
1.0000100974252977
0.9999998305792231
0.9999926525000469
0.9999969499276838
1.0000171364235182
0.9999814414233574
1.000102722349725
1.000001069288801
1.0000008841016983
0.9997024854862825
1.0000014995006732
1.0000074251302609
0.9999957094024725
1.0000024521061706
0.9999157233660342
0.9999646766290914
1.0000044083383648
1.0000059033518476
1.0000030232395072
1.0000011788796686
1.000002279991638
1.0000065399614675
1.0000014183336499
0.9999916432632612
0.9999634031953153
0.9999738459374884
1.00000157397441
0.999999758207311
0.9999987399221756
1.0000007169886636
1.0000026515056044
1.0000099499380448
1.000001105011439
1.0000016089916586
1.0000162657041303
1.000004625491683
0.9999979080987521
0.9997150837859292
1.0000078586605465
0.999996129603188
0.9999994623277225
0.9999852669755257
0.9999599517836026
0.999998785540856
0.999999628155743
0.9999969968391303
1.0000038565027718
1.0000007766256092
1.0000018496456864
1.000001218756844
1.0000074855563672
1.000000640126542
1.000000653547464
0.9999358220801525
0.9999957407080613
1.0000066065339017
1.0000095315722146
1.0000119614490228
1.0000037123546508
0.9999954803438432
1.0000120938361041
1.0000048517221847
1.0000133860684146
1.0000014655222953
1.000002156923797
1.000003556879667
1.0000032229612492
1.00001861602576
1.0000012591379603
1.0000013285823515
1.0000011096348853
1.0000022498124486
0.9989756582683995
1.0000002047562262
1.0000008118493064
1.0000022825903
1.0000003839224063
0.9997566701688525
1.0000041305044995
1.0000006565980364
1.0000042561446267
1.0000036673450623
1.0000299778222643
0.9999554786344167
1.00000918256041
0.9999883568492001
1.000010548808445
1.00000311037627
1.000024419884686
0.9999937882103618
1.0000056408965627
1.0000020387223967
1.000012279586039
1.0000024789694302
0.9999991692178646
1.0000121570383251
0.9999813176946674
0.9999979891894382
1.000025219027971
0.9999996366047257
1.0000148413376935
1.0000014613196107
1.000008517972194
1.0000154223777329
0.9999992364480302
0.9999995538401282
0.9999457485119123
1.0000024679598203
1.0000019504353403
1.0000200141384332
1.0000087078489077
0.9999967236831867
1.0000073610898141
1.0000017340375218
0.9999992527951518
1.0000035456200378
1.0000004693425648
1.0000137575913877
1.0000015998466574
0.999414720798958
0.9999762469471568
1.0000008740667405
1.0000004443576285
1.0000285995154514
1.0000069686015445
0.99999864266526
1.0000075130451294
0.9999960030075804
0.9999995810107052
0.9999960810289612
1.00000456868696
1.000001050556472
1.0000009027914893
0.9999452745062921
1.0000075258996635
1.0000063786229636
0.9998684832996343
1.0000030524739245
1.0000007498950005
1.0325358272244036
0.9999950618685245
0.9999946459498796
1.0000005660868148
0.9999984107230028
0.9999930639170235
0.9999986389325966
1.0000048964217456
1.00000181246701
0.9999914567229524
1.000001440783061
0.9999997388510299
0.9999959268757364
1.000008474279967
0.9999908617241136
1.0000063890321944
1.0000002357255309
1.0000437741255552
0.9999818770065615
0.9999931184548118
0.9999924807286749
0.9999958541115377
0.9999989019119511
0.9999953304918044
1.000000620352022
1.0000043170576047
0.9999999309741766
1.0000002872373812
1.000002771639011
1.0000025632454492
0.9999996660302557
0.9999999487640335
1.000020488424777
1.0001296858912279
1.0000030809981948
1.000002557937471
1.0000006929098357
0.9999678222974504
1.000000704079314
0.9999989776465086
1.0000139754155595
1.000014955626409
1.0000288167091276
0.9999996481335724
0.9999991374015742
1.0000028691903804
0.9999987002243527
1.000007444165559
1.0000022556961166
1.0000182773540296
1.000003333412464
1.0000010290663872
1.000000753488917
0.9999981676749402
1.0000000050647093
1.0000229901311528
1.0000014574594165
1.0000025266658275
0.999972537532646
1.0000131299523942
1.0000057221864596
0.9999993105468625
1.000000953015422
1.0000302154688736
1.000008560268153
1.0000060225881524
0.9999985337438078
1.0000218791890052
0.9999931877928171
0.9999906969616169
0.9999991079292712
0.9999453445373884
1.000006023263414
1.000001532257784
1.0000000602395986
0.999921749800078
1.0000105264357046
0.9999974638681391
0.9999937351869828
1.0000027223256431
1.0000009438003847
0.9999970412553613
1.0000002900806115
1.0000025936520314
0.9999981573917393
1.000004686794726
0.999991845167375
1.0000245059224895
1.000002760229436
1.000002991464217
0.9999848863970527
1.0000268159304002
1.0000046752145615
1.000017050372526
0.9999613561856869
1.000002123382373
0.999999959902496
0.999997846313236
1.0000025915391837
1.000000615544907
1.0000003617641091
1.000001820807485
0.9999871800793076
1.0000032760986546
0.9999720865256283
1.0000027918973593
1.0000002230239342
0.999996862826376
1.0000006874092973
1.0000073309869346
0.9999931447552908
0.9999218643652978
1.0000104065447648
1.000000856968155
1.0000188138875317
1.0000023000504443
0.9999990771434522
0.9999991827760216
0.9999939259520978
0.9999845880604774
1.0000203934118057
1.0000057808886096
0.9999924056492153
1.0000017728856903
1.000004604605241
1.0000045830642472
1.0000027539432605
1.0000034545868917
1.000000985414338
0.9999984182025413
1.0000032618643035
1.0000035239837137
0.9999938426817873
0.9999930677340089
0.9999964087296006
1.0000043697531027
1.0000046269856315
1.0000040143347417
0.9999875633810038
1.0000008198624764
1.0000159401878597
0.9999997899585191
0.999999813144076
0.9999993049066088
1.0000041862059625
0.9999633535513224
1.0000010831962298
0.9999444989265796
1.0000021261968488
1.0000097079453647
0.9999987209587918
1.000001986542631
1.0000016337537243
1.0000024298679444
0.9999954002264174
1.0000009477704206
0.9999838942097082
1.0000142160425964
1.0000095161403861
1.0000001035661779
1.0000011652820513
1.0000233401041252
0.9999991623529835
0.9999928845184274
0.9999994261822412
1.0000059762075946
1.000003877964781
1.0000063520513376
1.0000045332788885
1.0000108555892484
1.000025454252808
0.9999930489641186
1.0000027601903587
1.0000188127560816
1.0000107825812903
1.0000000525744497
1.000006081599915
1.0000080950114187
0.99999699742682
1.0000469444236222
1.000003046745004
1.0000010641277215
0.999640063178832
1.0000027813740608
1.000011310941174
0.9999970136911385
0.9999763986317388
1.000003112743166
1.0000007934526653
1.0000012687106723
1.0000019902945207
0.9999926670335677
1.0000117823404755
1.0000017855059657
1.000000476365726
1.0000026798281059
1.0000014638755599
0.999996536750393
1.000005653289051
0.9999990252089209
0.9999983845895642
1.0000086674437547
0.9998597858563482
1.0000053938309965
1.0000203115174335
0.9999912221852965
1.000000859086332
1.0000046835317977
1.000000698678545
1.0000018212801194
1.0000051982827827
1.0000464623633656
1.0000062564627517
1.0000095893102405
1.0000023373512767
1.0000030502573225
1.0000038054889107
0.9999989810628983
0.9999922061106569
1.0000022370610107
1.00000874546888
1.0000072708226164
1.000000762218285
1.0000208740149727
0.9999993692343224
0.9999981772084097
1.0000122602330364
1.0000000138687581
0.9997084163193038
1.000007246834909
1.0000079929882322
0.9999994708701739
0.9999975162380271
1.000000601395433
0.9999662639168341
1.0000058854586378
1.0000088049509546
1.0001418756446352
1.000000406669151
0.999985235723962
1.0000023956849082
0.9999545476366886
1.0000117154334789
1.0000203864780461
1.0000029848086234
1.0000093490801272
0.9999992587941051
1.0000284198491913
1.0000082878858847
0.9999995426628275
1.000095890097929
1.0000042811219885
1.0000062401932066
1.000003118227352
1.0000067430295692
0.9999876495541403
1.0000273634605918
1.0000024663501719
0.999998163399868
0.9999981474062988
1.0000060926616847
1.000003604438223
1.0000065338792266
1.000003097892155
0.9999952035010659
1.0000021521954363
0.9999812563648034
1.0000371166493904
1.0000035738609878
0.9999815224611159
0.9999994977450359
1.0000084777978637
1.0000014707473979
1.0000019912234184
1.000007475132421
1.0000060452717443
1.000012437052478
1.0000040454400094
1.0000014675440692
1.0000043139569121
1.0000010229394016
1.0000007538403803
1.000001846895911
1.0000010336745255
1.0000014564696986
1.0000093248666728
1.000005378307112
0.9999992812815808
1.0000057822384698
0.9999850261424221
0.9999971298265771
0.9999778398139312
0.9999727854594842
0.9999907537059732
1.000003594047091
1.0000003335266314
1.000004751069149
1.000011172980321
0.9999972908901515
1.0000021019956673
1.0000005686318805
0.9999881988524573
1.0000008170932382
1.000003056796748
1.0000229205838413
1.000017314505014
0.9999949182052786
1.0000067374898973
1.000001193041652
0.9999977392191794
1.0000088235101705
1.0000537432713643
1.000001978441826
1.0000026239371904
0.9999208351802847
1.0000022704095366
1.0000040029001938
1.0000018585324884
0.9999890150882598
0.9999221520077004
1.0000032789666298
1.000090976091495
0.9999954971731347
1.0000000395569653
1.000031502490731
1.0000025359634572
1.0000281360801384
0.9999990138370245
1.0000019818416277
0.9999988507412025
1.0000011431883484
1.00003105506507
1.0000222198103772
1.000001563920087
0.9999944103186112
1.0000107299542487
0.9999999228456266
1.0000127846202602
1.0000444077421335
1.0000018529244366
0.9999782806936228
1.0001334150025665
1.0000005018944922
0.9999788227577662
0.9999936786380765
1.0000094954557592
1.0000121824868482
1.000006852235207
1.0000017090158253
0.9999975365806618
0.9999965896548024
1.0000029831084776
1.0000017047810268
1.0000135591169368
0.9999975018857115
0.9999890438675103
0.9999929118191142
1.000008075730761
1.0000313221758794
1.0000014895949523
1.0000006903969483
1.000001112153744
1.0007250674384416
0.9999962314372685
0.999989343859144
1.0000006911968644
0.9999809049348669
1.0000031615596605
1.0000166784100473
1.0000007584385437
0.9998786400245562
1.000007685775139
1.0001012466867096
1.0000246920776132
1.000000455451075
1.0000094627275447
1.0000029468739475
1.0003434132360673
1.0000551614829647
0.9999858287709109
1.0000020211988387
1.0000008143291286
0.999987528026175
1.0000006928686793
1.0000067754941977
1.0000014674150979
1.0000024016804616
1.0000241002305816
1.0000060238049682
1.0001932735752017
0.9999944704598184
1.000024921830741
0.9999996452565965
1.00000574003999
0.9997340364629986
1.0000019644624734
1.0000037842247158
1.000000408516774
0.9999967296860746
1.0000032886584498
0.9999960546924257
1.0000062702594978
1.0000058374137972
1.0000020685782247
0.99999030165476
1.0000169006607955
0.9999897947759686
1.0000006098625416
0.9999948417683999
1.0000051593371213
1.0000032427282306
1.0000103366290527
1.0000120154764318
1.0000029167982176
1.0000037662641184
1.0000041085195202
0.9999733633731519
0.9999864316063574
1.0001810791447907
1.0000094941404498
1.0000449941249847
0.9999956146462778
1.0000063578013376
0.9999742513541068
1.0001240777010905
1.0000024114044939
0.9999976496039724
0.9999972158046259
1.0000046692714961
1.0000096414318473
1.0000030286846464
0.9999731541698519
1.0000020970749537
1.000005303541761
0.9999937094198118
1.0000105942619832
0.9999993703641736
1.0000019944513292
1.0000072513154876
0.9999995181699151
1.0000027242645435
1.0000014815974
0.999988887317497
1.000005500276247
0.9999905818489462
0.9999996951172694
1.0000022374373678
1.0000060769137047
1.0000016912136664
1.0000021466100315
0.9999987735586117
0.9999682491213391
1.000008806919554
1.0000030672688514
1.0000023056770266
1.0000027762056132
1.0000035577931712
1.000000095907929
1.0000019935920654
0.9999907314723467
0.9999985724650743
0.9999999712746278
1.000001290643114
1.000003051939956
1.0000017500833964
0.9999858182219061
1.0000169819201308
1.0000029820383105
1.0000004545254988
1.000004972767091
1.0000014906383856
1.0000030444393408
1.0000029916428015
1.000002548379032
0.9999963299565403
0.999984751156244
0.9999898189265449
1.000089310612025
1.0000018094920184
0.9999990732622548
1.0000089617856092
1.0000051483875725
0.9999973582435355
1.0000013853477254
1.0000025277234983
1.0000034699721867
1.0000056583527888
1.0000013253058064
0.9999975193370158
1.000000941300467
1.0000081247713353
1.0000159505655801
0.9999981283153776
1.0000015471167045
1.0000078909971941
1.0000016050393652
1.000002239518209
1.0000021147795286
1.0000092405334182
1.000019976488083
0.9999999538475619
1.0000106654929601
1.000011635911695
0.9999994042218644
0.9999895184827899
0.9999995257738978
1.0000009610754208
1.0000579397372191
1.0000316157361477
1.0000075338227696
0.9999988578559628
1.00000161255566
1.0000047060130828
1.0000034231787895
0.9999923740510243
1.0000442837123253
1.000008205603424
1.0000011929662034
1.0000006560330998
1.0000097416530895
1.0000073843655393
1.0000004557103377
1.0000027128025701
1.0000095958990989
0.9999968733881027
1.0001151581750236
1.0000272574020614
1.0000021411545548
1.0000017481989223
0.9999868491134766
0.9999992336399484
0.9999283064789737
0.9999922393937328
0.9999998139712295
1.0000023722867462
1.0000026549825518
1.0000476141325292
1.0000024538415089
1.0000025447946528
1.000001271499379
1.0000045361531615
0.9999855566959697
1.000005000160139
1.0000049431743616
1.0000062714996514
1.000001255116305
1.000001840158841
1.0000523963932397
0.9999965671425177
1.0000019698314742
1.0000049375908027
1.0000011971590947
0.99994334397609
1.0000028401692296
0.9999991073970353
1.0000033239178472
1.0000045689488364
1.000007620997887
1.0000047905380665
1.0000161111585772
1.0000159405029734
1.0000235229407706
1.0000032787193394
0.9999981616983097
0.9999852554965551
1.0000041824360713
1.0000074660133391
0.9999988708773584
1.0000048710156255
1.0000175016443364
1.0000011623939866
1.0000014072440115
0.9999978887990097
0.9999891457238212
0.9999954457382506
1.0000015717440738
1.000008578730946
1.0000014006872902
1.0000431424432508
1.000001290192961
1.0031469204972288
1.0000084159680651
1.0000125574483196
1.0000016480980352
1.0000013876914904
0.9999971524046565
1.0000073624597277
0.9999996141476053
1.0000034532020934
1.0000032396769347
1.000002165245069
1.0000032352275923
0.9999987691359872
1.0000033906790493
1.0001564205800353
0.9999976785235987
1.0000158677744762
1.0000012553568802
1.0000030003220495
1.0000097351871498
1.000000077442908
0.999998375790577
1.0000039920181147
0.9999994999807763
1.0000064146019756
1.0000046394246023
1.0000032286038516
0.9999995836876518
1.0000002869393458
1.0000212992792563
1.0000020748334508
1.0000011980870103
1.0000447234726617
1.000001237544133
0.999985768750564
1.0000021457373491
1.0000988153181165
1.0000250643676545
1.000019156243571
1.000006229928795
1.0000074370920244
1.0000024009710373
1.0000012636851168
1.0000088871452861
1.000002652409111
1.000007281302603
0.9999917658172037
1.0000030478784536
1.0000007251794187
1.0000274870160708
0.9999961501475086
1.000008040521064
1.0000401261445377
1.0000083856123014
1.0000044979846967
1.0000009883057468
1.000003128711944
0.999992068158758
1.000005349464886
1.0000017106933514
0.9999986417647827
1.0000014190409479
1.0000005531561824
1.0000093311557259
1.0000173921618243
0.9999960461075459
1.000001745644179
1.0000002895323192
1.0000048999412559
0.9999822901053211
0.9999851935219941
1.000003982144571
1.0000278390590382
1.0000159657739263
1.0000188107430574
1.0000782405961866
1.000000502284407
1.0000032428212777
0.9999933698113197
1.000000623200727
0.9999993273543905
1.000002023084145
0.9999917444761212
1.000006581230289
0.9999994466907886
0.9999975774876395
0.9999984333448071
1.0000021354224926
1.000001095398649
0.9999950145210834
1.0000003730604439
1.000002171123946
0.9999970365763601
1.0000003260199706
1.0000153075037115
1.0000017966579242
1.0000558426896773
0.9999820335333823
1.0000013914567853
1.000009325172825
1.0000027326040843
0.99999940159063
0.9999901183029892
1.0000132214111572
1.0000080111027296
0.9999923340793184
1.0000022981809762
1.000138563995332
1.0000011635834825
1.0000059710810245
1.0000067127048735
0.999998586098763
1.0000083689788157
1.0000021803403674
1.0000009168867081
1.000007601297081
1.0000198736036499
1.0000024962325744
1.00001487838958
0.9999947748293906
1.0001479602667964
0.9999983057367415
1.0000041793624377
0.9999930356291173
1.0000001934866163
0.9999747467455955
1.0000039304303825
1.0000036531345686
1.0000026388750844
1.000003689438202
1.000004094668927
1.0000061039119912
1.0000015341620512
0.9999986430236085
1.0000031519241592
1.000000331555148
1.00001408542314
1.0000025594372186
1.0000005962167848
1.000004334997777
0.999999187626282
1.0000017675663009
1.0000157618399477
1.00000502814504
0.9999912589681285
1.000001699181195
1.0000008403349374
1.0000358450842475
1.0000036683286
1.0000159564193207
1.0000012129422435
0.9999962777532497
1.0000015567917449
1.000007996316903
0.9999783514809194
1.0000069579917987
1.0000006995348258
1.0000119589836725
1.0000014163159463
1.000002964582275
1.0000001074601212
1.0000028708724493
1.000003544349808
0.9999826417386244
1.0000040375114267
0.9999671267927813
1.0000051919498778
1.0000028823551568
1.0000028111186816
1.0000355698268553
1.0000018203321859
1.0000315111091393
1.0000031225447334
1.000003882753786
1.000003894893046
1.0000055468003566
1.0000026777222644
1.0000009004548118
1.0000039090498873
1.000024770420916
0.9999934125079893
1.0000339338129658
0.9999942136435488
1.0000063739106921
1.0000019992183367
1.0000020435487895
1.000002297860806
0.9999990589504719
1.0000238490415954
1.0000050660609285
1.0000676909233421
0.9999997904320715
1.0000001205460136
1.0000028627572866
0.9999930180559639
0.9999290771023222
1.0000833569761098
1.0000083259103825
0.9999770440830895
1.000002293336722
1.0000025802860262
1.000003992201739
1.0000041055346975
1.0000176399471765
1.0000040771443126
1.0000135071236627
1.0000034070717303
0.9999875817131733
1.0000217000253808
1.0000067248410003
1.000018313824934
1.0000021448375163
0.9999999849593836
1.000004312841651
1.0000053706874985
0.9994615078558866
1.0000064825092658
1.000004417504686
1.0000047012136681
1.000041336757627
1.0000044862134045
1.0000024356402732
0.9999921159526092
1.0000186334956642
1.000004590973595
1.0000144233828212
1.0000006214079584
1.0000035594962848
1.0000038944494167
1.000779051004363
1.0000042125653845
1.0000013677968844
1.0000125886275841
1.00001986940249
1.0000072433045109
0.9999849687487998
1.000015119654062
1.0000106827877873
1.0000036161817853
0.9999969085350291
1.000056046047399
1.0000052860784425
1.0000022486202973
1.000004024408682
1.0000014961773496
1.0000025024928658
0.9999927753307054
1.0000040556604723
1.0000039494607025
1.0000013012044913
0.9999993080114324
1.0000155258879782
0.9999989614230109
0.9999900043902686
1.000006019553929
0.9999832358798466
1.0000008351792686
1.0000054112472112
1.0000550079605037
1.0000011799226238
1.0000084248443728
1.0000010886012252
1.0000218616039112
1.0000972006758269
1.0000177377737223
1.0000015549857977
0.9999918439083517
1.000003560852532
1.0000156049230327
0.9999986413728816
1.0000010167371307
1.0000026237015924
1.000006235567504
1.000071684810965
0.9999865172876267
1.0000020155917309
1.0000065239660825
1.0000040113350463
1.000001476625539
1.0000013821857352
0.9999930028356281
1.0000018729753857
1.0000202268357916
1.0000032812136086
1.000000593411134
1.0000021712482203
0.9999958090252423
1.0000134567839538
0.9999757441223192
1.0000363126453662
1.000003156198673
1.0000026715334536
0.9999857809590417
1.0000013404037353
0.9999977256706527
1.0000016272042012
0.9999347221481178
0.9999960880401487
1.000000568598759
1.000001991900967
1.000001741392193
1.0000035383941936
0.9999943323368212
1.0000046047848303
1.0000029773448824
1.0000008941876677
0.999999848843492
1.000004305024363
1.0000248346878977
1.0000052887001378
1.000000830271083
1.0000077755458194
1.0000037969860869
1.0000083995255713
1.0000142811688542
0.9999989686886316
1.0000052922667662
0.9999988144399182
1.0000207317818188
1.0000015665247115
1.0000028867273745
1.0006919978930804
1.0000130596807124
1.0000059492276168
0.9999973696717877
1.0000034944019853
0.9999563578365458
1.0000001822626425
0.9999857974290031
1.000001783264886
1.000002837961672
1.0000155379276146
1.0000229440069495
1.0000085529176048
0.9999897482520526
0.999999423698814
1.0000033947116274
1.0000017254872202
0.9999950741799939
1.0000156832660958
0.9999994968342029
1.000002743007639
1.0000006090332618
0.9999967860796228
1.0000011561195263
1.0000030472410686
0.9999897249858587
1.0000066125426053
0.9999475891365979
1.0000011800953623
1.0000017874148752
1.0006714853684484
1.0000158408135242
1.0000016526087978
1.0000032577967874
0.9999995460989446
1.000001736389289
1.0000014117976497
1.0000042989233022
0.9999828137471277
1.0000004874768087
1.0000025495635951
0.9999499957491301
0.9983505386826288
0.9999891355009881
1.0000021538593402
1.000000391657267
1.0000035564438556
0.9999976464136882
1.000002344272193
1.000001960647543
1.0000020077919145
1.0000018438224856
1.0000018022393256
0.9999585930214561
1.0000034200559627
1.0000022844143395
1.0000020778954075
1.0000022133216704
0.9999887599601561
0.9999997657685574
1.0000105964609092
1.0000014703687718
0.9999909342462855
1.0000234475173224
0.9999876211744422
0.9999914791142591
0.999999531257484
0.999003294347867
1.0000018529939496
1.0000065456707363
0.9999998321299108
1.0000501536615831
1.0000269373639317
1.0000041441330891
0.9999802392699073
1.0000061518248438
1.000002174005246
1.0000018401570983
1.0000009626095685
0.9999781700233696
1.0000021731663329
1.0000037372469877
1.0000004427284874
1.0000140138310907
1.0000021175306775
1.00000022536901
1.0000056470456669
1.00000388390626
0.9999949476841027
1.0000060272931195
1.0000061295403724
1.000002713017124
0.9999997184527053
1.000002580734929
1.0000025703322648
1.0000016888937937
0.9999948273048642
1.0000036297743171
1.0000022805326958
1.0000017127310852
1.0000005760900854
0.9999659420897881
0.9999522964170837
1.0000013307670546
1.0000022014353174
1.0000032098679037
1.0000002743109013
1.0000003432726723
0.9999988617651759
0.999999016547882
1.0000016650877295
0.9999818806411516
0.9999836991175788
1.00000383544596
1.0000006037409677
0.9999917946582223
1.0000088699676388
1.0000162672998751
1.0000003291415305
1.0000066117084436
1.0000120471253084
0.9999741410756742
1.000001775278205
0.9999981112890926
1.000005578462901
0.9999979934158952
1.0000037221389262
1.0000539991941335
0.9999860942053108
1.0000103434777436
1.0000039594626788
1.0000172199567237
1.0000255629168253
1.0000012390867519
1.0000005026789038
1.0000004763777226
1.0000146589534376
1.000001984675229
0.9999998114569757
1.0000036836159365
1.0000041500250676
1.0000016383573342
1.000057727963565
1.0000015967545972
0.9999913784033543
0.9999998999813478
1.000005449747351
1.0000013650905373
0.9999555642412202
1.0000024121841131
1.0000205574832584
1.000001102804006
1.0000011005764797
0.9999985387457307
1.000004402960005
1.0000068907704531
0.9999601601276594
1.0000040792512872
1.0000043979096012
1.0000012228149093
1.0000042470360115
1.0000012885886882
0.9999839961900822
0.9999956049283266
1.0000042011430323
1.0000003913789726
0.9999877230155743
1.0000018311754273
1.000001756123949
1.0000107940564957
1.0000088336272328
0.9999985464868729
1.0000049188084494
1.0000088955175856
1.0000039211546907
1.000010406639472
1.0000129682039323
0.9999878360447225
1.0000111112781602
0.9999924734491004
1.0000006686235234
1.0000012874439284
1.000004424665271
1.000001716061453
1.0000088142124823
1.0000209249521308
1.000002306477175
1.0000038945724354
1.0000048726672812
1.000036605929974
1.0000029253283118
1.0000267716971605
0.9999715425950381
1.0000022237218922
1.0000131312428446
1.0000002764270612
1.000008014289474
1.0000001330824533
1.0000332831137972
1.000002343762546
1.0000200716107512
1.0000020674932013
1.000003065658131
1.0000075339687902
1.0000059063022415
1.0000056231286265
1.0000074422255418
1.0000002840048254
1.0000018900105256
1.0000010259226544
1.0000002605059355
1.0000050618680898
1.000000782236616
1.0000033694444623
1.0000016491695514
1.000001274248788
0.9999966523844251
1.000018356672747
1.000010139961915
0.9999934726459722
1.000000450016867
1.0000059301858621
1.0000076058616292
0.99998837589623
1.0000052815444502
0.9999963104984154
1.0000009705098962
1.0000025554027472
0.9999899389689357
0.999989559010309
1.0000074616084524
1.0000134986075726
1.0000041599741119
0.999999846213056
1.0000008636823186
1.000009760016229
1.0000115144528408
1.000002528912673
1.0000032047572978
1.000004073541258
0.9999994883867405
1.0000002601697928
1.0000017735148685
1.000000479593763
0.9999924242478037
1.0000070970354744
0.9999993119570006
1.0000527367075955
1.000009053963543
1.000038862161654
1.0000086032367257
1.0000025254030023
1.0000048770271766
1.0000012772041411
1.0000025449534649
1.000005843592427
0.9999957659693505
1.0000070301516033
1.0000026027258657
1.0000051082540702
1.0000218754056285
0.9999913842251914
1.0000084456507479
1.0000019458258542
0.9999998905371726
1.0000006736169473
1.0000069413356911
1.0000057837501832
0.9999947483012828
1.000058808473
1.0000054634431461
0.9999991443057245
1.0000040059054027
0.9999997516174969
1.0002438666739544
1.000002592700795
1.0000024406484032
1.0000010301480107
1.0000012056440966
1.0000075297356639
1.0000002547938938
1.0000357737613395
1.0000045789563732
0.9996938973455791
0.9999960027345159
1.0000033509645805
1.0000009142016215
0.9999878321999934
1.0000017354350783
0.9999893308494849
0.9999999968550023
0.9999946164817497
1.0001191019157711
1.000025313453924
1.0000037375893753
0.999971806487667
1.0000013117090725
1.000000532750157
1.0000058533656424
0.9999966253624877
1.0000054267408478
1.0000009050509786
1.0001189412647695
1.0000004932729665
1.0000079628851322
0.9999953292204338
0.99998744094821
1.0000043745057607
1.0000021560140893
1.0000027404061336
1.000001086153927
0.9999972676981145
1.0000000585177193
1.0000035606607474
1.0000128996641537
1.0000013015997236
1.0000007429982474
1.0000122738110229
1.0000056553556491
1.0000006617869035
0.9999994481833729
1.0000016564702363
1.0000040636655938
0.9999861360821484
1.0000023620190213
1.000002329919033
0.9999898640608185
1.0000008476346571
0.9999387042334352
1.0000011808687568
1.000000068372305
0.9999925108124484
1.0000321746682008
1.0000066511187284
0.9999994039984395
1.000004787582322
1.0000356495432117
0.9999958588979028
1.000021761866115
1.0000221139099725
1.0000057886254656
1.0000046150460422
1.0000044881727284
1.0000100877259215
1.0000330951662222
0.9999847595846392
1.000001455826649
1.0000135402131678
1.0000047219529946
1.0000025655578737
1.0000185067505853
1.0000112520544813
1.0000072964638627
1.000014903158522
1.0000107489064198
0.9999918963314054
0.9999999179929098
1.0000009989513634
1.0000019179583333
1.0000173037348283
1.000002185860913
1.0000031601511234
1.0000022678307992
1.0000001925046054
1.0000003310165653
1.0000043256419116
0.9999982628938447
1.000005298648827
1.0000011159556397
1.0000143667043893
1.0000107159670835
0.9999994797382581
1.0000012566189194
1.0000131049843228
1.0000109302996865
0.9999896009534809
1.0000023100324522
0.9999735504613025
1.000016854617772
1.0000045093140624
1.000000931772733
0.9999843486141536
0.9999917018944195
1.000002529922871
1.0000030576459709
1.0000016840545323
1.0000017735751416
1.000006344711525
1.0000192954910692
1.0000064837997777
1.0000012453391782
1.00000455067387
1.0000009866828956
1.0000047087752149
0.9999882842515242
1.000002393469209
1.0000025110625779
1.0000012616326843
1.0000420761775504
1.0000106832153652
1.0000029549440563
1.000343992243009
1.0000026231475971
1.0000057143732584
1.000002599058461
1.0000028157373773
1.000011070118391
1.0000067191861157
1.0000477108585644
1.00000029610623
1.000002046967112
1.0000023508496558
0.9999466622996123
1.0000079275133669
1.000003434951704
1.0000557163730932
1.0000475168946494
1.0000010744142063
1.0000000186782658
1.0000249033667472
1.0000028768135332
1.0000028160140713
1.0000030112215386
1.0000031890123384
0.999999257314073
1.0000025843231322
1.000003932187005
1.0000004951554209
0.9998150888203639
1.0000043471209095
1.000002484054415
