1.0000000006224898
0.9999999969133525
1.0000000051871871
0.9999999986333876
0.9999999956685232
0.9999999998869531
1.0000000000763725
1.0000000021423425
0.9999999997003566
0.9999999996623481
1.000000000252835
0.9999999996847599
1.0000000008834213
0.9999999986410523
1.0000000029547824
1.0000000004744167
0.999999999719468
0.9999999965073575
1.0000000008721743
1.0000000006039131
1.0000000000008435
1.0000000043773571
1.0000000053142852
1.000000000425465
0.9999999977304729
0.9999999997762781
1.0000000066951806
1.0000000023163582
1.0000000000804716
1.0000000001620495
1.0000000050317805
1.000000000288264
1.00000000028974
1.0000000015169668
1.000000003010963
0.9999999940865623
1.000000003448814
0.9999999996220241
1.0000000006989724
0.9999999925290516
1.0000000008436571
0.9999999923527518
1.0000000015883024
1.0000000001622678
1.0000000033608953
1.0000000069611135
0.9999999999414295
0.9999998500546308
0.999999997458434
1.0000000002147218
1.0000000006191332
1.000000001910034
0.9999999997850889
1.0000000030480352
1.0000000014324706
1.0000000009160344
1.000000000341968
1.0000000009140269
1.0000000008218486
0.9999999918083073
1.0000000010019312
1.0000000097462378
0.9999999975674978
0.99999999993612
0.9999999946620345
0.9999999939723255
1.0000000010510455
0.9999999994619405
1.0000000002007567
0.9999999996479055
0.9999999949504046
1.0000000007342307
1.000000000147175
0.9999999997143695
1.0000000001517668
0.9999999951294475
0.9999999967415466
1.00000000061971
1.0000000009726044
1.000000003031088
0.9999999967420637
1.0000000012483727
1.0000000049326063
1.0000000002819867
1.0000000748815039
0.9999999857498141
1.0000000011247216
0.9999999989770268
0.9999999848697932
0.9999999961839139
1.0000000005175145
1.0000000004774972
0.9999999970817095
1.0000000003916998
1.0000000054668847
1.0000000010136862
0.9999999971616579
1.0000000011082344
1.0000000003694811
1.0000000005121321
0.9999999990864041
0.99999999903509
1.0000000004716996
0.9999999984662256
1.0000000006045595
0.999999999817242
1.0000000010941865
1.0000000003779643
1.0000000001447655
1.0000000009429375
1.0000000093550265
0.9999999999896332
1.000000015045718
1.0000000000695648
0.9999999989615488
0.9999999992307739
1.000000000321257
1.0000000535693228
1.0000000007244472
0.9999999978356302
0.9999999991720389
1.0000000010541736
0.999999996087877
1.0000000019150233
1.0000000006497312
1.000000000948792
1.0000000021586744
1.0000000022349544
1.0000000221545147
0.9999999993828333
0.999999996141895
1.0000000005241665
0.9999999992470475
1.0000000024941451
0.9999999999668353
1.0000000017254254
0.9999999920927847
0.9999999998260378
1.0000000040444341
1.0000000001704707
0.999999998251674
1.0000000025644882
1.0000000066112917
0.9999998653480354
1.0000000002747262
1.0000000002114122
1.000000000199779
1.0000000001479528
1.000000004218947
0.9999999851063467
0.9999999992086142
0.9999999891165262
1.0000000005948877
0.9999999999832166
1.0000000005181846
0.9999999983986657
0.9999999994021285
0.9999999997521513
1.0000000002757825
1.000000000224195
1.0000000006357277
0.9999999989932364
1.0000000005716432
0.9999999983252258
1.0000000027684381
1.00000000036908
1.0000000011716896
0.9999999996909844
0.9999999995388474
1.0000000004959693
1.0000000016052595
1.0000000011210834
1.000000001267571
1.0000000008861782
0.9999999999932441
1.000000000041138
1.0000000008890424
1.0000000000162297
1.0000000002408784
0.9999999997386029
0.9999999323890651
0.9999999996123788
0.9999999987981658
0.9999999914640977
1.0000000002368252
0.9999999998367062
0.999999932880128
0.9999999854807325
1.0000000053902907
1.0000000006564793
1.0000000001208693
1.000000000290471
1.0000000006642216
0.9999999997077678
1.0000000028447118
1.0000000077828437
1.0000000062380385
1.0000000055836966
1.0000000020073694
1.0000000007883534
0.9999999882741594
1.0000000003666256
1.0000000002112632
0.999999999688737
1.0000000001484834
1.0000000014056758
1.00000000646696
0.9999999983881095
0.99999999971065
0.9999999929895786
1.0000000056979528
1.000000000236541
1.0000000000936378
0.9999999960423699
1.0000000106133249
0.9999999982179506
1.0000000007249135
1.0000000063606531
0.9999999900952646
1.0000000031349245
1.000000000470826
1.0000000010730046
0.9999999996092765
0.9999999954403819
1.0000000001161613
1.0000000001637463
1.0000000056941283
1.0000000010776626
0.9999999986003045
0.9999999888128549
0.9999999909157693
0.9999999785989522
0.99999999991577
0.9999999993645158
1.0000000004514096
1.000000003471143
1.000000001092089
0.9999999998073643
1.0000000004932206
0.9999999840866126
1.0000000018426545
1.0000000004410872
0.9999999987643567
0.9999999993044154
1.0000000032375878
1.000000000250785
0.9999999987564722
1.0000000108053277
0.9999999710168859
0.999999999924413
1.0000000095205814
1.000000000085837
1.000000002521178
0.9999999961072069
0.9999999846334846
1.0000000062225596
1.0000000000347558
1.0000000004470955
1.0000000002751543
0.99999999976468
1.0000000022263122
1.0000000005851
0.9999999999687623
1.0000000006121188
1.0000000004438325
1.0000000028898972
1.0000000016722093
1.0000000015483945
0.9999999994689134
1.0000000007450434
1.0000000003969902
1.0000000003559217
1.0000000009511578
0.9999999995992128
1.000000000429513
1.0000000046141595
1.0000000003517882
1.0000000025960787
1.0000000043595947
1.0000000003536438
1.000000004543365
0.9999999999789282
1.0000000015896997
1.0000000002067884
0.9999999971478019
0.9999999962861973
0.9999999901017248
1.0000000014238155
1.0000000013112218
1.0000000003979386
0.9999999976661612
1.0000000007172158
1.0000000005095606
1.0000000002551823
0.9999999968640251
1.000000002017555
1.0000000004322407
1.0000000000450966
0.9999999937626431
0.9999999995134369
1.0000000011400894
1.000000000211713
1.0000000023850837
1.000000000859722
1.0000000043521071
1.000000002678704
0.9999999991720151
0.999999999930656
0.9999999966437616
0.9999999992746462
1.0000000003992475
1.0000000012565482
0.9999999919868776
0.999999999534112
1.0000000003513463
1.0000000000776534
1.0000000003364995
1.0000000000018683
1.000000001059251
0.9999999995241243
0.9999999997008253
1.0000000117334122
0.9999999930398829
0.9999999988283423
0.9999994014917544
1.000000001229951
0.9999999946029637
0.9999999994147215
1.0000000128830375
1.000000002526106
0.9999999991918176
0.9999999960608996
1.0000000006798142
0.9999999998638293
0.9999999999339617
1.0000000000257958
1.0000000003521416
1.0000000004625316
1.0000000014772066
1.0000000390495116
1.0000000010366832
0.9999999996537632
1.0000000005818948
1.0000000004588014
0.9999999742522712
0.9999999994902468
0.9999999998651797
1.0000000030331582
1.0000000002726155
1.0000000000352982
1.0000000037645802
1.000000000553198
0.9999999994270686
1.000000000308189
1.0000000010021055
0.9999999999194044
0.9999999993729416
1.0000000004747878
1.0000000022243676
1.000000006765643
0.9999999999400725
0.9999999990504607
1.0000000002095877
1.0000000002846985
1.0000000006392453
0.999999995824882
0.9999999895889216
1.0000000014809967
1.0000000003456697
1.0000000022584061
1.0000000003927256
1.0000000060086187
1.0000000015090746
0.9999999986328535
1.0000000003520328
0.9999999998381633
1.0000000042055295
1.0000000003600042
1.000000001492088
1.0000000005027143
0.9999999999496453
1.0000000008429437
0.9999999998413533
1.0000000002830076
1.0000000242036506
1.000000004410432
0.9999999977375074
0.9999999936593142
1.000000000126826
1.0000000007237368
1.0000000008690768
0.9999999827913054
1.0000000011419912
1.0000000004240277
1.0000000040542008
1.0000000194284173
1.0000000042034036
1.0000000040795263
1.0000000002090372
0.9999999990960751
0.9999999814217764
1.0000000002090839
0.9999999861057218
1.0000000005208076
0.999999999218326
1.000000000549648
0.9999999863319959
0.9999999934417414
1.0000000029293368
1.0000000000680187
1.0000000005577254
0.9999999973920198
0.999999993540607
0.9999999205770786
1.0000000020821067
1.0000000003592957
1.0000000008585457
1.0000000001571043
1.0000000010650218
1.000000000941058
1.0000000000810176
1.0000000011885082
1.000000000510328
1.000000007747616
1.0000000015286739
1.0000000001183795
0.9999999989638544
1.0000000011018533
1.000000002396198
0.9999999963796949
1.0000000007292411
0.9999999998662945
1.0000000002122067
1.000000000104272
1.0000000003846339
1.000000001275669
0.9999999315792271
1.0000000001315401
0.9999999975280744
0.9999999991492705
1.0000000005593896
1.0000000009000847
0.9999999999326799
1.000000000208644
0.9999999950433424
1.0000000019622333
0.9999999980036822
1.0000000016810593
0.9999999966608145
1.0000000006810703
1.000000000295487
1.000000000095107
1.0000000033396108
0.9999999819977321
1.000000000611658
0.9999999988486934
1.0000000007245793
1.0000000009634387
1.0000000037804715
1.0000000072715869
1.000000000295977
1.0000000006985328
1.0000000001285048
0.9999999929036528
0.9999999934898208
0.9999999997428171
0.9999999914047905
0.9999998727624911
1.000000000473215
1.000000000577236
1.000000000714774
1.0000000009392154
1.0000000026747586
1.0000000086149141
1.0000000010090193
1.000000000033243
0.9999999988091206
1.0000000001271847
1.000000001314054
1.0000000001875857
1.0000000002166893
1.0000000001610612
0.9999999974456202
1.0000000005383451
0.9999999895401592
1.000000000677584
0.9999999998062892
1.0000000003719518
1.000000004085727
0.9999999921925277
1.000000000293189
1.000000001338819
1.000000001748706
1.0000000081577327
1.0000000003663165
0.999999997616764
0.9999997299774117
1.0000000446731105
1.0000000002444123
0.999999999740135
1.0000000012459958
1.0000000004412155
1.0000000021559263
1.000000000292156
1.0000000152418658
1.0000000003048284
0.9999999966164863
0.9999999951234978
0.9999999956114475
1.0000000001772682
1.0000000019063686
1.0000000009972563
1.0000000005199459
1.000000000339321
1.0000000002115745
1.0000000007334249
1.0000000003323952
1.0000000004135694
1.0000000003409883
1.0000000293040812
0.9999999953382003
0.9999999858084383
0.9999999991347102
0.9999999827936704
1.000000000502694
1.000000000854717
1.0000000015919075
1.0000000001576284
1.000000000648293
1.0000000017778425
1.0000000006487009
1.0000000076055175
1.0000000002702472
1.0000000008606265
0.9999999993786135
1.0000000042347656
0.9999999933332308
1.0000000003966902
1.0000000001336877
0.9999999994397579
1.0000000074601796
1.0000000017805175
1.0000000001210188
1.0000000006218
0.9999999981525364
1.0000000077261835
0.9999999994606049
0.9999999992648179
0.9999999987930482
0.9999999995825616
0.9999999990520626
1.0000000001381772
0.9999999989239491
1.0000000007154706
1.0000000080684235
1.00000000051456
1.000000000330916
1.0000000005656502
0.9999999996940003
0.9999999995341415
0.9999999999897586
1.0000000025019649
1.0000000003563223
0.9999999999358246
1.0000000003314375
0.9999999998930298
1.0000000003214309
1.0000000004983085
0.9999999998918364
0.9999999984275137
0.9999999995651236
1.000000000034738
0.999999997440626
0.9999999998199596
0.9999999999429836
0.9999999998974335
0.9999999992150392
1.0000000001944669
1.000000001064982
0.9999999989621682
0.9999999902717908
1.0000000002651959
1.0000000090515508
1.00000000728056
1.0000000002080485
1.0000000006920102
0.999999998046171
1.0000000036449512
1.000000001067327
0.9999999876149973
1.0000000003920548
1.0000000004556646
1.0000000000825342
1.0000000011557872
1.0000000010173415
0.9999999985364814
1.0000000011067094
0.9999999998027583
1.0000000033111616
0.9999999993222894
0.9999999995501748
0.9999999966307465
0.9999999843069276
1.0000000003933838
1.000000004110835
1.0000000013061343
1.0000000024906985
1.0000000029809084
0.999999975497006
1.0000000002484841
1.0000000001422955
0.9999999920692626
0.9999999948540242
1.0000000003543479
1.0000000018028181
0.9999999900602685
1.0000000009029602
1.0000000013511712
0.9999999995742381
0.9999999997518831
1.0000000001679585
0.9999999820057223
1.000000000892462
0.9999999982791727
0.9999999999037757
1.0000000002288298
0.9999999986194781
0.999999988886384
1.0000000008284256
1.0000000011036199
0.9999999922162589
0.9999999987661853
0.999999999998018
0.9999999986627796
1.0000000007107155
1.0000000297535716
1.000000000133743
0.9999999989224284
1.0000000002741471
1.000000000858189
1.000000003071014
0.9999999902132423
0.999999815644138
1.0000000157270177
1.0000000000098568
1.0000000003352076
0.9999999973512431
1.0000000014700186
0.9999999941462557
1.0000000000791653
1.0000000004833516
0.9999999934124532
0.9999999802111151
1.0000000008323666
1.0000000029216378
1.0000000000042701
1.0000000018152786
1.000000000016959
1.0000000036864996
0.99999999939552
1.0000000000824087
0.9999999965325462
1.000000001137017
1.0000000008132228
1.000000000188927
1.0000000063266472
0.9999999988465881
0.999999999436887
0.9999999894277539
0.9999999996415344
1.0000000006479142
1.000000000776058
0.9999999999014798
1.0000000006559147
0.9999999963534022
1.0000000065393317
1.0000000032301974
0.9999999885248817
1.000000000187485
0.9999999989738165
0.9999999999807574
0.9999999974110058
1.0000000045425288
0.9999999934181969
1.0000000032475291
1.0000000005334604
1.0000000077356204
0.999999998780893
0.9999999945629433
1.0000000002990477
1.0000000008777052
0.9999999998467644
0.9999999997576262
1.0000000040773158
1.0000000037785794
1.0000000004758782
0.9999999965729203
1.000000000420104
0.9999999984740906
1.0000000007620973
0.9999999377116163
0.9999999077983908
0.9999999961410864
1.0000000003558918
0.999999999588091
1.0000000009743295
1.0000000003300182
1.0000000014408474
0.9999999998211601
0.9999999955404282
1.0000000012223722
0.9999999997446472
1.0000000003820066
1.0000002896359859
0.9999999999634238
0.9999999998539005
0.999999998023598
0.9999999889084591
1.0000000000390201
1.0000000027685783
1.0000000000525984
1.0000000061634038
1.000000000675138
1.0000000001281923
0.9999999973794206
1.000000001086018
1.0000000006004772
1.0000000004762533
0.9999999959953398
1.0000000004163716
1.0000000008666794
1.000000018918952
1.0000000000687397
0.9999999918363031
0.9999999999221798
0.999999995395613
0.9999999999475673
1.0000000006588408
0.9999999739929591
0.9999999997569374
1.0000000024087226
1.000000000306051
1.0000000235251039
1.0000000012085486
0.9999999934267423
1.0000000008339451
1.0000000015411352
0.9999999992973703
0.9999999995317514
1.000000000325317
1.0000000007158953
0.999999999921456
1.0000000015988761
0.9999999954357792
1.0000000026049627
1.0000000004736547
1.0000000006855794
1.0000000118873267
1.0000000003653944
0.999999907828735
1.0000000002164227
0.9999999982088742
0.9999999408765097
0.9999999973513825
1.0000000005094616
0.9999999997446433
1.0000000000678424
1.0000000003500407
0.9999999977022568
0.9999999477224967
0.9999999985438558
0.9999999969999959
1.000000327600586
1.000000000677447
1.0000000001221252
1.000000001244755
1.0000000004923204
0.9999999958237278
1.0000000003388974
1.0000000003359535
1.000000000612778
1.0000000065177197
0.9999999985299951
0.9999999990781974
0.999999996535839
0.9999999997366591
1.000000000088464
1.0000000005686018
0.9999999996298763
1.000000000310096
0.9999999935534832
1.0000000003048537
0.9999999997099672
0.9999999998345844
1.0000000002362661
0.9999999983356163
0.9999999987235151
1.000000000055399
1.0000000007471794
1.0000000009060344
1.000000000272016
1.000000001846828
0.9999999963745078
1.0000000007796013
1.0000000016873545
0.9999999997396128
1.0000000063468455
1.0000000000437357
1.0000000002356897
0.9999999996775812
0.999999999556666
1.0000000009689083
0.999999897278863
1.000000000292765
1.0000000026636613
1.0000000005358944
1.0000000006205667
0.9999999952008651
1.0000000004005385
0.9999999958377283
1.0000000001662663
1.000000000268332
0.9999999992018679
0.999999996254084
0.9999999647111137
0.999999998749246
1.0000000017410666
1.0000000003059142
1.0000000002430616
1.0000000028435658
1.0000000006991172
1.0000000027974982
0.9999999995560702
1.0000000003334886
1.0000000001406835
1.0000000000426337
0.9999999960866506
0.9999999999769366
1.0000000001539218
1.000000005603707
1.0000000001425347
1.000000000400596
1.000000000275192
0.9999999997817215
0.9999999950709146
0.9999999990697519
1.0000000001342813
0.9999999987081252
1.0000000007071352
1.0000000004404517
1.0000000000894071
1.0000000000877285
1.0000000000727425
0.9999999792570288
0.9999999972038787
1.0000000001412366
0.9999999998759433
1.000000000069367
1.000000000130203
0.9999999430887864
1.000000000502277
1.000000000126025
0.9999999995697796
0.9999999993986006
0.9999999999455286
1.000000000566607
0.9999999998983005
0.9999999998395482
1.0000000002901561
1.0000000082740086
0.999999999610835
0.9999999997553203
0.9999999966949199
0.9999999966761001
1.0000000013708668
0.9999999957212843
1.0000000004807144
0.9999999991866864
1.0000000006608167
1.0000000000494673
0.9999999996106725
1.0000000013265948
1.000000002219391
1.0000000003249372
1.0000000010382009
0.9999999860252641
0.9999999951098008
1.000000003194993
0.9999999992464804
0.9999999988254493
1.000000000196798
1.0000000034614336
0.9999999983945773
1.000000095726653
1.0000000004853182
1.0000000006827965
0.999999999978414
0.9999999986850473
0.9999999994907346
1.000000000849215
1.0000000001610199
1.0000000005746412
0.999999999746737
1.0000000005049567
0.9999999919229692
1.000000000883522
1.0000000000238425
0.9999999989337819
1.0000000001174596
1.0000000001610623
0.9999999999816946
1.0000000000998703
0.9999999960917023
1.000000000689526
1.0000000001103282
0.9999999777236105
1.0000000007549552
1.0000000003220437
0.9999999994525051
1.0000000000574805
1.000000000185317
0.9999999898746049
0.9999999976625391
0.9999999956077398
0.9999999999079947
0.9999999961174876
1.0000000004223093
0.9999999999930559
1.0000000001522715
1.000000136296491
1.0000000019190847
1.0000000004726965
0.9999999906291622
0.9999999551791707
0.9999999989967049
1.000000001866337
1.000000001847563
0.999999999980401
0.9999999917016632
1.0000000000810996
0.9999999971014687
1.0000000008525896
0.9999999903871756
1.0000000000603027
0.9999999997581177
1.0000000007320096
0.9999999995256402
1.0000000002534568
1.0000000010358727
1.0000000007347676
1.000000000292348
0.9999999973320897
0.9999999954320058
1.000000000442618
1.0000000015019141
0.9999999986342496
0.9999999988124587
0.9999999981959258
1.0000000000601912
1.0000000000870857
0.9999999999697857
1.000000000953654
1.0000000009495673
1.0000000074562785
0.9999999990123363
0.9999999999878337
1.0000000003937664
0.9999999973629504
0.9999999992687462
0.9999999983145663
1.0000000000078508
1.0000000004700635
0.9999999994608444
0.9999999940050587
1.000000000669329
1.0000000001685239
1.0000000005067942
0.9999999940540358
1.0000000000831193
1.0000000007202812
1.0000000006979046
1.0000000002379823
0.9999999950380668
0.9999999991304906
0.9999999725263894
0.9999999996334039
1.0000000005277028
1.0000000017035404
0.9999999980632167
0.9999999998256371
1.000000000862709
0.9999999984441693
0.9999999974399583
0.99999999842748
1.0000000003526082
0.9999999997353164
0.9999999993496259
0.9999999899523889
1.000000000383524
0.9999999971370571
0.9999999983946777
0.9999999885880652
0.999999998232202
1.0000000001136182
1.000000000731331
0.9999999777431413
0.9999999965363144
0.9999999998370648
1.000000000204724
1.0000000014835866
1.0000000003832992
0.9999999991573322
1.000000001633028
1.0000000004991398
1.0000000003969192
0.9999999982335332
1.0000000001809042
1.000000000697154
1.0000000178431458
1.0000000012613166
0.9999999970318874
1.000000000140205
1.0000000003271512
1.000000003576905
1.0000000007066976
1.0000000041323203
1.0000000003796792
1.000000000062533
1.0000000001182083
1.0000000013443942
1.0000000001705414
1.0000000005485261
0.9999999980854495
1.000000000245952
1.0000000010312817
0.9999999978706756
1.0000000002043143
1.0000000016055077
0.9999999928188853
0.9999999994629335
0.9999999984500387
1.0000000007027083
1.000000000074197
1.000000000749661
1.0000000002142775
1.0000000026143978
1.0000000002439378
1.0000000000535314
1.0000000004635485
0.9999999942051108
0.9999999929829967
0.9999999970458523
0.9999999987477565
1.000000000770359
1.0000000013052057
1.0000000021580908
1.000000000108506
1.0000000121006523
0.9999999925033884
0.9999999991907037
1.0000000001177778
1.0000000005151308
0.9999999953436177
1.0000000010989119
0.9999999993588858
1.0000000007008811
0.9999998187367443
0.9999999999628726
1.0000000008008332
0.9999999998791387
1.0000000000830178
1.0000000003438498
1.000000004257712
1.00000000026924
1.0000000000702114
0.9999999998687547
1.0000000000955498
1.000000000466703
0.9999999998212737
1.000000000115288
1.0000000115293883
1.0000000001710012
1.000000002863394
0.9999999990222701
1.000000000527864
1.0000000003958842
1.0000000003766718
1.0000000004694947
1.0000000006384826
0.9999999999155134
1.0000000030364664
1.0000000001914222
0.9999999992165135
1.0000000000591145
0.9999999968384023
1.0000000013712134
1.0000000000884686
1.0000000024871896
0.9999999987819855
0.9999999987084105
0.9999999855596496
0.9999999994100095
0.999999997882386
0.9999999928708522
0.9999999961720093
1.000000000515179
1.0000000002662954
1.0000000002077163
0.9999999986866369
0.9999999989665647
0.9999999973971275
1.000000000193522
0.9999999997364444
1.0000000015086636
1.0000000003154932
1.000000000172397
1.0000000005932346
1.0000000003084093
0.9999999992307546
1.0000000009739094
1.0000000003180944
0.9999999942516339
1.000000000155065
1.0000000001752767
0.9999999885737928
0.999999999484264
1.0000000017438002
1.0000000005257066
1.0000000001377387
0.9999999999995703
0.9999999998027964
1.000000000730076
1.0000000028147435
0.9999999999676803
1.000000000811319
1.0000000003892129
0.9999999995922413
0.999999998541724
1.0000000001227973
1.0000000000944258
1.0000000015838815
0.9999999988558816
1.0000000042961963
0.9999999996635819
1.00000000022983
0.9999999992894515
0.9999999950210864
0.9999999988700774
0.9999999999177029
0.9999999935852207
0.9999999987628839
0.999999999969688
0.9999999996910458
1.0000000000622051
0.9999999993700665
0.9999999991006749
1.0000000000823048
0.9999999994985794
0.9999999993257249
1.0000000075295428
0.9999999988332137
0.999999994144728
0.9999999997836658
0.9999999507112307
0.9999999976640606
1.0000000004904341
0.999999994305169
0.9999999994488619
0.9999999977910667
1.0000000002097817
1.000000000333448
1.000000007640611
1.0000000068320696
1.0000000004505225
0.9999999974225968
0.9999999997506768
1.0000000004585345
1.000000000035906
1.0000000004682823
0.9999999999122586
0.9999999975762388
1.0000000002407783
0.9999999996753186
0.9999999791896238
0.9999999964874191
0.9999999996405708
1.0000000004796288
1.0000000064703225
1.0000000007016658
0.9999999999833099
1.000000000331472
0.9999999999744383
1.000000033007908
1.0000000021785578
1.0000000002230727
1.0000000006128107
1.0000000010657846
1.0000000004013052
1.000000003166497
1.0000000005277336
1.0000000001217058
1.0000000178321617
0.9999999997310622
1.000000000199682
1.0000000000854443
0.9999999630336808
1.00000000188186
0.9999999995736707
1.000000003610941
1.000000002620571
0.9999999998316738
0.9999999999284254
0.9999999742261031
1.000000001412591
1.000000000071176
0.9999999991824883
1.0000000001590164
1.0000000001806526
1.000000000177966
1.000000001172584
0.9999999979265244
1.000000000275017
0.9999999986818382
1.000000000135589
0.999999997262726
1.0000000001676175
1.000000000106053
0.9999999946670456
1.0000000044826405
1.0000000165009741
1.0000000012610428
1.000000000023237
0.9999999987733007
0.9999999958574047
0.9999999317613225
1.000000000202069
1.0000000000035338
1.0000000000241602
0.9999999997553038
1.0000000030784357
0.9999999960942149
1.000000000077246
1.0000000006472711
0.9999999951742062
1.0000000004569016
1.0000000001196652
1.0000000021078237
1.000000000197757
0.9999999836178651
0.9999999994515786
1.0000000002633822
1.0000000001759617
1.000000000143241
1.0000000056669325
0.999999999735626
1.0000000012175307
0.9999999953280061
0.999999913693005
0.9999999966046101
0.9999999958959827
1.0000000001571074
1.0000000002047782
1.0000000001528384
0.9999999991965984
0.9999999999526805
1.0000000030687748
1.000000000210188
1.0000000008680483
0.9999999999506329
0.9999999989386066
1.000000000199646
1.0000000019210358
1.0000000004133822
0.9999999973103572
1.000000001868755
0.9999999993795189
0.9999999864908996
1.0000000017540835
1.0000000001956557
1.0000000016807529
1.0000000002022276
0.9999999956058783
1.0000000037906205
1.0000000000574045
1.0000000004795844
1.0000000082151856
0.9999999978228067
0.999999991377209
1.000000000397103
1.0000000050228646
1.0000000000595421
0.9999999851951096
1.0000000001190077
1.000000000056976
1.0000000002101948
0.9999999995747886
1.0000000002099645
0.9999999996957745
0.9999999957936383
0.9999999971665825
0.9999999999697199
0.9999999919998596
1.0000000026945657
1.000000002335186
1.0000000010553547
1.0000000039930355
1.000000000079531
0.9999999999939017
1.0000000031021643
0.9999999999984476
1.0000000020263118
1.0000000557228925
0.9999999995604482
0.9999999994975901
1.0000000007650829
0.9999999994803896
0.9999999999105177
1.00000000028022
1.0000000001514426
1.0000000053156994
1.0000000000119895
1.0000000165254805
1.0000000025876812
0.9999999999484206
1.0000000046737654
1.0000000026360456
1.0000000030281466
0.9999999996367949
1.0000000034500585
1.000000004395601
1.0000000006055485
1.0000000007245269
0.9999999800189849
0.9999999994700187
1.0000000017427204
0.9999999971761279
1.0000000000085894
0.9999999999558162
0.999999996430716
0.9999999939505722
0.9999999994936392
1.0000000083003426
0.9999999996777243
1.0000000002614873
0.9999999958190612
0.9999999996508336
1.0000000035525942
0.9999999997204425
1.0000000001040912
0.999999969877884
1.000000001677725
1.000000000143801
0.9999999931873881
1.000000002668181
1.0000000003126985
1.0000000003189498
1.0000000005845315
1.000000000833516
0.9999998741437336
0.9999999977974755
0.9999999985568976
1.0000000001031457
1.0000000004705751
1.000000001016369
1.0000000108808207
1.0000000000930478
1.0000000001654017
1.0000000005893512
1.0000000039215016
0.999999997007214
1.0000000002727754
1.000000000064071
1.0000000005327445
1.0000000005495582
0.9999999998952828
0.9999999996563814
1.0000000013003694
1.0000000330652046
1.000000003465927
1.0000000001590226
1.000000000729374
1.0000000026475786
1.0000000002110276
1.0000000004163652
1.0000000057625067
0.9999999999521475
0.9999999998623287
0.9999999997613984
0.9999999981581931
1.0000000006428986
1.0000000000222735
0.9999999999048435
0.9999999980658315
1.000000000387748
1.0000000007114949
1.0000000001144929
0.9999999973811508
0.9999999985615694
0.9999999983964821
1.0000000001724771
0.9999999966171083
0.9999999999467589
1.0000000029329645
1.0000000008599432
0.9999999417375298
1.000000000058893
0.9999999998831715
1.0000000001113172
0.9999999992240021
1.0000000000919402
1.0000000344379725
0.9999999993319694
0.9999999942596868
1.0000000003082001
0.9999999933824227
1.000000001148221
1.0000000021892235
1.0000000002568883
1.0000000145844556
0.9999999999045147
0.9999999998033394
0.999999989113647
0.9999999995636225
0.9999999987798742
0.9999999947121703
1.0000000000829865
1.0000000005200904
1.0000000001965488
0.9999999940671932
0.9999999839254328
1.0000000003290155
0.9999999979407868
1.0000000000408975
1.0000000008581338
0.9999999897608685
1.0000006766803726
1.0000000017987642
1.0000000007946872
0.9999999905738557
1.0000000003272584
0.9999999995546093
0.9999999998341629
1.0000000004255178
1.0000000003390257
0.9999999996122548
1.0000000000218532
1.0000000029715892
0.999999999554381
1.0000000000030815
0.9999999916550883
1.0000000001900233
1.0000000004352545
1.0000000002274372
1.0000000012567831
0.9999999999482111
0.999999999771266
0.9999999995658317
1.000000007267806
0.9999999999235532
1.0000000039089458
1.0000000023808822
1.0000000005727734
0.99999999563439
1.0000000000383222
1.000000000188893
0.9999999914942329
0.9999999993070121
0.9999999973727531
0.9999999956626656
1.0000000004375498
1.0000000001010856
1.0000000001413731
0.99999999452068
1.0000000000748859
0.9999999942845842
1.0000000008471575
0.9999999997217123
0.9999999999536998
0.9999980109552279
1.000000000059723
0.9999999999718355
1.0000000002639342
0.9999999982428635
0.9999999974055781
1.0000000010716403
1.0000000003268854
1.000000000084467
1.000000000625567
1.0000000002806686
1.000000000418197
1.0000000113387235
1.0000000021136597
1.0000000002034757
1.0000000002451213
1.0000000004244292
0.9999999999086081
1.0000000003129201
0.9999999993023985
1.0000000018796456
1.000000000468864
1.000000001066619
1.0000000012012829
1.0000000006430265
1.0000000004516683
0.999999999990639
1.0000000000665654
0.9999999990418027
1.0000000002324778
1.0000000002521279
1.000000003850472
1.000000000029482
1.0000000000970541
1.0000000031902605
0.999999950166822
1.0000000460442338
1.0000000011003864
0.9999999923593582
1.0000000002079572
0.9999999966390845
0.9999999984744328
1.0000000001981424
1.0000000002022584
1.0000000051816706
1.0000000004583804
0.9999999992825306
0.999999999457229
1.0000000002917
0.9999999993651826
0.9999999956584067
1.0000000009264276
1.0000000000086118
0.9999999991439024
0.9999999997262939
1.0000000017963289
0.9999999979974066
1.0000000101060562
1.0000000000124114
1.0000000000353122
0.9999999677931499
1.0000000000499574
1.0000000010492787
0.9999999995086444
1.0000000002893188
0.9999999909404272
0.9999999960914738
1.0000000004898724
1.0000000004648655
1.0000000002042508
1.0000000001361762
1.0000000002074243
1.0000000006094016
1.0000000001520148
0.9999999989718756
0.9999999959769357
0.9999999971919276
1.0000000002399594
1.0000000000103844
0.999999999845844
1.0000000000659444
1.0000000002808682
1.0000000007747682
0.9999999995411212
1.0000000001296396
1.000000001565172
1.0000000005136183
0.9999999997312914
0.9999999697204759
1.0000000008924708
0.9999999995472741
0.9999999999159171
0.9999999989483656
0.9999999957214561
0.999999999975575
0.9999999999319459
0.9999999996209132
1.0000000005952163
1.000000000104841
1.000000000313166
1.0000000001228
1.0000000007564616
1.0000000000740716
0.9999999999968028
0.9999999927115886
0.9999999994731869
1.000000000658481
1.0000000010603163
1.0000000012607067
1.0000000004503782
0.9999999994884116
1.00000000146755
1.000000000509124
1.0000000014723467
1.0000000001501785
1.0000000001755402
1.0000000003680152
1.0000000000854363
1.0000000015812753
1.0000000000773672
1.000000000169382
1.00000000008768
1.0000000002475438
0.9999998890327374
0.9999999999555178
1.0000000000787788
1.0000000002319005
0.9999999999913707
0.9999999728742505
1.0000000006127217
1.0000000000756297
1.0000000004266731
1.0000000002443077
1.0000000030540155
0.9999999951390643
1.0000000011093335
0.9999999987812224
1.0000000012311223
1.0000000002320386
1.0000000026297482
0.9999999991843955
1.0000000005201244
1.000000000222235
1.0000000015511799
1.0000000001402312
0.999999999942671
1.000000001419794
0.999999997970105
0.9999999997043987
1.0000000022680056
0.999999999940685
1.0000000013795902
1.0000000001865021
1.0000000007737173
1.000000001140306
0.9999999996746479
1.0000000001767768
0.9999999938663674
1.0000000000219262
1.00000000011246
1.0000000016843986
1.0000000006805947
0.9999999996584552
1.0000000006969452
1.0000000001355986
0.9999999998652778
1.0000000003053027
1.0000000000000868
1.0000000013841914
1.000000000103506
0.9999999364150405
0.999999997417196
1.000000000113222
1.0000000000515261
1.0000000022855426
1.0000000007062755
0.9999999997172146
1.0000000003240486
0.999999999550255
0.9999999999065521
0.9999999995141885
1.0000000004488447
1.000000000061
0.9999999999941234
0.9999999940704619
0.9999999993596677
1.000000000417238
0.9999999857672303
1.000000000283553
1.0000000000076905
1.0000034210112
0.9999999993891454
0.9999999990603169
1.0000000000460878
0.9999999998735596
0.999999999351942
0.9999999998480877
1.0000000003294702
1.0000000000421707
0.9999999990412753
1.000000000075897
0.9999999999632163
0.9999999995116057
1.000000000845342
0.9999999986378992
1.0000000004340983
0.9999999999476105
1.0000000044134496
0.9999999980502898
0.9999999992898615
0.9999999990942904
0.9999999994678506
0.999999999887779
0.9999999993878038
1.0000000000262335
1.0000000004385512
0.9999999999505504
1.000000000014289
1.0000000002521545
1.0000000002646303
0.9999999998796996
0.9999999999705422
1.0000000010692132
1.0000000108891867
1.0000000002853386
1.0000000001552793
1.0000000000324964
0.9999999965632113
0.9999999999987629
0.9999999999552625
1.000000001394521
1.0000000014251869
1.000000002923972
1.0000000000928253
0.9999999998556729
1.0000000002291984
0.9999999998301135
1.0000000007685055
1.0000000001523284
1.00000000194203
1.0000000003073806
1.000000000117653
0.999999999906882
0.9999999998273945
0.9999999998866216
1.0000000022584805
1.000000000079343
1.000000000220475
0.9999999968660538
1.0000000014823553
1.000000000546381
0.9999999999609663
1.0000000001010156
1.00000000329389
1.0000000008496024
1.0000000005787593
0.9999999998084803
1.0000000020699171
0.9999999991865717
0.9999999987088074
0.9999999998829671
0.9999999945728196
1.0000000002961362
1.000000000103214
1.0000000000731954
0.9999999911722288
1.000000000817497
0.9999999997016882
0.9999999992176328
1.0000000002795906
1.0000000002001481
0.9999999996162081
0.9999999999638245
1.0000000002484928
0.9999999996037893
1.0000000004709226
0.9999999991338505
1.0000000024913371
1.0000000002976366
1.0000000001550404
0.9999999983477312
1.0000000023775224
1.0000000004455065
1.0000000008546168
0.9999999956774093
1.0000000001832052
0.9999999998772565
0.999999999722406
1.000000000306483
0.9999999999092866
1.0000000000069602
1.0000000001798424
0.9999999986010654
1.0000000002749365
0.9999999971049217
1.0000000002910159
0.99999999999755
0.9999999994407334
0.999999999979886
1.0000000007736793
0.9999999991666555
0.9999999865374849
1.000000000923134
1.0000000000203053
1.0000000013921146
0.9999999998006168
0.9999999996997667
0.9999999997594577
0.9999999991644957
0.9999999983162215
1.0000000016836108
1.0000000004754548
0.9999999991494058
1.0000000001692404
1.0000000003551452
1.0000000000588143
1.0000000002245473
1.000000000296439
1.0000000000316702
0.9999999997205634
0.9999999999533328
1.0000000002902774
0.9999999993311685
0.999999999259778
0.9999999995347405
1.0000000002881457
1.0000000004450877
1.0000000002542306
0.9999999986242613
1.0000000000252416
1.000000001328991
0.9999999998753331
0.9999999999193293
0.9999999984582956
1.0000000002872549
0.9999999953785628
0.9999999999781897
0.9999999922958036
1.000000000090531
1.0000000005674428
0.999999999761318
1.0000000000630327
1.000000000042768
1.000000000197331
0.999999999384511
0.9999999999479539
0.9999999981039847
1.0000000013059893
1.0000000006047933
0.9999999999493303
1.0000000000499745
1.0000000024011357
0.9999999997864685
0.9999999990998483
0.9999999997961899
1.0000000005295553
1.0000000000982123
1.0000000005907321
1.0000000002483647
1.0000000008477425
1.0000000022699997
0.9999999992149511
1.0000000001775398
1.0000000008914838
1.0000000009824923
0.9999999999360959
1.0000000002808749
1.0000000007823113
0.9999999983538836
1.0000000018532431
1.0000000002444287
1.0000000000880611
0.9999999591777554
1.0000000002411575
1.0000000002105058
0.9999999995530124
0.9999999968791943
1.0000000000780151
0.9999999999556255
1.0000000000041784
1.0000000000792275
0.9999999990676279
1.000000001173266
1.0000000001606124
0.999999999973854
1.0000000000546159
1.0000000000711193
0.9999999994736646
1.000000000521429
0.9999999998287233
0.9999999997056682
1.0000000006710221
0.9999999845894467
1.0000000004465324
1.0000000020236137
0.9999999990145222
0.9999999999154205
1.000000000450775
0.9999999999956876
1.0000000000680729
1.000000000368151
1.000000003506823
1.0000000005742602
1.0000000009460654
1.0000000001438607
1.0000000002566052
1.0000000000839249
0.9999999997819057
0.9999999990065795
1.0000000001854887
1.0000000004605616
1.0000000006467284
1.0000000000108287
1.0000000018542814
0.9999999998888881
0.9999999997539808
1.0000000011901604
0.999999999900183
0.9999999664164981
1.0000000005870437
1.00000000080048
0.9999999998907094
0.9999999996580723
1.0000000000327638
0.9999999963616666
1.0000000005917131
1.0000000003188008
1.0000000080471065
0.9999999999794283
0.9999999981159238
1.0000000001252674
0.9999999946791389
1.0000000011634178
1.0000000020021391
1.0000000000427183
1.0000000007445766
0.9999999994628673
1.0000000027332943
1.000000000095917
0.9999999998740006
1.0000000075405135
1.0000000003627711
1.0000000003589085
1.0000000001633216
1.000000000546881
0.9999999983896284
1.0000000017852495
1.0000000001454732
0.9999999996854736
0.9999999995036926
1.0000000005473586
1.0000000003135059
1.0000000005605878
1.000000000180119
0.9999999994091213
1.000000000174436
0.9999999979107737
1.0000000038141081
1.0000000000232243
0.9999999976759625
0.9999999997923603
1.0000000008034837
1.0000000000287892
1.000000000121865
1.0000000005557965
1.0000000004547043
1.0000000007907144
1.0000000002716758
0.9999999999668443
1.0000000003231058
1.0000000000493092
1.0000000000427134
1.0000000000053566
1.0000000000320235
1.0000000000748914
1.000000000916709
1.0000000003113063
0.9999999997837667
1.0000000004539087
0.9999999981132066
0.9999999995830472
0.9999999973248136
0.9999999970122592
0.9999999984778901
1.0000000002953537
0.9999999998225605
1.0000000002290834
1.0000000010765828
0.9999999993601055
1.00000000009938
0.9999999999834727
0.9999999983577249
0.9999999999548793
1.000000000243066
1.0000000020461182
1.0000000010143864
0.9999999993771048
1.000000000519864
1.0000000000671208
0.9999999996714876
1.000000000851452
1.0000000037774803
1.000000000127907
1.00000000019772
0.9999999900730185
1.0000000001359568
0.9999999999757819
1.0000000000211724
0.9999999987702851
0.9999999881788625
1.0000000003026777
1.0000000048671684
0.9999999994110783
0.9999999998369447
1.0000000030856384
1.0000000001587805
1.0000000017545092
0.9999999998121626
1.0000000001195695
0.9999999997571547
0.9999999998934433
1.0000000026104843
1.000000001713394
0.9999999999191778
0.9999999992985474
1.000000000795393
0.9999999998865619
0.9999999995858302
1.000000004105287
1.000000000084361
0.9999999974248734
1.0000000136757905
0.9999999999888246
0.9999999972517365
0.999999999212649
1.0000000005261112
1.000000000685385
0.9999999999531463
1.0000000000500013
0.9999999996352272
0.9999999994837789
0.999999998064388
1.000000000087862
1.0000000008347962
0.9999999995278256
0.999999998300311
0.9999999990712956
1.0000000007851741
1.000000002735056
1.0000000000726552
0.9999999999953667
1.0000000000452418
1.000000040988512
0.9999999995073785
0.999999998318848
0.9999999999398023
0.9999999978368216
1.0000000001871825
1.0000000014924464
0.9999999999418616
0.999999984443483
1.0000000005695449
1.0000000074148585
1.0000000015490493
0.9999999998974061
1.0000000009448005
1.0000000000727098
1.0000000320944646
1.000000005117051
0.9999999983716875
1.0000000000612843
1.000000000054363
0.9999999984409864
0.999999999958476
1.0000000003916265
1.0000000000563536
1.0000000001627882
1.000000001695051
1.0000000003081257
1.0000000188019371
0.9999999990362598
1.0000000016709036
0.9999999998501327
1.0000000003004113
0.9999999691618254
1.0000000000885243
1.0000000002404357
0.9999999998955021
0.9999999995884342
1.0000000002615566
0.9999999994148785
1.0000000005594887
1.0000000004805947
1.0000000001467373
0.999999998715803
1.0000000014850388
0.9999999988395699
0.9999999999799903
0.9999999993158636
1.0000000002797296
1.0000000001717049
1.000000000822745
1.0000000008660885
1.0000000001433724
1.000000000326695
1.0000000002962584
0.999999996908572
0.999999998252431
1.0000000134228328
1.0000000007386745
1.000000004632116
0.9999999991905293
1.0000000004534344
0.9999999970851682
1.0000000107497509
1.0000000001414673
0.9999999996470833
0.9999999996111748
1.0000000003694505
1.000000000941972
1.000000000207726
0.999999996916633
1.0000000001543572
1.0000000003409368
0.9999999989827117
1.0000000007844505
0.9999999998635274
0.9999999999989574
1.0000000007042904
0.9999999996801285
1.0000000001114804
1.0000000000143237
0.9999999982284652
1.0000000005132248
0.9999999989233106
0.9999999997715286
1.00000000014151
1.000000000322887
1.0000000001044143
1.0000000000978846
0.9999999997156764
0.9999999961012049
1.0000000007935885
1.000000000147185
1.0000000000891562
1.0000000001990585
1.000000000215098
0.9999999998725796
1.0000000001025946
0.9999999988193246
0.9999999996330713
0.9999999999104565
1.0000000000480078
1.0000000001731781
1.0000000000550278
0.9999999983583296
1.00000000065384
1.0000000002296665
0.9999999998996898
1.0000000003406075
1.0000000000683231
1.0000000001294815
1.0000000001708924
0.9999999982643046
0.999999999496483
0.9999999981530111
0.9999999987608912
1.0000000073979547
1.0000000001028113
0.9999999995870318
1.0000000004549328
1.0000000003534388
0.9999999996040275
0.9999999999890504
1.0000000000286984
1.0000000001850462
1.00000000045648
1.0000000000278744
0.9999999994094277
0.9999999999657607
1.0000000007233418
1.000000001500504
0.99999999953574
1.0000000000352531
1.0000000005728005
0.9999999999184349
1.0000000001065577
1.0000000000867446
1.000000000793196
1.0000000018786728
0.9999999997877258
1.0000000005828114
1.0000000006734449
0.9999999995665986
0.9999999986823456
0.999999999833565
1.000000000029265
1.0000000050639999
1.0000000031563245
1.0000000008042949
0.9999999998039639
1.0000000000795333
1.0000000003386746
1.0000000002779055
0.9999999990228258
1.000000004305569
1.0000000006555039
1.0000000000392382
0.9999999999202107
1.0000000004138643
1.0000000006875134
0.9999999999655468
1.0000000001186067
1.000000000881352
0.9999999995322866
1.0000000082384408
1.0000000015670145
1.0000000001072695
1.0000000000848122
0.999999998431974
0.9999999998626218
0.9999999914434232
0.9999999990140227
0.9999999998216974
1.0000000001131744
0.9999999998590573
1.0000000050148077
1.0000000001411316
1.0000000001443776
1.0000000000552163
1.000000000255726
0.9999999982711373
1.0000000001903906
1.0000000003860452
1.0000000005513332
1.0000000000862175
1.000000000141619
1.000000004759668
0.9999999995301425
1.0000000000767562
1.0000000003568135
1.0000000000336755
0.9999999933604494
1.0000000001512137
0.9999999996596589
1.00000000008406
1.0000000003466216
1.0000000007163765
1.0000000003810678
1.000000001530534
1.0000000012983
1.0000000017783781
1.000000000269628
0.9999999992308344
0.999999998243895
1.0000000002610256
1.0000000006056131
0.9999999997169533
1.0000000002724345
1.0000000005444665
0.9999999999947997
0.9999999995585575
0.9999999996480571
0.9999999985457243
0.9999999987921832
1.0000000000530713
1.000000000509769
1.0000000000444205
1.0000000007055
0.9999999999681614
1.0000003101142614
1.0000000007793741
1.0000000010903063
0.9999999999285571
0.999999999960807
0.9999999994948974
1.0000000006534935
0.9999999998267769
0.9999999998937101
1.0000000002636278
1.0000000001509424
1.0000000002452438
0.9999999997933436
1.0000000002585274
1.0000000104269369
0.9999999996274395
1.0000000014827624
1.0000000000141513
1.0000000002318563
1.0000000002041134
0.9999999996850855
0.9999999996961512
1.0000000003182294
0.9999999993764876
1.0000000004368463
1.0000000003813339
1.00000000025443
0.9999999998309842
0.9999999998989619
1.0000000016486712
0.9999999997736828
1.0000000000528855
1.0000000044222261
0.9999999999360852
0.9999999982939273
1.0000000001081604
1.000000006233665
1.000000002417374
0.9999999976313857
1.0000000004754033
1.0000000005110197
1.0000000001743317
0.9999999999500838
1.0000000006218734
1.0000000001197136
1.0000000007071586
0.9999999988037558
1.000000000106619
0.9999999999911718
1.0000000016575585
0.9999999994284273
1.0000000004696126
1.0000000038983217
1.0000000007158343
1.0000000001847262
0.9999999999657881
1.0000000002518563
0.9999999990107741
1.000000000447696
0.9999999999742736
0.9999999996982897
0.9999999998710489
0.9999999999645395
1.000000000565131
1.0000000017450292
0.9999999994169847
1.0000000000779647
0.9999999999559456
1.000000000104655
0.9999999978086398
0.999999998265212
1.0000000002986718
1.0000000022406699
1.0000000014986181
1.0000000006032734
1.00000000743664
0.9999999999517717
1.0000000001771996
0.999999999161709
0.9999999999739267
0.99999999980008
1.0000000000681588
0.9999999990134888
1.0000000003467902
0.9999999997499194
0.9999999996056913
0.9999999997179063
1.000000000101883
0.9999999999959097
0.9999999994248833
0.9999999999070791
1.0000000001769103
0.9999999993797424
0.9999999998860157
1.0000000011290393
1.000000000058606
1.000000005242327
0.9999999978647613
1.0000000000836884
1.0000000007713492
1.000000000208747
0.9999999998039205
0.9999999974592207
1.000000001008601
1.0000000005081144
0.9999999990481184
0.9999999997447472
1.0000000133205835
0.9999999998658055
1.0000000004350176
1.000000000588829
0.9999999996820854
1.0000000006663587
1.000000000144796
0.9999999999865447
0.9999999997608924
1.0000000020038988
0.9999999992420532
1.0000000005404845
0.9999999992452594
1.0000000064650398
0.9999999996844972
1.0000000003184768
0.999999999021286
0.999999999910101
0.999999996804993
1.0000000001922689
1.00000000029047
1.0000000000890767
1.0000000002704046
0.9999999999283053
1.000000000417016
1.000000000076823
0.9999999997205423
1.0000000002044644
0.9999999998596742
1.0000000011295196
1.0000000001219125
0.9999999998297951
1.0000000003483562
0.9999999997640086
1.0000000000839189
1.0000000011848098
1.0000000003786262
0.9999999988844533
0.9999999998097985
0.9999999999958551
1.0000000024736824
1.000000000264679
1.0000000008327339
1.0000000000722327
0.9999999994809021
1.0000000000812268
1.0000000006228469
0.9999999975270497
1.0000000006340428
0.9999999999758341
1.0000000011219883
0.9999999999837419
1.0000000001536624
0.9999999997800659
1.0000000001987464
1.000000000202028
0.9999999979960184
1.0000000002298004
0.9999999961832378
1.0000000000372888
1.00000000023801
1.0000000001720317
1.000000002863972
1.0000000001056457
1.0000000021740234
0.9999999993317065
1.0000000002586136
1.000000000361933
1.00000000043721
1.0000000002042932
1.0000000000176552
1.0000000003340266
1.000000001934773
0.9999999990249981
1.000000000269104
0.9999999992496809
1.0000000005369742
1.000000000098755
1.0000000001106317
0.9999999998937162
0.9999999996441774
1.000000002349125
1.0000000003378413
1.0000000063735102
0.9999999991830932
0.9999999998871673
1.0000000002207372
0.9999999991639107
0.999999991411964
1.0000000069773924
1.000000000711628
0.9999999974334348
1.0000000000905567
1.0000000000992886
1.0000000002080187
1.0000000001078504
1.0000000012391268
1.0000000003415617
1.000000001050475
1.0000000002541938
0.9999999980172627
1.0000000007056604
1.0000000005415088
1.0000000015852994
1.0000000000615226
0.9999999997792616
1.0000000003497185
1.0000000004190184
0.9999999367483172
1.0000000005270442
1.0000000003166312
1.0000000003107223
1.0000000036401036
1.0000000003140774
1.0000000001259317
0.9999999990036064
1.000000001856306
1.0000000002334668
1.0000000013998147
0.9999999999971801
1.0000000002025533
1.0000000002013678
1.0000000521854144
1.0000000002063925
0.9999999999476523
1.0000000011031789
1.0000000018295327
1.000000000564535
0.9999999982044875
1.0000000014252137
1.0000000009292225
1.0000000002998497
0.9999999995301248
1.0000000053169749
1.000000000485664
1.0000000000905191
1.000000000224669
1.0000000000823943
1.0000000001429865
0.999999999172346
1.0000000003269203
1.0000000002054745
1.0000000000578273
0.9999999998350353
0.9999999998575856
0.9999999997335295
0.9999999987727306
1.0000000005227678
0.9999999979277858
0.9999999999105518
1.0000000003275056
0.9999999944851197
0.9999999999860125
1.0000000006844427
1.0000000000010838
1.0000000019883388
1.0000000085714493
1.0000000009073216
0.9999999999778133
0.9999999989025561
1.0000000002844218
1.0000000015864223
0.9999999997405062
0.9999999997754342
1.0000000001717657
1.0000000006545773
0.9999999984710283
0.9999999983133613
1.000000000105942
1.000000000621387
1.000000000120913
1.0000000000339047
1.000000000014289
0.9999999991814466
1.0000000001277454
1.000000001478856
1.000000000251653
0.9999999999920705
1.0000000001288043
0.9999999981399713
1.0000000012086343
0.9999999964205434
1.000000002533112
1.0000000002259755
1.0000000001475258
0.9999999858086723
1.0000000000471927
0.9999999997215447
0.9999999996148762
0.9999999900808559
0.9999999995238986
0.9999999999901622
1.0000000001173466
1.0000000000247273
1.000000000193614
0.9999999993265891
1.0000000004011529
1.0000000001656846
0.999999999972966
0.9999999998696693
1.0000000003157188
1.000000002418083
1.0000000004570262
0.9999999998083173
1.0000000006912035
1.0000000002438445
1.0000000006881422
1.0000000013245443
0.9999999996865452
1.0000000003426142
0.9999999996788379
1.0000000020410706
1.0000000000577247
1.0000000001688416
1.000000026411207
1.000000001043887
1.0000000000816152
0.9999999991389866
1.0000000002432574
0.9999999952515713
0.9999999997905764
0.9999999984120527
1.0000000001308802
1.0000000001974954
1.0000000015299202
1.0000000015716684
1.0000000003322265
0.9999999986173913
0.9999999997805894
1.0000000001934872
1.0000000001013274
0.999999999230094
1.0000000005028762
0.9999999998112024
1.0000000001366334
0.9999999998954334
0.9999999994919299
0.9999999999490176
1.0000000001567024
0.9999999986593636
1.0000000004130398
0.9999999937807187
1.0000000000292302
1.0000000000959133
1.0000000606546886
1.0000000013406043
1.0000000000378255
1.000000000207964
0.9999999998825877
1.0000000001134361
1.0000000000643692
1.000000000347673
0.9999999980153794
0.9999999999579359
1.000000000179096
0.9999999943079689
0.9999998174989396
0.9999999987260019
1.0000000001722282
0.9999999999300868
1.0000000002237452
0.999999999587995
1.0000000001155327
1.000000000100615
1.0000000000250144
1.0000000000172424
1.0000000001133738
0.9999999952257962
1.0000000001691924
1.0000000001378935
1.0000000001029772
1.0000000001535327
0.9999999987134507
0.9999999998279198
1.0000000002298508
0.9999999997702319
0.9999999989542124
1.0000000006539898
0.9999999985949936
0.9999999989976515
0.9999999998290452
0.9999998863081705
0.999999999979674
1.0000000006001322
0.999999999845118
1.0000000036047585
1.0000000017965862
1.0000000001606861
0.9999999978307262
1.000000000541708
0.9999999999453475
1.0000000000583569
0.9999999999627741
0.9999999970822238
1.0000000001584692
1.000000000092476
0.999999999972921
1.0000000010725585
1.0000000001302969
0.9999999999194913
1.0000000005556615
1.0000000002496943
0.9999999993919287
1.0000000005146823
1.0000000003006817
1.0000000000298948
0.999999999822815
1.0000000000666274
1.0000000001840488
1.0000000000700011
0.9999999991447733
1.000000000260132
1.0000000001453582
1.0000000000854878
0.9999999998841236
0.9999999961960795
0.999999994548302
0.9999999999571483
1.0000000000493585
1.0000000001239795
0.999999999909866
0.9999999999809157
0.9999999995949472
0.9999999997964581
1.000000000097279
0.9999999976661264
0.9999999980287478
0.999999999969612
0.9999999998691295
0.9999999990415394
1.0000000005800398
1.0000000013841193
0.9999999994583026
1.0000000004286458
1.0000000011513395
0.999999997174052
1.0000000000533356
0.999999999706491
1.0000000002917704
0.9999999996588744
1.000000000168803
1.0000000045057975
0.9999999984186339
1.0000000010020214
1.0000000002511698
1.0000000008758332
1.0000000015450852
0.9999999998718113
0.9999999999896809
0.9999999999036323
1.0000000008686656
1.0000000000969995
0.9999999998619797
1.0000000002141989
1.000000000323707
1.000000000089713
1.0000000037628558
1.0000000000089266
0.99999999819241
0.9999999997945221
1.0000000001585148
1.000000000052953
0.9999999949802504
1.0000000001811122
1.0000000015434058
1.0000000000301432
1.0000000000403357
0.9999999996256924
1.0000000002802234
1.0000000003814966
0.9999999953496663
1.0000000001651033
1.0000000003445957
1.0000000000302876
1.0000000000959417
1.00000000002628
0.9999999979678657
0.9999999993644877
1.00000000036332
0.9999999998724824
0.9999999985353583
1.0000000000436664
1.0000000000980565
1.0000000007123593
1.0000000005248515
0.9999999997231686
1.000000000314399
1.0000000004467635
1.000000000208905
1.0000000009723344
1.0000000003719893
0.9999999980922307
1.0000000008292707
0.9999999990543574
1.0000000000061235
1.0000000000048865
1.0000000002962608
1.0000000000846943
1.000000000238034
1.0000000016000419
1.0000000001363605
1.0000000001523062
1.000000000452513
1.0000000032630894
1.0000000000389406
1.000000002231836
0.9999999967473875
0.9999999993222184
1.0000000002381366
0.9999999999721061
0.9999999994541746
0.9999999997591277
1.0000000029424436
1.0000000001312075
0.9999999988883785
0.9999999999704409
1.000000000190671
1.000000000604174
1.000000000555615
1.0000000003090315
1.0000000005011773
0.9999999999040234
1.0000000000906846
1.0000000000774312
0.9999999999059924
1.0000000004262575
0.9999999999594916
1.0000000002683822
1.0000000001071003
1.000000000069289
0.9999999995596583
1.0000000017421737
1.0000000009919716
0.9999999991717207
0.9999999999577254
1.0000000004893341
1.0000000002210574
0.999999998310234
1.0000000004620893
0.999999999422723
0.9999999998991291
1.0000000001915503
0.9999999983638738
0.9999999987805617
1.0000000007080072
1.0000000014148218
1.0000000003066605
0.999999999887215
1.0000000000279983
1.0000000007719778
1.0000000008603667
1.0000000001189064
1.0000000002254337
0.999999999437665
0.9999999997997071
0.9999999999740168
1.0000000001284302
0.9999999998258718
0.9999999991125548
1.0000000006699605
0.9999999998324143
1.0000000042662003
1.0000000006427077
1.0000000025508193
1.0000000005039211
1.000000000129462
1.0000000004224996
0.9999999999934692
1.0000000001642018
1.0000000005222722
0.9999999988890146
1.000000000603589
1.0000000001826854
1.0000000004766005
1.0000000011547086
0.9999999990165217
1.00000000062827
1.0000000000314113
0.9999999998686875
0.9999999999617033
0.9999999997660444
1.0000000003195328
0.9999999991937957
1.0000000046260307
1.0000000003520668
0.9999999998788109
1.0000000001264462
0.9999999998482721
1.0000000233358277
1.0000000001398544
1.000000000147553
1.0000000000445828
1.0000000000016547
1.0000000002361293
0.9999999999421215
1.0000000034775973
1.0000000004052239
0.9999999652399135
0.9999999992839832
1.0000000001636473
1.0000000000444844
0.9999999985793209
1.0000000000983134
0.9999999987236464
0.9999999999246696
0.9999999989298753
1.0000000085925067
1.0000000021188873
1.0000000002729925
0.9999999965419013
1.0000000000139617
1.000000000008709
1.000000000448616
0.9999999995490685
1.000000000321448
0.9999999998287622
0.99999999196225
0.999999999974274
1.000000000799716
0.9999999962887317
0.9999999985949486
1.0000000003984622
1.0000000001867981
1.0000000001625864
1.0000000000516587
0.9999999992049688
0.9999999999086477
1.000000000224478
1.000000000936918
1.000000000010677
1.0000000000146374
1.0000000006310508
1.0000000005010832
0.9999999999927056
0.9999999997521284
1.000000000056534
1.000000000357796
0.9999999984228384
1.0000000001161673
1.000000000224652
0.9999999988063965
0.9999999999960881
0.9999999931704057
1.0000000000562954
0.9999999998545507
0.9999999990671304
1.0000000031868634
1.0000000006377332
0.9999999997961826
1.000000000034387
0.9999999995258653
0.9999999991455901
1.0000000021538056
1.000000002283024
1.0000000005926772
1.000000000183589
1.0000000002778386
1.0000000000825233
1.0000000029025808
0.9999999983454514
1.0000000000769844
1.0000000007585699
1.000000000239174
1.000000000197894
1.0000000015122974
1.0000000010956578
1.0000000005256202
1.0000000014462473
1.000000000710909
0.9999999989096444
0.9999999995661942
0.9999999999015139
1.0000000001352143
1.0000000016531627
1.0000000001476168
1.0000000002420826
1.0000000002051093
0.9999999998000109
0.999999999999532
1.0000000003393863
0.9999999997771917
1.0000000005144891
1.0000000000341729
1.000000001312288
1.0000000010808223
0.9999999998771941
1.000000000067156
1.0000000007568492
1.0000000000082163
0.999999998787984
1.000000000006112
0.9999999969837355
0.9999999989725115
1.0000000003993443
1.0000000000468932
0.9999999982567013
0.9999999986920975
1.0000000001952971
1.0000000002295037
1.0000000001489786
1.0000000001130278
1.0000000005008836
1.0000000005736174
1.000000000640083
1.0000000000406388
1.0000000002118405
1.0000000000043086
1.0000000004824343
0.9999999987119335
1.000000000165406
1.0000000001681026
1.0000000000838531
1.000000003171557
1.0000000010796304
1.0000000001801128
1.0000000366249902
1.0000000001252498
1.0000000004424532
1.000000000114569
1.0000000001844562
1.0000000007165986
1.0000000006670617
1.0000000048580884
0.9999999998887614
1.00000000000258
1.0000000001853124
0.9999999932846421
1.0000000008158598
1.0000000002165754
1.0000000051032003
1.000000001663764
0.9999999999395874
0.9999999999375652
1.0000000020238826
1.0000000001857199
1.000000000180616
1.000000000254464
1.0000000002538976
0.9999999998505394
1.0000000001663647
1.0000000002992488
0.9999999999150032
0.9999999779281793
1.000000000398617
1.0000000001353915
