1.0000000024464535
1.0000000048394164
1.000000004846473
1.0000000463144167
1.0000000052424567
1.0000000027491078
1.0000000095531965
1.0000000077525961
1.0000000042026551
1.000000004007035
1.0000000026705669
1.0000000018120097
1.0000000078758557
1.0000000051427422
1.0000000032141942
1.0000000028480587
1.0000000017343662
1.0000000044501172
1.000000003260184
1.0000000034526022
1.0000000019700281
1.000000004593098
1.0000000081084486
1.0000000030647405
1.0000000034535739
1.0000000038639512
1.000000035830429
1.0000000021622828
1.0000000018152517
1.0000000038860448
1.0000000040595418
1.000000003382452
1.0000000051150064
1.00000000174639
1.000000007182796
1.0000000048831448
1.000000006174133
1.0000000032073955
1.0000000057966618
1.0000000101068063
1.000000006463736
1.000000008152814
1.0000000077680054
1.0000000030770215
1.000000006003622
1.0000000083862037
1.0000000062622991
1.000000205852755
1.000000011772026
1.0000000031833767
1.0000000028302918
1.0000000077898599
1.000000007233728
1.000000014444226
1.000000004660547
1.0000000032509355
1.0000000027753209
1.0000000026563953
1.0000000042303274
1.0000000064607142
1.0000000063339225
1.0000000304078764
1.0000000039217145
1.0000000019189528
1.0000000072548976
1.00000000824175
1.000000012724772
1.0000000023921436
1.000000004426424
1.000000001876757
1.0000000039656607
1.0000000030792089
1.0000000023512006
1.0000000063021832
1.000000002127764
1.0000000049734743
1.0000000046574276
1.0000000096015786
1.0000000027289495
1.0000000079882536
1.0000000112819165
1.0000000033825733
1.000000005231767
1.000000002227253
1.0000000478191156
1.0000000186668851
1.000000004614754
1.0000000020787152
1.0000000154623667
1.000000010499031
1.0000000020148547
1.0000000044725998
1.0000000037009646
1.000000001504755
1.0000000228885542
1.0000000162042686
1.000000005869194
1.0000000044497273
1.0000000041483508
1.000000002239668
1.0000000043906419
1.000000006044587
1.0000000025010767
1.0000000093888375
1.0000000040763268
1.000000002714346
1.000000003660868
1.0000000029863485
1.0000000026569213
1.0000000098599937
1.0000000414548804
1.0000000059884586
1.0000000155931235
1.000000003539508
1.000000003610364
1.0000000061576173
1.0000000015817492
1.0000002305620186
1.0000000047420188
1.0000000082185319
1.0000000033353085
1.000000004876863
1.0000000090217325
1.0000000033808398
1.0000000024023774
1.0000000043124329
1.000000002256249
1.0000000197317636
1.0000001152940294
1.0000000044054846
1.0000000152017117
1.0000000024230535
1.0000000301731873
1.0000000115153824
1.0000000042781407
1.000000008030455
1.0000000101576698
1.0000000018286779
1.000000020831872
1.0000000041040344
1.0000000061442706
1.0000000208641036
1.000000021784981
1.000000166869181
1.0000000029276421
1.0000000019862416
1.0000000029544949
1.00000000197258
1.00000001665442
1.0000000316455204
1.0000000150770192
1.0000000333862027
1.0000000020368234
1.000000002856724
1.0000000021157722
1.0000000048599693
1.0000000108490277
1.0000000040851602
1.0000000035351324
1.0000000032644125
1.0000000024851892
1.0000000092279147
1.000000004013362
1.000000032765404
1.000000005838008
1.0000000038922867
1.0000000055420617
1.000000009211735
1.000000004713865
1.0000000054996958
1.0000000113856917
1.0000000027312375
1.0000000032744352
1.0000000072414275
1.000000002220164
1.0000000034443337
1.0000000057133431
1.00000000204615
1.0000000019843303
1.000000002660637
1.0000001173540778
1.000000005986953
1.0000000099005342
1.00000001831856
1.0000000041044
1.0000000044565853
1.0000003771319557
1.0000001046738092
1.0000000057782217
1.0000000024951439
1.0000000032185599
1.000000002227022
1.0000000052841758
1.0000000042058133
1.000000003194908
1.0000000068565134
1.0000000133390246
1.0000000039859418
1.0000000036735148
1.0000000025791302
1.0000000145354244
1.0000000014800896
1.000000001555479
1.0000000092225882
1.0000000037041696
1.0000000079338591
1.0000000124517012
1.0000000070716106
1.0000000164577265
1.0000000290716349
1.0000000138859924
1.0000000036395453
1.0000000036418237
1.00000000539414
1.000000051886016
1.000000006475959
1.000000014451661
1.0000000378154992
1.0000000099990096
1.0000000034905896
1.0000000053690938
1.0000000041163286
1.0000000027036067
1.0000000050845088
1.0000000016024937
1.0000000019191828
1.0000000062012027
1.0000000050375513
1.0000000064507901
1.0000000127833242
1.0000000095616366
1.0000000400838505
1.0000000030817076
1.0000000039253787
1.0000000027588614
1.000000016048977
1.0000000029349203
1.0000000025059217
1.0000000024931361
1.0000000161273108
1.0000000066436763
1.0000000023586093
1.000000003669081
1.000000008299105
1.0000000205589024
1.0000000025652076
1.0000000043776436
1.0000000116825047
1.0000000264114228
1.0000000018920305
1.0000000083854554
1.0000000038903194
1.0000000261000606
1.0000000038481522
1.0000000156697546
1.000000008880337
1.0000000023693885
1.0000000031011649
1.0000000027217262
1.0000000035677223
1.0000000086519152
1.0000000040951447
1.0000000022602717
1.0000000029867075
1.0000000033928198
1.000000003316045
1.0000000079619165
1.0000000047782636
1.0000000019921975
1.0000000121459762
1.0000000026639735
1.0000000120180528
1.000000007921734
1.0000000032838186
1.0000000034352752
1.00000000407087
1.0000000028852827
1.0000000158664342
1.0000000119029258
1.0000000020831625
1.0000000102605464
1.0000000054623142
1.0000000053023759
1.0000000021700735
1.0000000054749525
1.0000000041921966
1.0000000232364408
1.0000000028463205
1.00000000239396
1.0000000036026993
1.0000000105033842
1.0000000083620608
1.0000000034167544
1.000000008598046
1.0000000127868898
1.000000002333591
1.0000000048375788
1.000000126913685
1.0000000078747773
1.0000000043292623
1.0000000045241548
1.000000011930317
1.0000000022840216
1.0000000048444604
1.0000000191429324
1.0000000035216676
1.000000009811818
1.0000000021074893
1.0000000091260635
1.0000000048160886
1.0000000433939786
1.0000000029044287
1.0000000135898024
1.000000003944134
1.000000009205796
1.0000000018785993
1.0000000023251179
1.000000002206016
1.0000000028917957
1.000000002492864
1.0000000097203106
1.0000000097818884
1.000000007619299
1.000000003199621
1.0000008926211852
1.000000003121346
1.0000000055708218
1.000000003845209
1.0000000121620614
1.000000009944897
1.0000000053313762
1.0000000047907944
1.000000002244505
1.0000000032871046
1.000000004560283
1.0000000030475833
1.000000002557979
1.0000000021300062
1.0000000152092936
1.0000001719872904
1.0000000040688417
1.0000000039374404
1.0000000027729714
1.0000000017073245
1.000000019270768
1.0000000060202745
1.0000000033810414
1.0000000086764458
1.0000000072164488
1.0000000026916003
1.0000000085384961
1.0000000044096948
1.0000000057257563
1.0000000027000489
1.000000006270983
1.0000000052807532
1.0000000022128706
1.0000000041390233
1.0000000078874396
1.0000001107935845
1.0000000203999395
1.0000000065448034
1.000000020164442
1.000000002052154
1.0000000040694008
1.0000000054119957
1.0000000105681741
1.0000000052272673
1.0000000025815576
1.0000000031135223
1.0000000020051154
1.00000001281721
1.00000000623195
1.0000000039301737
1.0000000094957244
1.0000000022139128
1.0000000173631378
1.0000000046023947
1.0000000114265764
1.0000000028699416
1.0000000053292475
1.0000000042155088
1.0000000063283292
1.0000000028303342
1.0000002754545467
1.0000000333074117
1.000000006984995
1.00000000522304
1.0000000026164355
1.000000005986013
1.000000007438481
1.0000000426945483
1.00000000660922
1.0000000043566544
1.0000000039467554
1.0000000257564705
1.000000009570327
1.0000000930719095
1.000000004832207
1.0000000031931728
1.000000034980422
1.0000000034632517
1.000000011465765
1.0000000044257822
1.0000000067013022
1.0000000021266782
1.0000000145019368
1.0000000059421819
1.0000000124544108
1.0000000024900657
1.0000000035407097
1.0000000044812123
1.000000014990523
1.0000000768036055
1.0000000033553198
1.0000000037179289
1.0000000043590067
1.0000000030170444
1.00000000461285
1.0000000031352627
1.0000000032767062
1.0000000036575443
1.0000000029814287
1.0000000365285353
1.000000011213663
1.0000000032136804
1.0000000293161158
1.0000000090262962
1.0000000281331316
1.0000000042018533
1.0000000047812307
1.0000000142080194
1.0000000021525222
1.0000000097160053
1.0000000017382282
1.0000000076092168
1.000000098102693
1.0000000052109486
1.0000000053250657
1.0000000030191394
1.0000000047176867
1.0000000110909555
1.000000002792613
1.0000000034624594
1.0000000059250889
1.0000000033580978
1.0000000037906238
1.0000000081355882
1.0000000074747122
1.0000000042359332
1.0000000020063016
1.000000001459495
1.00000000464832
1.0000000157065756
1.0000000020042232
1.0000000177198483
1.0000000049625406
1.0000000037299719
1.0000000070273198
1.0000000069878014
1.0000000047724709
1.0000000045089668
1.0000000036616323
1.0000000085121006
1.0000000053819145
1.0000000031664709
1.0000000201542132
1.0000031518499897
1.0000000055808589
1.000000002479856
1.0000000060475143
1.00000000375562
1.0000000119704968
1.000000013627806
1.0000000053759925
1.0000000023511675
1.0000000025290599
1.0000000038191317
1.000000004729305
1.0000000039151264
1.000000004696779
1.0000000027379665
1.0000000054246259
1.0000000054776337
1.0000000105270916
1.000000002484663
1.0000000036312793
1.0000000033090302
1.0000000087272145
1.0000000081857965
1.000000009428197
1.0000000179295687
1.0000000034018275
1.0000000128688538
1.0000000018689357
1.0000000029002432
1.0000003286356705
1.0000002166247013
1.0000000016690036
1.00000000398036
1.0000000025096756
1.000000002738409
1.000000020623907
1.0000000118366918
1.0000000980751849
1.0000000041981147
1.0000000068951984
1.0000000136919418
1.0000000053271936
1.0000000021811122
1.0000000148913974
1.0000000079582363
1.0000000024493558
1.0000000034623078
1.0000000025613376
1.000000002205561
1.0000000028626317
1.000000001754788
1.0000000035316743
1.0000000204673973
1.0000000134281137
1.0000000155267565
1.0000000037718466
1.0000000512822582
1.0000000051490303
1.000000004381371
1.0000000074242594
1.0000000060202192
1.0000000030182827
1.0000000128305904
1.0000000025308744
1.0000000231876156
1.0000000016868167
1.000000006197653
1.000000002858986
1.000000007588508
1.0000000112310985
1.000000002089128
1.000000002055605
1.0000000192163738
1.0000000153144457
1.0000000183096107
1.0000000018585475
1.0000000025329994
1.0000000043504182
1.0000000941815832
1.0000000026554658
1.00000000283733
1.0000000030644922
1.0000000022691866
1.000000009948169
1.000000002138506
1.000000010868113
1.0000000025161164
1.0000000089454604
1.0000000028247453
1.0000000038120707
1.0000000028255356
1.000000004414181
1.0000000027294826
1.0000000026982674
1.0000000177640453
1.0000000043108743
1.000000001992051
1.0000000042468482
1.000000005184152
1.0000000071884025
1.0000000021347828
1.0000000031697764
1.0000000108556142
1.0000000037066148
1.0000000021468594
1.0000000060216168
1.000000011597905
1.0000000017732416
1.0000000022366662
1.000000007020037
1.000000001528675
1.0000000023955704
1.0000000053491214
1.0000000614914775
1.000000002204415
1.0000000116262657
1.0000000092018768
1.0000000016277537
1.0000000054312057
1.0000000030818321
1.0000000052978952
1.0000000071322697
1.0000000125314668
1.0000000049708053
1.000000005000448
1.0000000044755237
1.0000000051765887
1.0000000077393496
1.0000000095869226
1.000000016354716
1.0000000037984982
1.000000005668349
1.0000000021299427
1.0000000091800234
1.0000000061382184
1.0000000155176623
1.0000000030294496
1.0000000176944996
1.0000000072128727
1.0000000028613971
1.0000000046106776
1.000000021818607
1.0000000077611002
1.0000000017388726
1.0000000089974383
1.0000000060090064
1.0000000038012526
1.0000000020151472
1.0000000071869428
1.0000000051971656
1.0000000075186688
1.0000000050968234
1.0000000036444456
1.0000000028644622
1.0000000140775567
1.0000000041246482
1.0000000050266757
1.0000000030006506
1.0000000031316127
1.000000014708527
1.000000012098284
1.0000000030406837
1.0000000137555665
1.0000000084631977
1.0000000029278089
1.0000000022906887
1.000000002770639
1.0000000017754593
1.0000003262561747
1.0000000023127305
1.0000000021660902
1.0000000028059677
1.0000000049867686
1.0000000061913639
1.0000000523163675
1.000000269219915
1.0000000246978804
1.0000000044391948
1.0000000017494761
1.0000000037378385
1.0000000086084735
1.0000000072476118
1.000000004934471
1.000000008621735
1.000000014767226
1.0000000173670467
1.0000000031407539
1.0000000698734264
1.0000000026400464
1.0000000079283309
1.0000000077343136
1.0000000069710078
1.0000000073942479
1.0000000025478661
1.0000000046228097
1.0000000086089347
1.0000000026495488
1.000000003466604
1.0000000070291735
1.000000003441023
1.0000000049917694
1.0000000082497886
1.0000000034429963
1.0000000103920255
1.0000000294334204
1.0000000026537708
1.0000000121782349
1.0000000141928052
1.0000000044464157
1.0000000051512514
1.0000000217682161
1.0000000025308904
1.0000000041153707
1.000000002326536
1.0000000195866505
1.000000005561301
1.0000001460970054
1.000000003759477
1.0000000035206906
1.0000000092485943
1.0000000064015822
1.0000000389731005
1.0000000029076725
1.0000000037665984
1.000000002875563
1.0000000148845565
1.0000000118351644
1.0000000074792348
1.0000000036861247
1.0000000050966904
1.0000000066250012
1.000000003924316
1.0000000049010822
1.00000009936788
1.000000085647715
1.0000000035857644
1.0000000019214763
1.0000000048064204
1.0000000280766093
1.0000000025378486
1.0000000076017506
1.0000000053100662
1.0000000039194181
1.0000000038686634
1.000000002782428
1.0000000019346402
1.0000013563733838
1.0000000035142722
1.0000000017268744
1.0000000034012404
1.0000000105660605
1.0000000064113233
1.0000000027272768
1.0000000025718623
1.0000000112103922
1.000000003406627
1.0000000033541605
1.0000000036058503
1.0000000071915507
1.0000000031802905
1.0000000035655487
1.0000000082988045
1.0000000045408834
1.0000000059559975
1.000000072532455
1.0000000022006936
1.0000000158044822
1.0000000082287015
1.0000000069806758
1.0000000041658752
1.0000000024416225
1.0000000466860488
1.00000000808259
1.0000000029340297
1.0000000046731594
1.0000002218332054
1.0000000025403624
1.0000000058209901
1.0000000077602824
1.000000008759245
1.0000000023236524
1.00000000214059
1.0000000026937899
1.0000000028855465
1.0000000032103324
1.0000000131867073
1.0000000060782355
1.0000000140695917
1.0000000132267775
1.0000000286159236
1.0000000489195278
1.0000000027541316
1.0000001288256024
1.000000004551625
1.0000000030141227
1.0000000568845566
1.0000000099215056
1.0000000048723785
1.0000000062389764
1.0000000019691624
1.0000000018170492
1.0000000058223775
1.0000000610559745
1.000000004330677
1.0000000088000232
1.000000526920985
1.0000000017162285
1.000000003571867
1.0000000081536402
1.0000000030431426
1.000000004436805
1.0000000152199846
1.0000000056069154
1.0000000023726319
1.0000000136427614
1.0000000032562564
1.0000000276416174
1.000000004153691
1.0000000047085658
1.0000000041081192
1.0000000027277702
1.0000000036705694
1.0000000026396285
1.0000000918693945
1.0000000071382718
1.0000000038335912
1.000000003982449
1.0000000034840029
1.0000000184815507
1.0000000043150752
1.0000000058083391
1.0000000054773932
1.0000000042698245
1.0000000040002976
1.0000000328238365
1.0000000039622288
1.0000000030260803
1.0000000063404764
1.0000000042131358
1.0000000081101519
1.0000000035211984
1.000000002890567
1.0000000038241617
1.0000000039291483
1.0000000028287417
1.0000002059357853
1.0000000016886628
1.0000000220790697
1.0000000017599957
1.0000000102716013
1.0000000045242763
1.000000006090495
1.0000000194190013
1.0000000029283764
1.0000000045124764
1.000000003867462
1.0000000317104958
1.0000000414809929
1.0000000064640895
1.0000000065432773
1.0000000100788455
1.0000000022342619
1.0000000259742792
1.0000000046922815
1.000000005428995
1.0000000137755498
1.0000000026638762
1.0000000072369122
1.0000000026896987
1.0000000065558672
1.0000000021236508
1.0000000386701622
1.0000000066659296
1.0000000037035832
1.000000005379447
1.0000000091787056
1.0000000039618808
1.0000000084842329
1.000000009274115
1.0000000024569522
1.0000000097503892
1.000000003658584
1.000000006088625
1.000000006275235
1.0000000039269845
1.0000000022351232
1.0000000311641977
1.0000000044369577
1.0000000049111617
1.000000003712065
1.0000000022726108
1.0000000015938613
1.0000001500013005
1.0000000030970393
1.0000000020182516
1.0000000041384751
1.0000000049151347
1.0000000033088297
1.0000000037893384
1.0000000060213219
1.0000000027936806
1.00000000368211
1.0000000064521402
1.0000000019604782
1.0000000083063543
1.0000000081793654
1.0000000192450893
1.000000008245189
1.000000008759055
1.000000003805359
1.0000000057993645
1.0000000038326933
1.000000002831765
1.0000000031069387
1.0000000077748719
1.0000000033353027
1.000000002123474
1.0000000062742307
1.0000000174306602
1.00000000448978
1.0000000177259607
1.0000000214083904
1.000000003513926
1.0000000178770223
1.0000000210785476
1.0000000056338927
1.000000097331868
1.000000007017147
1.00000000939131
1.0000000034080645
1.000000008763897
1.0000000169296264
1.000000003953974
1.0000000021387088
1.0000000267346432
1.0000000243171685
1.0000000056586358
1.0000000071645985
1.0000000040053092
1.0000000030600507
1.0000000113738692
1.0000000025039164
1.0000000050178297
1.0000000034602408
1.0000000052541915
1.0000000050276576
1.0000000038686703
1.000000002335735
1.0000000328977496
1.0000000032552692
1.0000000050166709
1.0000000029182374
1.0000000026020681
1.0000000028131468
1.0000000726575724
1.0000000098056538
1.0000000109386986
1.0000000038136019
1.0000000043782813
1.000000001780955
1.0000000095652661
1.0000000042986847
1.0000014571592304
1.0000000022801168
1.0000000162313039
1.0000000090550591
1.0000000687509802
1.0000000030432696
1.0000000022560327
1.000000003459018
1.000000001999683
1.0000000076905047
1.0000000047137763
1.000000006303172
1.0000000429625244
1.000000008966152
1.0000000031276832
1.0000000030171179
1.000000007304982
1.0000000032741856
1.00000000162204
1.0000000092616197
1.0000000056557516
1.0000000019736577
1.0000000169840935
1.0000000042898332
1.0000000123616741
1.0000000029874496
1.0000000036298662
1.0000000080241622
1.0000000058416612
1.0000000027708824
1.0000000045308723
1.0000000019498545
1.000000011072831
1.000000004104533
1.000000005608835
1.0000000087084848
1.0000000029156078
1.00000000189806
1.0000000032936873
1.00000000297097
1.000000004829972
1.0000000020855062
1.0000000048925197
1.000000002136224
1.0000000064704622
1.0000000037845358
1.0000000023743723
1.0000000036494798
1.0000000051797422
1.000000002443791
1.0000000076048146
1.0000000038083816
1.0000000037788075
1.0000000123325343
1.000000002444024
1.0000000374986548
1.0000000123687125
1.0000000044855353
1.0000000026548355
1.0000000371497935
1.0000000044695627
1.0000000051020712
1.0000000030698617
1.0000000042207418
1.0000000059768663
1.0000000030112757
1.0000000210662097
1.0000000042514363
1.0000000082749407
1.000000003540209
1.0000000036976795
1.0000000030754788
1.0000000170782026
1.0000000108213514
1.0000000086930703
1.0000000024917113
1.000000139857799
1.0000000041447148
1.0000000032987888
1.0000000189732894
1.0000000022300966
1.0000000070391186
1.0000000024461404
1.000000002312517
1.0000001154443752
1.0000000023440656
1.0000000047073085
1.000000003562939
1.0000000061356542
1.0000000215123923
1.0000000034524197
1.000000004775637
1.0000000046370892
1.0000000032959926
1.0000000074547548
1.000000007029412
1.000000005006081
1.0000000067447283
1.0000000043296602
1.000000002293967
1.000000018708135
1.0000000018843767
1.0000000092443495
1.0000000059791283
1.0000000179446338
1.0000000028689147
1.0000000066324601
1.0000000066462051
1.0000000028412745
1.0000000064580037
1.0000000027510751
1.0000000024897282
1.0000000082702236
1.0000000024045306
1.0000000193202345
1.0000000053802511
1.0000000025175164
1.0000000041411132
1.0000000021627322
1.0000000218007916
1.0000000054316673
1.000000008570157
1.0000000287897508
1.0000000045498296
1.0000000092401489
1.0000000101432873
1.0000000027591924
1.0000000017830872
1.000000015733981
1.0000000239670241
1.0000000095719228
1.0000000057648444
1.0000000094217847
1.0000000042264925
1.0000000110757272
1.0000000028259242
1.0000000044938158
1.000000239355167
1.0000000125826798
1.0000000034792138
1.0000000018826338
1.0000000034185197
1.000000003728924
1.0000000195846541
1.0000000034101857
1.0000000027889806
1.0000000046122788
1.0000000046684794
1.0000000049442586
1.000000004005516
1.0000000020659094
1.0000000488771665
1.0000000042554311
1.0000000025378477
1.0000000053454123
1.0000000197992784
1.0000000034475365
1.0000000049101698
1.0000000058076148
1.0000000069210522
1.0000000402901421
1.0000000034127237
1.0000000019659998
1.0000000061991139
1.0000000017177901
1.00000002884602
1.0000000302740844
1.00000000291223
1.000000020147042
1.0000000042612884
1.0000000038125867
1.0000000164962262
1.000000007280875
1.000000005066225
1.0000000087482372
1.0000000705829413
1.0000000030140326
1.0000000305054122
1.000000001650275
1.000000082515964
1.0000000189271558
1.0000000042216455
1.0000000040641963
1.000000002122702
1.0000000071109163
1.0000000089145429
1.0000000021673503
1.0000000019453634
1.0000000020106357
1.000000005937473
1.0000000052315996
1.0000000020181863
1.00000000759235
1.0000000031279972
1.0000000037167227
1.0000000120939565
1.0000000059604124
1.0000000637535742
1.000000003169007
1.0000000022360167
1.0000000029320844
1.0000000112034186
1.0000000032972347
1.0000000241711258
1.0000000019861317
1.0000000098107618
1.0000000037070884
1.0000000068757195
1.0000000108512421
1.000000004615496
1.0000000023569313
1.0000000024422648
1.0000000056377214
1.0000000062934988
1.000000004161495
1.0000000027831737
1.0000000049374105
1.0000000070385748
1.0000000280952106
1.0000000015538024
1.0000000074330813
1.0000000035377978
1.0000000015420807
1.000000004535596
1.000000003039655
1.0000000034184757
1.0000000048697888
1.000000002269549
1.0000000024756357
1.000000003165715
1.0000001643391576
1.0000000063495398
1.0000000465859076
1.0000000032577074
1.0000001191466161
1.000000003466011
1.000000003607031
1.0000000075124487
1.0000000054190301
1.0000000098895585
1.000000015003694
1.000000018985323
1.0000000103644389
1.000000020547661
1.0000000025081959
1.0000000032791199
1.0000000026540994
1.0000000040298616
1.0000000034569525
1.0000000041575163
1.0000000041527275
1.0000000093379382
1.000000009397574
1.0000000020473652
1.0000000165749454
1.000000005523275
1.0000000032561744
1.000000002088277
1.0000000091319454
1.0000000033146816
1.0000000020513238
1.0000000035142091
1.0000000044270803
1.0000001382848662
1.000000015466703
1.0000000020981028
1.0000000021593844
1.0000000256714028
1.0000000025268565
1.000000004185882
1.0000000029249818
1.0000000019825368
1.000000092403959
1.0000000024601452
1.000000004857504
1.000000002491417
1.0000000346812905
1.0000000050124016
1.0000000029487004
1.000000006666669
1.0000000028304912
1.000000003702275
1.000000002450921
1.0000000311082744
1.0000000058601262
1.000000005058583
1.0000000031277996
1.0000000075076092
1.0000000038873886
1.0000000055350664
1.000000002491892
1.000000007205882
1.00000000283479
1.000000004279574
1.0000000048611584
1.0000000074118223
1.0000000033258727
1.000000004778737
1.0000000052136853
1.000000006769533
1.0000000160351135
1.0000000045991375
1.000000002960972
1.0000000037987151
1.0000000057124763
1.0000000911068383
1.0000000035076957
1.0000000021361652
1.0000000024606595
1.0000000074761386
1.0000000348451437
1.0000000043258022
1.000000003423481
1.0000000128942446
1.0000000284810133
1.000000002932957
1.0000000038851802
1.0000000181116966
1.000000002001651
1.0000000139651994
1.0000000028036653
1.000000005307587
1.0000000042836643
1.0000000043029398
1.0000000456551663
1.0000000038225658
1.0000000067828019
1.0000000046319826
1.0000000700634042
1.0000000462268883
1.0000000208480477
1.0000000030397167
1.000000002007836
1.000000002587757
1.0000000240348375
1.0000000052663853
1.0000000022182023
1.000000002602537
1.0000000051610898
1.0000000019220872
1.0000000027772398
1.0000000024316946
1.0000000035237353
1.000000002355231
1.0000000094536188
1.0000000147906352
1.0000000075887314
1.000000016774317
1.0000000069448174
1.0000000035940613
1.0000000045731625
1.0000000018239659
1.0000000304599328
1.000000003230748
1.0000000022825315
1.0000000136492684
1.000000023607293
1.0000000065975247
1.0000000069039552
1.0000000039780095
1.000000053791011
1.0000000034164864
1.0000000502081503
1.0000000025746962
1.000000002895077
1.000000004683789
1.0000000030183762
1.0000000016649795
1.0000000030662013
1.000000004886735
1.0000000038466101
1.0000000064459524
1.0000000084665706
1.000000001848108
1.0000000122755577
1.000000004359193
1.0000000497624513
1.000000001612224
1.0000000080223093
1.0000000038738246
1.0000000024971647
1.0000000131920936
1.0000000887965534
1.0000000032634806
1.0000000047134978
1.0000000048416577
1.0000000018036361
1.0000000030148573
1.0000000021501807
1.0000000032378848
1.0000000083294809
1.0000000015270083
1.0000000223639167
1.0000000043425818
1.0000000084757434
1.0000000077094429
1.0000000146628178
1.000000290256885
1.000000012735484
1.0000000100260376
1.000000004193153
1.0000000079742268
1.0000000043352475
1.0000000147682118
1.0000000058570648
1.000000003585357
1.00000000858419
1.0000000054012868
1.0000000026765963
1.000000004000747
1.0000000132790938
1.0000000036768009
1.0000000737740358
1.0000000073157733
1.000000003382213
1.0000000037065944
1.0000000026622062
1.000000002639046
1.0000000032200596
1.0000000014900616
1.0000013544061852
1.0000000190379745
1.0000000084870035
1.000000021993686
1.00000000292713
1.000000005045171
1.0000000065180359
1.0000000053556264
1.0000000024598303
1.0000004471437363
1.0000000027777498
1.0000000051686941
1.0000000024996984
1.0000000054763318
1.0000000192558716
1.0000000088867123
1.000000002352878
1.000000002364742
1.0000000059014773
1.0000000054756883
1.0000000084411684
1.00000000307383
1.0000000046726012
1.0000000033276242
1.000000007061065
1.0000000083862062
1.0000000050354356
1.000000006597818
1.0000000285115467
1.0000000054872313
1.000000004104374
1.0000000031976533
1.0000000033047978
1.0000000014603478
1.000000003650708
1.0000000665644573
1.000000002133268
1.000000006532199
1.0000000052756675
1.0000000159575337
1.0000000026087632
1.0000000041648793
1.0000000017083708
1.0000000056827651
1.0000000066097956
1.0000000075832394
1.0000000199338035
1.0000000040514916
1.000000004629228
1.0000000069912438
1.0000000038075776
1.0000000100643898
1.0000000048437778
1.000000004372978
1.0000000102229696
1.0000001371953229
1.0000000021378106
1.0000000019709323
1.0000000090521723
1.00000000817349
1.0000000032487515
1.0000001098552194
1.0000000045791595
1.000000006871846
1.0000000016674913
1.000000007230604
1.0000000272059406
1.0000000121489718
1.0000000026238218
1.0000000121650832
1.000000007652342
1.0000000038305754
1.0000000268328981
1.0000000034838648
1.0000000051812545
1.0000000055971068
1.0000000032713106
1.0000000031705403
1.000000003875902
1.000000006229884
1.0000000186031626
1.0000000020883477
1.0000000047046815
1.0000000014970492
1.000000004628138
1.0000000450618538
1.000000729276504
1.0000000050646627
1.0000000066517547
1.0000000103251898
1.0000000030403633
1.000000011271754
1.0000000029469218
1.0000000021668989
1.0000000065250596
1.0000000270077984
1.000000002349594
1.0000000083722806
1.0000000075898225
1.0000000023211943
1.0000000069812747
1.000000003045444
1.0000000034271697
1.0000000020177973
1.0000000096649024
1.0000000062720071
1.0000000037206827
1.0000000048223434
1.0000000094518517
1.0000000035493084
1.0000000358296095
1.000000003571026
1.0000000043788009
1.0000000039298875
1.0000000020652589
1.0000000015092088
1.000000012362063
1.0000000118076757
1.0000000062648822
1.0000000069272519
1.000000003383588
1.0000000023997075
1.0000000029676457
1.0000000056779978
1.000000001474916
1.000000008722499
1.0000000042009938
1.0000000036151289
1.0000000024467284
1.0000013532667316
1.0000000022217548
1.0000000020511048
1.0000000023308415
1.0000000029730185
1.0000000043652846
1.0000000114140797
1.000000009943649
1.0000000014664765
1.0000000035691565
1.0000000018429385
1.0000000038683126
1.0000002296883328
1.0000000269661478
1.0000000054585614
1.0000000023148994
1.0000000055882803
1.000000002936486
1.000000004230778
1.0000000043120072
1.0000000409633687
1.000000005544542
1.0000000086370524
1.0000000139512681
1.0000000051642062
1.0000000028566849
1.000000003226973
1.0000000028133547
1.0000000253667258
1.0000000172402477
1.0000000022487359
1.0000000430354679
1.0000000035645515
1.0000000032915655
1.0000000434063494
1.0000000455587323
1.000001574475748
1.0000000042604875
1.0000000060082241
1.0000000021885227
1.0000000055828226
1.0000000042028898
1.000000002616661
1.000000004836132
1.0000000493822083
1.0000000088080392
1.0000000025985412
1.0000000061369712
1.0000000033323049
1.000000004623593
1.0000000238087219
1.0000000129145477
1.0000000016274326
1.0000000062172463
1.0000000026603415
1.0000000063454024
1.0000000032729606
1.0000002441843223
1.0000000060289551
1.0000000030173943
1.0000000299452534
1.0000000037600962
1.0000000077440487
1.0000000052630933
1.000000004604454
1.0000000097883688
1.0000000076970479
1.000000002906967
1.0000000066212182
1.0000000038049213
1.0000000021636397
1.0000000035400278
1.000000017146498
1.0000000034540528
1.000000005728352
1.0000000069424648
1.0000000039474657
1.0000000071070019
1.000000001753141
1.000000002999354
1.0000000026836924
1.0000000028542007
1.0000000138914162
1.000000012686995
1.000000002382704
1.000000024014448
1.0000000053053015
1.0000000048002409
1.0000000292394804
1.0000000054672058
1.000000004050494
1.0000000039227182
1.0000000473877875
1.000000004525514
1.000000006030855
1.0000000030186107
1.000000003690384
1.000000013330443
1.0000000025836604
1.000000040885817
1.0000000022492535
1.0000000053780136
1.0000000017377082
1.0000000025740907
1.0000000089245167
1.0000000037484345
1.0000000046437387
1.0000000030063905
1.0000000134674605
1.0000000058923166
1.0000000041987422
1.0000000167793852
1.0000000030707865
1.0000000050826996
1.000000002757014
1.0000000048770041
1.0000000034454803
1.0000000078663185
1.0000000245432914
1.0000000038161043
1.0000000029879461
1.000000001967394
1.0000000042383053
1.000000063054167
1.000000002474035
1.0000000012884949
1.0000000027715865
1.0000000022271567
1.0000000613680025
1.0000000042663557
1.0000000022567974
1.00000000306574
1.0000000059743295
1.0000000167732745
1.000000005128326
1.0000000399493567
1.000000004722127
1.000000004005274
1.0000000028047573
1.000000008711991
1.0000000064872012
1.0000000040040218
1.0000000025298246
1.0000000189689713
1.0000000081232032
1.0000000039954904
1.0000000043967532
1.0000000026535367
1.0000000024541909
1.0000000269311256
1.00000000318026
1.000000030016557
1.0000000044561246
1.0000000055218319
1.0000000130425803
1.000000005863297
1.000000007355488
1.000000009578516
1.0000000069781911
1.0000000036816488
1.000000017301296
1.0000000105606415
1.0000000025884408
1.0000000034438707
1.000000003070616
1.0000000039338692
1.0000000048734954
1.0000000016414516
1.0000000074014976
1.0000000029049496
1.0000000699993583
1.0000000033663177
1.0000000023285438
1.000000002556988
1.0000000286802044
1.0000000034518515
1.000000003807506
1.0000000269493163
1.000000002238225
1.000000003982019
1.000000008718045
1.0000000028814315
1.0000000032974161
1.0000000029749985
1.0000000072672024
1.0000000838291667
1.0000000136060092
1.0000000147810149
1.000000004655206
1.0000000039747152
1.0000045036152512
1.0000000048115385
1.0000000092636203
1.0000000035885335
1.000000006643639
1.0000000091284837
1.0000000032287615
1.0000000105990061
1.0000000279208165
1.000000004105122
1.00000000258528
1.0000000069343067
1.000000003653174
1.0000000047211948
1.0000000090904537
1.0000000104335165
1.0000000026820415
1.000000022516144
1.000000012320153
1.0000000039196357
1.00000000537657
1.000000003021146
1.0000000021209248
1.0000000036607666
1.0000000026409224
1.0000000036172951
1.0000000032944405
1.0000000025740328
1.0000000018211308
1.0000000088127095
1.0000000034519703
1.0000000040038963
1.0000000361161505
1.000000090787922
1.0000000033222218
1.0000000042504136
1.000000003479211
1.0000000173078536
1.000000001895071
1.0000000020605249
1.0000000049746918
1.0000000185351057
1.0000000158042959
1.0000000080331481
1.000000004267709
1.0000000028340483
1.0000000021131252
1.0000000038395458
1.0000000021679796
1.0000000110661362
1.000000004358042
1.0000000029658984
1.0000000048029427
1.0000000041077897
1.0000000035485266
1.0000000128491668
1.0000000032909566
1.0000000032319172
1.0000000197987275
1.000000004398586
1.0000000030340765
1.0000000075275226
1.000000002699663
1.0000000208342554
1.0000000028417115
1.0000000054854539
1.0000000035619319
1.0000000136014995
1.0000000049840874
1.0000000217819336
1.0000000015125754
1.0000000354940586
1.0000000111069662
1.000000003926086
1.00000000309445
1.0000000337147843
1.0000000082128047
1.000000002121906
1.000000026707534
1.000000003395968
1.0000000063237957
1.0000000038095282
1.0000000024746325
1.000000003581157
1.000000005014206
1.000000006844681
1.0000000039815808
1.0000000076330475
1.000000002569717
1.0000000059850234
1.0000000072358475
1.0000000352098906
1.0000000028864362
1.000000027274241
1.0000000148013581
1.0000000035578966
1.0000000030258922
1.000000003241727
1.0000000026057323
1.0000000046603377
1.000000003691125
1.0000000028692504
1.0000000048324282
1.000000001685478
1.0000000075326583
1.0000000025069644
1.0000000035461507
1.0000000070837425
1.0000000029062717
1.0000000033917025
1.000000003928103
1.000000204339305
1.0000000065040726
1.0000000030448177
1.0000000191113345
1.0000000100166724
1.000000003027203
1.0000000047444277
1.0000000063639614
1.00000000598978
1.0000000150543282
1.0000000066065928
1.0000000035397407
1.0000000021411342
1.0000000032702578
1.0000000128540836
1.0000000036593528
1.0000000035946632
1.0000000021947801
1.0000000061809673
1.0000000125190471
1.000000002543931
1.0000000067802164
1.0000000032317482
1.0000000051144113
1.0000000091212347
1.000000002827432
1.0000000049650044
1.0000000063021592
1.0000000024111588
1.0000000088608483
1.0000000030739131
1.0000000028373635
1.0000000498992088
1.000000003746544
1.0000000252150987
1.0000000080379199
1.0000000564525375
1.0000000038923353
1.0000000242041998
1.0000000022602538
1.0000000036815646
1.000000003348177
1.0000000024669105
1.0000000028516536
1.0000000064309404
1.000000013360102
1.0000000080632383
1.0000000251996213
1.000000001788575
1.00000000190583
1.0000000064497627
1.0000000034281882
1.000000003941176
1.0000000029289873
1.0000000055927458
1.0000000129918891
1.000000002906825
1.0000000051815148
1.0000000133984783
1.0000000412433385
1.0000000035534102
1.0000000021659432
1.0000000220109868
1.0000000064530343
1.0000000026822506
1.0000000144046213
1.0000000037008112
1.0000000270773513
1.0000000859193905
1.0000000034682748
1.0000000019799111
1.000000162180866
1.0000000029254046
1.0000000283202697
1.0000000025677351
1.000000019843791
1.0000000055469225
1.0000000033181464
1.0000000073035673
1.0000000030444238
1.0000000036690404
1.000000003974196
1.0000000047787836
1.000000002744397
1.0000000085383374
1.0000000035208036
1.0000000059017389
1.0000000032851908
1.000000004349073
1.00000000851949
1.0000000079172966
1.00000005005734
1.000000005863298
1.0000000072794486
1.0000000065819514
1.0000000044837962
1.000000002052722
1.0000000025490239
1.000000004066076
1.0000000101653947
1.000000041205455
1.0000000045941029
1.00000000989206
1.0000000024335112
1.0000000018879016
1.000000005235202
1.0000000029115022
1.0000000098496085
1.000000002468445
1.0000000188800333
1.0000000055014626
1.0000000014330521
1.0000000114297385
1.0000000020348718
1.0000000027997515
1.0000000046859605
1.0000000033859602
1.0000002000645747
1.000000003925989
1.0000000063893626
1.0000000019772972
1.0000000030524117
1.0000000025957065
1.0000000083708211
1.0000000027176528
1.0000000186739288
1.0000002365214575
1.0000000018739355
1.0000000084617695
1.000000003276976
1.0000000202298744
1.0000000051371452
1.0000000069156492
1.0000000063640837
1.0000000051009905
1.0000000074667332
1.0000000143768693
1.0000000172465726
1.000000002335244
1.0000000630748458
1.0000000026559732
1.0000000109308091
1.0000000062774819
1.0000000034410146
1.0000000118588204
1.0000000259019513
1.0000000029751102
1.0000000025802254
1.0000000051380185
1.0000000039229815
1.0000000030499554
1.0000000084199687
1.0000000041158712
1.0000000037023522
1.000000001778545
1.0000000084972525
1.0000000091719383
1.000000008509645
1.0000000099143305
1.0000000080617162
1.000000006407614
1.0000000039325063
1.000000002962327
1.0000000092354184
1.000000008843096
1.0000000148401842
1.0000000026841456
1.0000000034769998
1.0000000026140323
1.0000000015347787
1.0000000026617986
1.0000000049861602
1.000000002392971
1.0000000062139514
1.0000000041038382
1.000000006865083
1.0000000034188625
1.000000003675371
1.0000000081883205
1.0000000042958488
1.0000000222165766
1.000000012774872
1.0000000152976054
1.000000002065994
1.0000000073487707
1.0000000057071865
1.0000000067851427
1.0000000057590703
1.0000000026812828
1.0000000023767959
1.0000000085082654
1.0000000044153308
1.0000000035054581
1.0000000274619356
1.0000000194135492
1.0000000039585648
1.0000000033091545
1.0000000017559516
1.0000000029465865
1.0000000069427033
1.0000000376711478
1.0000000015612185
1.00000000334975
1.0000000635262045
1.0000000049194997
1.000000007371322
1.0000000034010563
1.000000005074798
1.0000000762156844
1.000000002060259
1.0000001552194495
1.0000000044824129
1.0000000054022367
1.0000000126059463
1.0000000042128319
1.0000000424369109
1.0000000023580875
1.0000000021748472
1.0000000028554332
1.000000005943429
1.0000000317140298
1.000000021915435
1.0000000069157473
1.0000000045746094
1.0000000081242966
1.0000000027483695
1.0000000544829102
1.000000015336635
1.0000000031586433
1.0000000117790533
1.000000041740088
1.0000000028043698
1.0000000168773777
1.0000000086585554
1.00000001331695
1.0000000292806215
1.0000000210376505
1.0000000021695379
1.0000000028449518
1.0000000068981398
1.0000000317940456
1.000000003071219
1.0000000175771786
1.000000004853802
1.0000000126169335
1.000000005214776
1.0000000031997172
1.0000000136115361
1.0000000017004649
1.0000000024380546
1.000000001770669
1.0000007281120564
1.0000000026532152
1.0000000107362985
1.0000000023599895
1.0000000079815246
1.0000000027361837
1.0000000119346653
1.0000000027323954
1.0000001554592024
1.0000000061485643
1.0000000519058143
1.0000000264032112
1.00000000303174
1.0000000028607239
1.0000000076497608
1.0000002837598054
1.0000000269157114
1.000000008005017
1.000000002543268
1.0000000026478792
1.0000000091504393
1.0000000027529057
1.0000000064601364
1.0000000018595554
1.0000000033743328
1.0000000315592992
1.000000006480474
1.000000056001184
1.0000000104701339
1.0000000210144133
1.0000000037908616
1.000000006793885
1.000000155262832
1.0000000036857486
1.0000000054991889
1.0000000041550818
1.0000000035101662
1.0000000022571214
1.0000000063081125
1.0000000037731165
1.0000000046769448
1.0000000018774946
1.0000000068497328
1.0000000075424849
1.0000000040913197
1.0000000023349023
1.0000000033420477
1.0000000059052119
1.0000000045389985
1.0000000092761885
1.0000000090445238
1.0000000034045704
1.0000000019143687
1.0000000036389103
1.0000000160511782
1.0000000161315175
1.0000001312903362
1.0000000054297036
1.0000000203299624
1.0000000078151208
1.000000003625392
1.0000000079769025
1.0000000636350377
1.0000000030327865
1.0000000021361592
1.0000000028248468
1.0000000024923323
1.0000000041920851
1.0000000021066187
1.000000011654293
1.000000002014911
1.000000004197391
1.000000010983826
1.0000000142458685
1.000000002097481
1.0000000053712352
1.0000000041525239
1.0000000035240952
1.0000000037795227
1.0000000028722058
1.0000000113922494
1.0000000027671747
1.0000000040564259
1.0000000052687206
1.0000000040425274
1.0000000128452955
1.0000000051658924
1.0000000033143217
1.0000000028085223
1.0000000402676044
1.0000000061918044
1.0000000037890486
1.000000003042846
1.00000000211803
1.0000000036255792
1.0000000025235865
1.0000000024197655
1.0000000081153708
1.0000000032601022
1.0000000016250798
1.0000000024530011
1.000000002549825
1.000000002424288
1.0000000062127592
1.0000000337004067
1.0000000047362079
1.0000000027442495
1.0000000029480525
1.000000004364854
1.0000000053308395
1.000000003723453
1.000000043450443
1.0000000043125932
1.0000000080690907
1.0000000046092115
1.000000049528872
1.0000000018860609
1.0000000057150507
1.000000009706088
1.0000000067489245
1.0000000024822697
1.0000000047187918
1.0000000074897233
1.0000000036386079
1.0000000043879427
1.0000000021076543
1.0000000059831506
1.0000000022402826
1.0000000050541733
1.000000007933357
1.000000005192432
1.0000000025291453
1.0000000139232639
1.0000000057407736
1.0000000078589528
1.0000000027097438
1.0000000071313457
1.00000001002764
1.0000000044585002
1.0000000075904227
1.0000000159162146
1.0000000115040226
1.0000000074508097
1.0000000020548254
1.0000000014356125
1.0000000319048443
1.0000000089156382
1.0000000027699745
1.000000004542436
1.0000000044059154
1.0000000026050795
1.0000000036794314
1.000000005729984
1.0000000243182112
1.0000000040890158
1.0000000020228852
1.0000000059785992
1.0000000145984922
1.000000003116727
1.0000000017266775
1.000000003479063
1.0000000036620331
1.0000000024968343
1.000000124227369
1.0000000435154488
1.0000000029614413
1.000000003073969
1.0000000082943268
1.000000002669481
1.0000000280377672
1.0000000051811955
1.000000003230785
1.0000000028299654
1.0000000074340214
1.0000000177437198
1.0000000028704812
1.0000000034498842
1.0000000042442685
1.0000000041268804
1.0000000064498877
1.0000000087249106
1.0000000035043344
1.0000000034089465
1.000000002676658
1.000000005030156
1.0000000235065023
1.0000000029900071
1.0000000023857822
1.0000000034889014
1.0000000021042212
1.0000000203564636
1.0000000043151582
1.0000000057155827
1.0000000064694405
1.0000000046826014
1.0000000028112017
1.0000000019943394
1.0000000055425848
1.0000000093958492
1.000000011297167
1.0000000015507196
1.0000000120248453
1.0000000075491093
1.000000003797819
1.000000005060433
1.0000000033720353
1.0000000049333952
1.0000000287411244
1.0000000026036797
1.0000000167042218
1.0000000031683327
1.0000000125306319
1.0000000141098655
1.0000000049827014
1.000000012586871
1.0000000032492202
1.0000000518787135
1.000000004795022
1.0000007943628968
1.0000000052839033
1.0000000055801321
1.000000004196598
1.0000000041750905
1.0000000049884763
1.0000000030991993
1.0000000023529505
1.000000008650176
1.0000000037814765
1.000000002720843
1.0000000024400375
1.0000000029062432
1.000000003166563
1.000000188258323
1.00000000307192
1.0000000048772189
1.0000000023460354
1.0000000031605603
1.0000000164475058
1.0000000077042437
1.0000000038572132
1.0000000031035656
1.0000000111951355
1.0000000068472543
1.0000000035362648
1.0000000027618903
1.000000001954587
1.0000000031818015
1.0000000131258848
1.000000005796476
1.0000000023962494
1.0000000151160169
1.0000000076230158
1.0000000062386605
1.0000000023230071
1.0000000832968596
1.000000011379175
1.0000000698356828
1.0000000029119658
1.0000000055874878
1.0000000022589108
1.0000000031963936
1.000000005281425
1.0000000025058642
1.0000000024767892
1.0000000080961153
1.000000005961812
1.0000000030638216
1.0000000231809967
1.0000000036885308
1.0000000090078742
1.0000000128843072
1.0000000046907107
1.0000000048250264
1.000000003762895
1.000000003786104
1.000000008260214
1.0000000031315601
1.0000000034101335
1.0000000048537816
1.000000008911113
1.0000000025635294
1.0000000123425128
1.0000000050209
1.0000000084826504
1.0000000014858175
1.000000002705563
1.0000000105960407
1.0000000157949145
1.0000000058757128
1.0000000026427083
1.0000000159423703
1.0000000053488998
1.0000000239785465
1.0000000328920455
1.0000000040470538
1.0000000024914906
1.000000005313941
1.0000000026831923
1.0000000038023331
1.0000000020359798
1.0000000043793607
1.0000000067565766
1.0000000042389698
1.0000000061240748
1.0000000048934405
1.000000002744795
1.0000000023124247
1.0000000039368755
1.0000000043088209
1.000000003284197
1.0000000073370399
1.000000004040692
1.0000000089452812
1.000000002370052
1.0000000180841706
1.0000000091673924
1.0000000024148874
1.0000000043989707
1.0000000018845525
1.00000000276806
1.0000000430954554
1.0000000084512246
1.0000000069137402
1.0000000062212477
1.0000000075891764
1.000000041510935
1.000000007787016
1.0000000043205417
1.0000000036180754
1.0000000041230432
1.0000000047450788
1.0000000018476414
1.0000000024403484
1.0000000217454756
1.000000008387157
1.0000000457451754
1.0000000135227416
1.0000000035954058
1.0000001532939513
1.0000000031958929
1.0000000040186052
1.0000000084072884
1.0000000043248172
1.0000000212512292
1.0000000043054031
1.000000003699333
1.0000000034113872
1.0000000019579667
1.000000009049041
1.0000000033084817
1.000000002736238
1.0000000036426933
1.000000002210502
1.00000000414752
1.0000000114372556
1.0000000028168685
1.0000000062289045
1.0000000021397533
1.00000000191709
1.0000000032061098
1.0000000106859752
1.000000003677433
1.0000000067437629
1.0000000076079911
1.0000000021122177
1.0000000428951736
1.0000000040865478
1.0000000174064898
1.0000000021195634
1.000000003852983
1.00000000222292
1.000000011164458
1.000000007510637
1.0000000040777826
1.0000000028102098
1.0000000053049194
1.0000000028918479
1.000000005532658
1.0000000049313258
1.0000000052603948
1.0000000081931357
1.0000000060715597
1.000000006441699
1.0000000136374405
1.000000011765357
1.0000000037443884
1.0000000034871759
1.0000000203191866
1.0000000018262585
1.0000000190461127
1.0000000207918167
1.0000000027323668
1.0000000048452955
1.0000000027726024
1.0000000015850892
1.0000000025430553
1.0000000018049633
1.0000000201731807
1.000000010976361
1.0000000665864954
1.00000000341578
1.0000000033904242
1.0000000025135811
1.000000002258769
1.0000000075191102
1.000000009544261
1.0000000065854797
1.0000000047469317
1.0000000228815757
1.0000000270419827
1.00000000298031
1.0000000033136196
1.0000000046284137
1.0000000451751851
1.000000032265298
1.0000000050492925
1.0000000109711722
1.0000000023171094
1.0000000048150608
1.0000000067513424
1.000000005215848
1.0000000321248117
1.0000000019463775
1.0000000120800194
1.0000000021440167
1.000000015549161
1.0000000398081306
1.0000000099484796
1.0000000110804022
1.0000000029137515
1.00000001173465
1.00000000437828
1.0000000090590568
1.0000002257918097
1.0000000058306577
1.0000000055358926
1.000000004866277
1.0000000168894285
1.0000000056845555
1.0000000030498373
1.0000000058839202
1.0000000099174475
1.0000000047713489
1.0000000048835056
1.000000001994603
1.0000000077383342
1.0000000076601723
1.0000004816248558
1.0000000054656586
1.0000000056819467
1.0000000063155443
1.00000001434823
1.000000004897776
1.000000008277195
1.000000010918655
1.0000000061248049
1.0000000023704998
1.0000000036410563
1.0000000191697147
1.0000000026459726
1.000000005362773
1.000000005022195
1.0000000015777029
1.00000000309167
1.000000005507708
1.000000004018941
1.0000000039830423
1.0000000071947222
1.0000000021918207
1.000000023172895
1.0000000033275152
1.0000000042388153
1.0000000039057535
1.0000000144105936
1.000000003613508
1.0000000041521047
1.0000002048084298
1.0000000026544327
1.0000000058729914
1.000000001724001
1.0000000080920246
1.0000000716731952
1.0000000171887993
1.0000000034863519
1.0000000068385357
1.000000005780979
1.0000000037040102
1.000000006801797
1.000000010049016
1.0000000020636055
1.0000000030744878
1.0000001385946113
1.0000000070096404
1.0000000020321012
1.0000000026127158
1.000000009544132
1.0000000022870081
1.0000000019224118
1.0000000051152564
1.0000000022227817
1.000000037135946
1.0000000017669983
1.0000000025060058
1.0000000022319047
1.0000000289747435
1.0000000062100276
1.000000023446463
1.0000000252425878
1.0000000026747107
1.00000000263267
1.0000002327036368
1.0000000028782332
1.0000000034730745
1.0000000214155482
1.0000000603646462
1.000000003104964
1.000000001708002
1.0000000023726585
1.0000000031998377
1.000000003241202
1.0000000036161747
1.0000000023314297
1.000000005940952
1.000000003003492
1.00000000203796
1.0000000027785865
1.0000000088483079
1.0000000034291803
1.0000000068634094
1.0000000031337388
1.0000000062060657
1.000000008040376
1.0000000066544188
1.0000000041410761
1.0000000059220508
1.0000000062765415
1.0000000073443014
1.000000003373419
1.0000000027589173
1.0000008630521655
1.0000000051529576
1.0000000102123558
1.000000009194755
1.00000000389769
1.0000000126570792
1.0000000033737575
1.000000005025803
1.0000000030346254
1.0000000019584074
1.0000000064576355
1.000000015562469
1.0000000141092564
1.000000008314201
1.0000000033919707
1.000000003507455
1.0000000026561717
1.0000000043591937
1.000000022770328
1.0000000052077505
1.0000000027641023
1.0000000026038203
1.000000003604807
1.0000000037526742
1.0000000039241663
1.0000000111959357
1.000000007280716
1.0000000285096133
1.0000000025350788
1.0000000023540252
1.0000003175315002
1.0000000066119745
1.000000002180587
1.0000000027151066
1.0000000036444354
1.0000000039760533
1.0000000016388098
1.000000002708559
1.0000000077570617
1.0000000023189235
1.00000000223749
1.000000021051124
1.0000004821377708
1.0000000045416773
1.0000000024635163
1.0000000018801993
1.0000000034650056
1.0000000041426362
1.0000000027755707
1.0000000014992216
1.0000000042076236
1.0000000025398033
1.0000000015948018
1.0000000221860665
1.0000000029046334
1.000000001894886
1.000000002600458
1.0000000017599922
1.0000000065625063
1.0000000033204082
1.0000000181876247
1.0000000095958892
1.0000000051535862
1.0000000312213428
1.0000000056381522
1.0000000042529202
1.0000000027513347
1.0000003036186618
1.0000000055010863
1.0000000029633187
1.0000000026636644
1.0000000369380806
1.000000020490278
1.0000000057975855
1.0000000056390197
1.0000000023623667
1.0000000080775024
1.0000000030681913
1.0000000018956818
1.0000000228984778
1.0000000018619892
1.0000000042345578
1.0000000022130615
1.0000000085870087
1.0000000020043516
1.000000001971991
1.0000000026184055
1.0000000032835588
1.0000000031500453
1.0000000038953027
1.0000000088848415
1.000000008262887
1.0000000025630373
1.0000000033679637
1.000000002285924
1.0000000018077568
1.0000000090515089
1.0000000028986633
1.0000000025192235
1.0000000025954419
1.0000000055560334
1.0000000133343026
1.0000000191813117
1.0000000041158434
1.0000000038601669
1.0000000044249804
1.0000000024199316
1.0000000035301788
1.0000000062986099
1.0000000028240075
1.0000000028128018
1.0000000109188645
1.000000011019768
1.0000000063617223
1.0000000038459567
1.000000004355493
1.0000000100393336
1.0000000073241546
1.0000000105354019
1.0000000054397924
1.0000000048149125
1.0000000068555586
1.0000000020980369
1.000000003888976
1.0000000090444783
1.0000000028010794
1.0000000027837823
1.0000000414111416
1.0000000080088456
1.0000000046735684
1.000000018272069
1.0000000148618438
1.000000025776826
1.0000000060164445
1.0000000015089836
1.0000000039775927
1.0000000151928894
1.0000000024714852
1.000000004421348
1.0000000036172696
1.0000000023583169
1.0000000016286668
1.0000000978519084
1.0000000032668537
1.0000000169434387
1.0000000036941599
1.0000000121416264
1.000000002776716
1.0000000166214131
1.0000000027800047
1.0000000121048351
1.0000000016660557
1.0000000027696885
1.0000000062951644
1.0000000040866464
1.0000000060915732
1.0000000231948247
1.0000000075447653
1.000000003905403
1.0000000029442424
1.000000006883021
1.0000000021016882
1.0000000089508903
1.000000005128972
1.0000000048956512
1.0000000030341591
1.0000000057612946
1.0000000024228914
1.000000002760428
1.000000023000304
1.0000000074218698
1.0000000041210668
1.0000000077265658
1.0000000094514827
1.0000000043883226
1.0000000052408375
1.0000000258505242
1.000000017535607
1.0000000091245036
1.0000000065916468
1.0000000024667062
1.0000000024000095
1.0000000058214613
1.0000000024900642
1.000000011524366
1.000000020733164
1.0000000039990462
1.0000000046622435
1.0000000043130735
1.00000002989282
1.00000000658802
1.0000000576771497
1.0000000122908528
1.0000000331299943
1.0000000251184182
1.0000000017087194
1.000000029478591
1.0000000030840281
1.0000000154427338
1.0000000026079918
1.0000000457129952
1.0000000054635538
1.0000000026922615
1.0000000069020594
1.000000002693875
1.000000005925822
1.00000000559051
1.0000000063814554
1.0000000033704246
1.0000000025343996
1.0000000027718259
1.0000000021609197
1.0000000027711855
1.000000002589899
1.000000002089631
1.0000000028172966
1.0000000038106849
1.000000007331505
1.0000000054692908
1.0000000053811255
1.0000000031676588
1.0000000054312566
1.0000000177628787
1.0000000155087316
1.000000002612115
1.0000000043221848
1.0000000040185515
1.0000000023252469
1.0000000122815025
1.000000005161914
1.0000000029877159
1.0000000068249144
1.0000000065318475
1.0000000020548434
1.0000000019179456
1.0000000076345137
1.0000000072615234
1.000000004198152
1.0000000044536448
1.000000024593424
1.0000000035550467
1.0000000020919533
1.0000000023831184
1.000000008515672
1.0000000041053605
1.0000000024224385
1.0000000079809148
1.000000042882544
1.000000006363029
1.0000000487267486
1.0000000089946341
1.000000010525276
1.0000000042534782
1.0000000037487835
1.0000000031290093
1.0000000020859805
1.0000000108831466
1.0000000066593218
1.0000000024415152
1.0000000030250606
1.000000041530243
1.0000000036972008
1.0000000094146417
1.000000005511141
1.0000000030672234
1.0000000030721614
1.0000000327471446
1.000000005593745
1.0000000145927188
1.000000149876241
1.000000004868424
1.000000004983396
1.000000005163485
1.0000000034234102
1.0000000825271276
1.0000000045593118
1.000000003567493
1.0000000036955483
1.0000000026878904
1.0000000131675546
1.0000000021869557
1.0000000104182896
1.0000000065500119
1.0000001842382593
1.000000006309748
1.0000000049065128
1.0000000027644511
1.0000000061852776
1.0000000020423898
1.0000000047090738
1.0000000039136625
1.0000000136046112
1.0000001294864242
1.000000032915696
1.0000000051383227
1.0000000224065788
1.0000000029131404
1.0000000020730542
1.0000000035374588
1.000000002773168
1.0000000059393228
1.0000000058494958
1.0000005104075695
1.0000000022391722
1.0000000026944884
1.0000000537861446
1.0000000061843533
1.0000000019404476
1.0000000020687732
1.0000000036832122
1.0000000013636343
1.0000000110959901
1.000000003002511
1.000000003751439
1.0000000095391188
1.000000003223916
1.0000000016356032
1.000000010711321
1.0000000084219793
1.0000000023447004
1.0000000049133926
1.0000000026084332
1.0000000026080402
1.0000000049102364
1.0000000035478058
1.0000000044545339
1.0000000052606828
1.0000000030831477
1.000000033825807
1.0000000027727383
1.0000000037721253
1.0000000050896547
1.000000008607329
1.0000000034953447
1.0000000070400699
1.000000016691422
1.000000098171165
1.0000000152635542
1.0000000085167453
1.0000000110379568
1.0000000027716098
1.0000000093922596
1.0000000033967202
1.0000000184036544
1.0000000218089318
1.000000006164645
1.000000002804485
1.0000000238644238
1.0000000097071828
1.0000000027658205
1.0000000214857094
1.0000000057719556
1.0000000124328394
1.0000000046909387
1.000000019459993
1.000000008299454
1.0000000113534606
1.0000000048535502
1.0000000016587494
1.0000000076010316
1.0000000017510022
1.0000000019353779
1.0000000030460576
1.0000000043537256
1.0000000040510635
1.0000000045615547
1.000000003321392
1.0000000020828346
1.0000000038787513
1.0000000100361035
1.0000000040531392
1.000000003621954
1.0000000029882958
1.000000015847928
1.000000047807655
1.0000000045275954
1.0000000192567668
1.0000000116667807
1.0000000865393885
1.0000000030090617
1.0000000020848148
1.0000000057598273
1.0000000158300015
1.0000000022977384
1.0000000023706612
1.0000000040732495
1.000000002026836
1.000000008236209
1.0000000328385734
1.0000000031567784
1.0000000021841293
1.0000000087894287
1.0000000020230504
1.0000000014366197
1.00000000413638
1.0000000031454164
1.0000000054759617
1.000000002178199
1.0000000402322002
1.0000000035505536
1.0000000074627482
1.0000001075815752
1.000000003769908
1.0000000058216103
1.0000000046369897
1.0000000032809797
1.000000012147503
1.0000000040801353
1.000000012129575
1.0000000042799633
1.0000000078563385
1.0000000043802162
1.0000000347785845
1.0000000025624687
1.000000004838636
1.0000000263609896
1.0000001006243981
1.0000000078435856
1.000000002738993
1.0000000673160918
1.0000000048876414
1.0000000029168676
1.0000000031549994
1.000000003375336
1.0000000024459261
1.0000000029802352
1.0000000046097413
1.0000000048000792
1.0000001272084598
1.0000000028480336
1.0000000091440662
