1.0001312103827327
1.0002533487653378
1.00008494661522
1.0025716972091954
1.000183843631426
1.0000164701556558
1.000578571654719
0.9998738025008262
0.9999861245956352
1.0001008131935756
1.000096490291352
0.9999651437284488
0.9998106383516597
1.0001927462009779
1.000110369886812
1.0000880187937589
1.000037881235927
1.0001486388266951
1.000047969929337
1.000013944753719
0.9998331381899638
0.9999605616824409
1.0003211496614515
1.000143402195247
1.0001707516798048
0.9999799515219985
0.9991246996072428
1.000016939818268
1.000038111054932
0.9999996140735734
0.999986010510487
1.0002672838840396
1.000097133877017
0.999892927644868
1.0001525457816192
1.0001800356907198
1.0004043240324043
1.000044095250443
1.0002826814226624
1.000231832283728
1.0000406950357157
1.0004079533014025
1.0001951352618486
1.0001580950329234
1.0004426150899133
1.0002701148063229
1.0003299675135382
1.0160552363062887
1.000183588193124
1.0002013495780002
1.0000467819717582
1.000032813714406
1.0003499336761945
1.000025260548827
1.0000277701830056
1.0000419816819257
1.000108726965137
1.0000749520913406
1.0001170405821185
1.0003030157632382
1.0004106670175252
1.001052371845612
1.0002595703920214
1.0000479786504657
1.000284980398351
1.0004389119235764
0.99999637696156
1.0001096625971522
1.0001797494957905
1.0000320178827957
1.0001813010787124
1.0001229484584604
1.000024902861574
1.0001260542513766
1.0000115186620475
1.0002038818091008
1.0004696909186441
1.0005004060130154
1.0000729840512252
0.9997456146811823
0.9999325916673537
1.000122579825323
1.0002075676961777
1.000066191688755
1.0011615081174614
1.0006172808538285
1.0001608484478197
1.0000214963649512
1.0008332524904753
1.000394849518585
0.999995810237389
1.0002597494624856
1.0000620540506047
0.9999484026692425
1.0012222911973407
1.0007050328431675
1.0003896089217692
1.000258235952221
1.000031378445583
1.0000246748390451
1.0001239665929598
1.000540090284015
0.9999773788791426
1.0003490651759586
1.0002637760263644
1.0000764374933455
1.0000326576535716
0.9999275560220028
1.0000540508236324
1.0003191285219157
1.001657435166379
1.0003489082005914
1.0005317401000677
1.0001622131191217
1.0001131886966466
1.000172984427392
0.9999054263306746
1.0003635527274597
1.0002046921073577
1.0003243571115497
1.0001499474992692
1.0000246594374356
1.0002602118338404
1.0002379161585802
1.0000122679745551
1.000064621666669
1.0000069633042903
0.9999789728812833
0.9979535641318688
1.0003935546960718
1.001133954169862
1.0000722811725422
1.0026657106062162
1.0005645283325526
1.0002226607224236
1.0002020901758186
1.0005555351848952
0.9999947181475713
1.0005920178842616
1.0001823136136454
1.0005182788360152
1.0017283314823833
1.0000317380122647
1.0120347365925138
1.0000223326699555
0.9999956124334286
1.0001837966001947
1.000008210115585
1.0002334130746124
1.0014380185527942
1.0008102028908845
1.000997466616735
0.9999539135270079
1.000154600040974
1.0000210931372655
1.0002863535132787
1.0004027989874544
0.999594966796966
1.0002194368759263
0.9999834988862174
1.0000650253698395
0.9999442191358906
1.000118943159387
1.0018316057696366
1.0004327173123277
0.9999542753057388
0.9999182453817959
1.0002813169263558
1.0000750651427144
1.0002383455611683
1.000207867435462
1.000111834474206
1.0000818737980692
1.000188267987425
1.000015263682986
1.0001054479330578
0.9998915616567262
1.0000467749149597
0.9999587141565259
1.0000628980555317
1.0039040625122038
1.0006415440543077
1.0004350844871406
1.0009992792286164
0.9999769162953795
1.0000681257865078
1.0038199144288278
1.003233624175561
1.0000839447373582
1.0000692367087336
1.0001484715194324
0.9999525245210873
1.0002877057101267
1.0000723126469873
1.00006453265128
1.0000282103367466
0.9998576537851782
0.999978220402192
1.0001703952543552
1.000060485671519
1.000948581177031
0.9999460863399688
0.99996927123606
1.0003175947208478
1.0001105561324573
0.9999543085842385
0.9998176887871034
1.0003334478217714
1.000250611031071
1.0021018543173856
1.0006161985511608
1.0000389045268565
1.0001667774092697
1.0004791293857787
1.0008202349374742
1.0001392755149174
1.001134580570299
1.000867788073278
1.0003313175214312
1.0001873571599154
1.0000923123834995
1.0000754348696443
1.0000631495294574
1.00028353078879
0.9999914407785646
0.9999645817991674
1.0003174489270077
1.000127192938765
1.0006082120140507
1.0004068788376161
1.0003455339269947
1.0025511738283956
0.9999902845940778
1.0001494688486268
1.0000634267240267
1.001090307022868
1.0000660684265774
1.0000471926349737
1.0000232004093648
1.0008178157769754
0.9998589530258661
1.0000781049590248
1.0001497351250732
1.0000463295907644
0.9995790277963333
1.0000587775470653
1.0000475405596307
1.0005141871194587
1.0007968151274262
0.999964363063112
0.9999958794579414
1.0000533600483785
1.0010080324126447
1.0001317918884982
1.0008675543945627
1.000486790037077
1.0000777799848661
1.0000668374300783
1.0001630582701655
1.0002523184480088
1.000353229715276
1.000147711897061
1.0000295034200897
1.000056536663302
1.0002162570381632
1.0000293751818397
1.0002377551829653
0.999953335349969
1.0000745151478092
1.0000033658203062
0.9999664665602489
1.000651337467768
1.0003823358649786
1.0000434549601345
1.0002263580750284
1.0000158750459973
1.0000166962853103
1.0007624098057193
1.0002488129244957
0.99996925905367
1.0005783525433412
1.0004327172340215
0.9999809282487782
1.0000128788733702
1.0003564430409386
1.0001825835110438
1.0014854189132938
0.9999464126169386
1.0000400369300675
0.9999960327167005
1.0007303313638714
1.0000243672320435
0.9999919921932223
1.000510466130186
1.0008432281040394
1.0000291136529056
1.0002349036539566
1.0057079865957077
1.0000792912078316
1.0000029474119125
1.0000681390622097
1.0003364451815264
1.0000223015220233
1.0002070401624064
1.0007435754651426
1.0001853577741096
1.000538275438888
1.0000360344707433
0.9999356610353919
1.0001836563312183
1.0016693191339807
0.999920748625195
1.0007337173275965
1.0003769454300064
1.0004284009237958
0.9999423877885606
0.99998294580002
1.0000111108635756
0.9999913059746945
1.0000776234046191
1.0006236699917517
1.0001953168674442
1.0004178516451896
0.9999848271256155
0.9787027899160865
1.000041360545422
1.0002717741590683
1.0001164171055517
1.0000694710208202
1.0001369292298192
1.0002582975011172
1.0001582606795376
0.9999849942119919
1.000202352424028
1.0002610953467725
1.0001970006337049
1.0000616408580378
0.9999667897607488
1.0004845473821184
1.0039731222346922
1.000043777349263
1.0000455451437795
1.0000900213776465
0.9999466970955639
1.0012071736955368
1.0003296106373814
1.0001977350038442
1.0005182939421462
0.9998742072026419
1.0000262077732416
1.0001318619957746
1.0002148582814614
1.0001503431439709
1.000020409837207
1.0003660419811051
1.0000523484097297
1.0000267602490467
1.0000927261384123
0.9997844610887943
1.0030710340413795
1.0008616346281776
1.000325553082378
1.000054038605257
0.9999748302622621
1.0001862140442435
1.0000772187764728
1.0004101278818545
1.0001096840570791
0.9999354401356236
1.0000303069636418
0.9999890808289639
0.999635013079101
0.9999775413057432
1.0002582179010322
1.0008951597554048
1.0000373289250346
0.9999442128709255
1.0000612604040233
0.9997268613759073
1.0000551646850444
1.0001975626589947
0.9998846065173523
1.0005383936583194
1.0001161538271814
1.019264256582307
1.0015802943351464
1.0003248759647718
1.0003168156361535
1.0001048338521312
1.0004687483691814
1.0000871256059563
1.0024160171853482
1.0003827658056443
0.9998892190990293
0.9999569404636635
0.9997514580106992
0.9999098289766897
1.0030939938488241
1.0001696686028736
1.0001490751654052
1.0020406299646298
1.0000947676620637
1.0003725004376092
0.9998986103819286
1.0002151994132191
0.9999459306850322
1.0005841090859715
1.0003092458896723
1.000586643235864
1.0000675903723704
1.0000018881695654
0.9998593823879753
0.999974534364269
1.0021116955516407
1.0000431096522517
1.0000488167150534
1.0001114491239351
1.000047488201983
0.9999826320484793
1.0001291173376519
1.0001146613877239
1.000122512495553
1.000126649158576
1.000376899529501
1.0005694068921
1.0000672252506788
1.0017901823875142
1.0004157313776152
1.0010426760840387
1.00012402777625
1.0002729455831068
1.0005697591811418
0.9999711290764374
0.9999731315124726
0.9999561694221675
1.0002048882402281
1.0042107583943125
1.0002159351401148
1.0000679114883602
1.0001788314524465
0.9998827932401461
1.0005679213053629
1.000126388419767
0.9999117088377505
1.0002948716613316
1.0002037606681533
1.000075032177327
0.9998641264123548
1.0000371813086772
1.0001362648765666
0.9999560765228834
0.9999554750897119
1.0001273196345728
1.000928382970902
0.9999187719201461
1.0006821002629187
0.9999384797535361
0.9999625939895664
1.0004509925489642
1.0001934263579932
1.0001164859308616
1.0000070226938775
1.0000444717419357
1.000385879230045
1.0002184676258314
1.00017338503913
1.0005056061980453
0.564882642811279
1.0001255548920414
0.99995537858426
1.0004931474422023
1.0001854098499983
1.0002089030733972
1.000512455438243
1.0001609388390351
1.0001144247354137
1.000078160487743
1.0001825303599106
1.0001024350511225
1.0000698863758775
1.0002889831865496
1.000005425267868
1.0002120056349075
1.0002404700173722
1.0003629483053678
0.9999889687763962
1.00011759995153
1.0000435725880197
0.9999936660064415
1.0003058923797215
1.0006844205776746
1.0003204996484405
1.0001819271593422
1.0006681323259659
0.9999904597425773
1.0000828384228229
1.0210288725991215
1.000924130066228
0.9999529991993027
0.9999579278418621
1.0000203851987208
0.9999721983299409
1.0014223734826628
1.000306455256075
1.0008491507427115
1.0002352569145365
1.00020347502141
1.0006206175438908
1.0001150805863954
1.0000539440902134
1.0006756972321988
1.0003931778012316
0.9999493481076502
1.0000789839303201
1.0000234244021295
0.9999691807777102
1.000144764690949
0.9999724593583383
1.0001781509531582
1.001008160324623
1.0004632957386816
1.000185434879714
1.0002264438600184
1.0002369496427592
0.9999021371895694
1.0001335595556404
0.9999425290889806
1.0002498754326512
1.0000602624169521
1.000101599423767
1.0000432297485626
1.0007728402931044
0.9999208503863034
0.9998251686532699
1.0000458092678224
1.0004146043850872
1.000443327266554
0.9996433131480399
1.0000669471066181
1.0008454408506315
1.0003265315696477
1.0007662728432833
1.0000117420022134
0.9999727067618489
1.0001574189145186
1.0043004414180938
1.0000644266632794
1.0001315533983204
1.0001521287100748
1.0000442584887266
1.0003479980498575
0.9999992157132312
1.0002468780584355
0.999950251392354
1.0001580900203464
1.0000206428213925
1.000026263658469
0.9999554277758705
1.0003194419957933
1.0000563532247844
1.0000276761353915
0.9995187290890006
1.0002075080382755
1.0000715963771925
1.0002515602847981
1.0002701632679554
1.0002317873993447
1.000044572982972
1.000044410537062
1.0007717246273016
1.0002110925540741
1.0001693798093463
1.0002307628552338
1.000804802855534
0.9996486281364341
0.9999930225157122
1.000257030028554
0.9999625348784522
0.9999311052802395
1.000366695224086
1.0051236527855403
0.9999640432491477
1.000793287666118
1.000391405668282
0.9999437426115505
1.000207311128365
1.0001918101122542
1.0003541255645112
1.000258260717397
1.0004116272991455
1.0001911596347048
1.0000693110741157
1.0001620335240715
1.000033474592464
1.0003018267638157
1.0006692158297081
1.0003755504335503
1.0001566282228844
1.0003376667452668
1.0000608217514488
1.000306887474675
1.0005459686880314
1.0004494327097018
0.9999780741274541
0.9998412737188331
1.0000164069978925
1.0000126074166185
1.0000502101465558
1.0006547736786238
1.000306367181481
0.9999886296823917
1.0006462558684086
1.0001592220831423
1.0000906626268824
0.9999728545753381
1.0003234412302249
0.9999226353856359
0.9998430618667832
1.000252888761544
1.0002602631269562
1.0000263858475595
1.0007122374564412
0.9999384621255146
1.0001838701401558
0.9999379032275368
1.0001422793693193
1.0003693005773084
1.0005247276960452
1.0000399918533653
1.0001552051337623
1.0005337127192055
1.0000757660150141
1.0000971487730703
1.0001060340466235
0.9999606231565278
0.977859615997718
1.0000732184199994
1.000046128674812
1.0001167807711229
1.0002217193448673
1.0000081226137498
1.0022810166126193
1.0152163163917132
1.0024899866650097
1.0002455103351986
0.9999625648671635
1.000121926087424
0.9998356461218533
1.0001936018009505
1.0000162323523039
1.0003436066106763
1.0009044054837744
1.0005693019100637
0.9999614149645916
1.0044872877188564
1.0001679575356206
0.9999168353703869
0.9999972231110231
1.0004303703386561
1.000194030928353
1.0000313583278635
0.9993764556056339
0.9999236187663535
0.9999247993369128
1.0001418535986366
1.0004227884771164
1.0000907598645905
1.0003803609140218
1.0003395742971162
1.0002463818645495
0.9999436361879793
1.001537741992751
1.0001078250806694
0.9999446056338773
1.0010681494711515
1.0000877026797244
1.0000918192985
1.0012197407500998
1.000033550365701
1.0001702426434451
1.0001004171864827
1.0011243728863235
1.0003108918783805
1.0171884283060841
1.0000629035785853
0.9999919148853929
1.000066619369935
1.000412068487964
1.001009968578927
0.9999606553046857
0.9999494546671396
1.0000391104061328
1.0000303421532624
0.9997448199707681
1.0001828235475554
1.0001190942364366
1.0001819768474551
1.0003461948761694
0.9999989471536165
1.0000516607964836
1.008647565017625
1.0034616585115486
1.0001302046334222
0.9999925763100759
1.0003191429016138
1.0003300926836611
0.9999241745249339
1.000215642605604
1.0002504275230153
1.0001997555560456
1.0000742603389994
1.0001707745087351
1.0000378022243392
0.6975381253436402
1.0001393543234467
0.9999679737195997
1.0001197410755953
1.0007618111698802
1.0000826487763776
1.0001179168334562
1.0000179346187428
1.000347997423626
1.000196825216203
1.0001645505143046
1.0002260970235655
1.0003228048437836
1.00006189810541
1.0000932273432404
1.0004695054268842
1.0000650223166332
1.000453663652697
0.9995661915632728
1.000022280496938
1.0007394163099228
1.0000862048740153
1.0002455887328927
1.0002227796550371
1.00006644281656
1.0003863887678055
1.0003342575457126
1.0000792019937685
1.0002830234364832
1.0048355065515866
1.0000564036888187
1.0003741065878102
0.9997892906059384
0.9998966019449469
1.0000390250802573
1.0001020902273656
1.0000043647153696
1.0001289356169607
1.0001262141593903
0.9998826272968696
1.0002811797772977
1.0002713000096004
1.0006177775189697
1.0007720902651411
1.0010931564023837
1.0001217058211154
1.0051596374442078
1.000011325653901
1.0001679020283536
1.0015154812942686
1.0002297419709802
0.9999636840714408
1.0001295839653643
0.9998932474747956
0.9998898423071352
1.0002497565602102
1.0021876373035299
1.00019389532918
1.0006083649961215
0.9718117815968375
0.9999577026085226
1.0002303320678243
1.0006942842312192
0.9999646639735046
1.000236296155851
1.0003502892104952
1.0001380671949474
0.9999553107323124
1.00023227586473
1.000231567928604
1.0015756042760884
1.0002656684150226
0.9999394479224918
1.0002719836114513
0.9998841308762184
1.0000303252071467
1.0001048636143632
1.0058905908456888
1.0001807545663983
1.0002344987907688
0.9999107498156481
1.0002112212480863
1.0006691190248107
1.0003934204273062
0.999943372689863
1.0002959857448086
1.000100897484926
1.0002346231003583
1.000254094262677
1.0002370733010875
0.9999474866990805
1.0001902379945469
1.0003240030419565
1.000245542717531
1.0002975244431132
1.0000378361762485
1.0001031120013009
1.000148502093206
0.9999398673886372
1.0119942647842117
0.9999532972153189
0.9999040261314107
0.999936405277449
1.000587886785634
1.0001009680431694
0.9999174479090431
1.0013886820003195
1.0000224347663276
1.0001878164983
1.0000479582026305
1.0007157348405484
1.0020884403831782
1.0002419317889666
1.0004728443646835
1.0004425221283624
1.0000482109651128
0.9997466214562676
1.000154276382092
1.0003055481735685
1.0002087522304202
0.999982633223559
1.0004056980467773
1.0001719426616082
1.000421463953902
1.0000326923563383
1.0008826730673712
1.0003259508179767
1.0002091979915924
1.0002002509676537
0.9997563532729433
1.0001855945267155
1.000761008639029
1.0002529699300833
0.9999196323883409
1.000324441028923
1.0002027922658496
0.9999704696324765
1.0000357464903629
1.000233432998844
1.0001059678214252
1.0015250479200275
1.000230856312459
1.000052336811805
1.0003247925866434
1.0000723015995254
0.9999935489498467
0.9981048087228909
1.0001984038483163
0.9999939549983751
1.0001206193898877
1.0003039454491043
1.0000493047331152
0.999957773492044
1.0000203733724893
1.0000332611261114
1.000191751251738
1.0001789983638358
1.0000775872042935
1.000107651654224
1.000154048235309
1.0008009516297665
1.0002735712822146
1.000063172446329
1.0002073978035209
1.0001974842089418
1.0000417989280224
0.9997320449676864
1.0001121763792884
0.9999960778355923
1.0001489271341701
1.0000253184682375
1.000152238490291
1.0014342661922206
1.0001876964820464
0.9998986048625258
1.0005404089585805
1.0001841760297858
1.000143853116539
0.99957891947842
1.0005328327847345
1.0019521900403623
1.0005341945953345
1.0006875038705698
1.0001853029040024
1.0000699215246034
1.0009073747835449
0.9999250855444851
1.0000261860418986
0.9999699557071804
1.0002221665570552
1.0002394332580724
1.0003455430303092
0.9999437572948118
1.0002225021949185
1.0004456693047867
1.0000792807011771
1.0004027368812525
1.0000803302671877
1.0002925246394603
1.000203254835592
0.9999718853584191
1.000012855452159
1.0020549133858352
0.9999556931719309
1.0002721329080289
1.0000177695267074
0.9999881484684454
0.9999465820695074
1.0018074471754728
1.00025678701071
1.0003308810191722
1.0000029685520573
1.0002037395137522
0.9999739158780254
1.0003640765785566
0.9999905428652958
0.8443826157923299
0.9998789805353568
1.0011407361647087
1.0003359724252248
1.0039817179056323
1.000157619164317
0.9999489959250192
1.0001852335590273
1.000023611640302
1.0005016702804652
1.0002137578832235
1.0000334658168486
1.002856630993054
1.0004379987470335
0.9999504765217149
1.0001977598151726
1.0000794923501164
1.000263520197796
0.9999804740486777
0.9999682081919293
1.0001714862417872
1.0000722957613968
1.0007896532681777
1.0001391168857645
1.0006109529266265
1.000046810702477
1.0002325903589109
1.0005776328756537
1.0003265299939914
1.0001369350299556
1.0001902409761376
1.0000269506299209
0.9998777666412029
1.000180940831107
1.0000237702176134
1.0000009543006885
1.000179211582125
0.9999651421059044
1.0001125188242301
1.000104006849188
1.0003760404504025
1.000010233112582
0.9999663607095477
1.0000735252604904
1.0003054175355044
1.0002219194313255
1.0000452434434917
1.000105938042475
1.000228448291421
0.9999712891328456
1.0001876400101888
1.0000925424246716
1.000035601168665
1.0009026666782896
1.000045990541347
1.0021460220917742
1.0000973703948148
0.9999797706154823
0.9999776369357364
1.002095323676435
1.0000502052471392
1.0000487683134325
0.9999251763419867
1.000185835870749
1.0004332469948278
0.999981527637695
1.0018492288756164
1.0002329596292172
1.000231951987591
0.9999366883755388
1.0001006124631868
1.000080867163607
1.0009276045700746
1.0009896914536371
1.0000478363733865
0.9999692955653392
1.0103201014066452
1.000152842431921
1.0002394363217293
0.999574009561751
1.0000766814070694
0.9999092675162992
1.0001717989581582
1.0000262829520818
1.0058352321671065
0.9999307046946703
1.000127403318168
1.0000583218765942
1.0001815660274609
1.0013033833186877
1.000038545620856
1.0002163511135869
1.000045427029594
1.0000851970058007
1.0000854366500234
1.000296831348478
1.000138904845176
1.0002301316845246
0.9999866545297476
1.0000219185186636
1.0012701472325125
0.9999744776396553
0.9999381574929767
1.0004444570872957
0.9997827658157432
1.0001108841730344
1.0004527297692272
1.0003469150530098
0.999965976052917
1.000373281391406
1.000215799454372
1.00000511358358
1.0003002797300635
1.0000640957104174
1.0007152845014158
1.0000553051310122
1.000016264665877
1.0001340623569255
1.0000395426711328
0.9994607946885784
1.0001917612272035
1.000261407968884
1.0021200085455861
1.0001892986644383
1.0004420470079718
1.000691729620726
1.0000631934479447
0.9999546409420927
1.0005339078540147
1.001117626934017
1.0004302297597916
1.0001512536123291
1.0004812639180627
1.0001283364276727
1.0000005255134339
1.0000819811046713
1.0000122259629916
1.0081490710649854
1.0005376638738908
1.0001566593365092
1.000006313473708
0.9999867986628815
1.0002606989339573
0.9996302097857928
1.0000402972090023
1.0000529668121414
1.000282569022532
1.000329314130759
1.0001004680435892
1.0001837060127525
0.9999640329898293
1.0020298062004802
1.0000757175706265
1.0000294587398908
1.000336507722389
1.00125697814788
1.000052839413442
1.0002414951441214
1.0001042256479615
0.9999421580844166
1.0015582191252321
1.0000026809997895
0.9999952406586807
1.0004170566034098
1.0000025759263786
1.0016189108303004
1.001408428724077
1.0000552566547456
1.0004883905493442
1.000283233925658
1.0001561275179969
1.0007838080343325
1.0004692552954957
1.0001555594352107
1.000489805575257
1.003612923787549
0.9999263669566166
1.0015696890243067
0.9999747994144146
1.0045404507084696
1.0011544470311902
1.0001901989867663
0.9999689721957244
1.0000510830214016
1.0001171408803828
1.0002913844358057
0.9994794364738891
1.0000310008688666
1.0000046697577276
1.0002017936041099
0.9999851008567093
0.999938889167045
1.0003645023195165
0.9999094305990017
1.0000104169023412
1.0006912458041428
1.0002114656369283
1.004318940494618
0.9999302267727348
1.0000151585930042
1.0002222828104732
1.0003746327490852
0.9999375610560572
1.0005850873267697
0.9999539011802345
0.999796561947492
1.0000208007515345
1.0002138395511107
1.0006515954475041
0.9998926064357964
0.9999736820480783
0.9999580388317679
1.0004443157873706
1.0003221633012775
1.0003308854645654
1.0001239254996408
1.0004552381518534
1.0003266241858197
1.0008334395123062
0.9999689299217981
1.0002981141898635
1.0001335605166175
0.9999833610734931
1.0003180352464138
1.000110449270958
1.0001308007862637
1.0001169626360022
1.000110035424767
1.0000991282622362
1.000193193998241
1.0002497863564352
1.0002300425592199
1.0041092816134454
0.9999370046904564
1.0072015131901553
1.0000838518372759
0.9999516919205761
1.0004158688875293
1.0001235640377566
1.000407185924838
1.000450604145607
1.0006900774398275
1.0001779288397907
1.0004425712517981
1.0000038199910994
1.0000931762146248
1.0001124949603863
1.000207997635199
1.0001651821001785
0.9999349929007791
1.0001794115473766
1.0005359988865863
1.000367980250127
1.0000663133154086
1.0006572042331066
1.0002549490374442
1.0000644107460506
0.9999410439696712
1.0000811596086874
0.9999706053504646
0.9999398790787116
1.0001355814289903
1.000052282295983
0.998035089480132
0.9997198733477437
1.0000129490779004
0.999963317777127
1.0014264180500814
1.000006923705778
1.0000559141403562
1.000012694496737
1.0000246254546228
1.0037885104383968
1.0001171583982607
1.000049428189168
1.0000297482945104
1.0020418645757267
1.0001785419295675
1.0000173240352286
1.0002614063744677
1.0000826855587475
1.0000869577494036
1.0000477640984569
1.0022042243820037
1.0000461191402725
1.0000207845057902
1.000143291252812
1.0002836137478703
1.000048149142799
1.000090167013717
1.0000213632545014
1.0003460580889143
1.0001126633319497
1.0001667259364015
1.0000905521104018
1.0003901939231208
1.0001097617847712
1.0002565837504496
1.0003360330232076
1.0004754829052247
1.000221611993963
1.0000773960633125
1.00007000070374
1.0001951007893306
1.000283151016816
1.0029725646016168
1.0000412193816404
1.000040220916739
0.999965701525986
1.0002210881994045
1.0010379437352144
1.0002004163787188
1.000143904142279
1.0007513157913086
1.0012131235241315
1.0000882817142676
1.0000865028108283
0.999971888105886
0.9999921527310925
1.0006698095378652
1.0000687573128668
0.9998723663161708
1.0000857966068801
1.000103868794963
1.0016987143645237
1.0000521380353546
0.9999707018048849
1.0001617889972003
1.0026199506760134
1.001748398983352
1.0013787673078705
1.0000880617541075
0.9999687978142261
1.0001148571475538
1.0004880675918266
1.0001067978195677
1.0000132230754204
1.0000833907249649
1.0000371486785975
0.9999557765463369
1.000038768527635
1.000049642644884
1.0001514942465588
1.0000162349415826
1.0007264532031426
1.0005581693457786
1.0006483749131883
1.000245308202894
1.000267770682603
1.0000724999667963
0.9999673784513786
0.9991034321171223
1.0003815314451991
1.000005077981644
1.000067002938948
1.0004710617295405
0.9993755664794989
1.0005548401841047
1.0003393527704774
1.0000636962077116
1.0027293251972795
1.0002753821549268
1.00076881314297
1.0000197952541934
1.0000517905202488
1.0001752212151096
1.0000351598037858
0.9999682202090812
1.000129132117524
1.0001102161985729
1.0001468520577772
1.0001775152328625
1.0004521432177058
0.9999980676751875
1.000189864728395
1.0003322903825658
1.0003284670746022
0.9999631121932396
1.0003903754042565
1.0001474152340404
1.000055936267472
1.0005334726937472
1.0043638977930824
1.000137724881891
1.0004031861594191
0.9999037729134631
1.0000266258850545
1.0000827652562108
1.0000221913616671
1.0002290187983163
1.0002234092501368
0.9998698810197164
1.0019181760257598
1.000180772741253
1.0001453861234826
1.0001220199209884
0.999942862608043
0.9995035250180198
1.0006254179690346
1.0002795294592115
1.0000750982975544
1.0003592231760334
1.000035688889447
1.0008126472082082
1.0003817455069588
1.000090438348413
0.9999398826977282
1.0002541829026057
1.0001178062981684
1.0002923368476013
1.0009192609260078
1.0000545587671812
1.0036497013243868
1.000454525983953
0.9999867228071203
1.0000839733175904
0.9999738916015476
1.0000107640197566
1.0000464343451483
0.9999309416357303
0.6929498321201394
1.0018214071656215
1.0004796340451125
1.0015990943602917
1.0001105373997032
1.0002444843294482
1.0002386025314518
1.0001197646211897
1.0000879230851047
0.9516931243259648
1.00003127776271
1.0002761718650168
1.0000306089315756
1.0000697486854528
1.0005792130489177
1.0001681623369973
1.000023918579961
0.9999355277702536
0.999939736439787
1.00021503797802
1.0004608674815507
1.0000194790788322
1.0000352640826673
0.9999845450963649
1.0003572776714569
1.000211420626138
1.0004526911794318
1.00008455430177
1.0000289057663518
1.000319142114069
0.9999146327843379
0.9999702581668628
1.000161098220149
0.999968822081134
1.0000324282741018
1.0030284460040784
1.0000361640149145
1.0004974754163511
1.000518278094033
1.0006624611382435
0.9999495137832022
1.0002268583840794
0.9999773249997879
1.0002012405906604
1.000143793456344
1.0002330864636764
1.0009037512388006
1.0003149642499478
0.9999667596070586
1.0003792437084684
1.0002580807524117
1.0004383834245552
1.0001066423081224
1.000088509401894
0.9998036546727725
1.0087375733197912
1.0000923422535744
0.9999991334258175
1.000685489181248
1.0002775165265485
1.0000298053801444
1.003667203251876
1.0002266599433633
1.000394237289133
0.9999210673219348
1.0005288528995109
1.0016164585974832
1.000771336954423
1.000053718984409
1.00026292432917
1.000661507244295
1.00030539512637
1.0003792302018824
1.0000924892243328
1.000258085935092
1.0002716909620668
1.000133038401155
1.0002365643502198
1.000095447745194
1.000336551262174
1.0006087752829176
0.9999673680043446
1.0002743414184163
0.9999685299187363
0.9999548696539016
1.000747541489208
0.7647701783223384
1.0002555899759065
0.999969932904107
1.000608837229734
1.0001674460251169
1.000596202490658
1.0001291096259641
1.0000061523608812
1.0000434421376327
1.0008185876834312
1.0000529580148065
1.0004345878265692
1.0002825219936216
1.0000470503806163
1.0003759688866296
1.0000134536819765
1.0000032091554738
0.9999834812556201
0.9999492726469024
1.0001296859901536
1.0002189489775195
1.0001169887414016
1.0004217984963053
1.000041280054883
0.9992378989019985
1.0001375731961062
1.0000471310034078
1.0001342299632408
0.9999849943306665
0.999958141261869
1.0003443309615574
1.0008149664800559
1.0002391398535315
1.0004596634482663
0.9999968649388087
0.9999703771904621
1.000125100422573
1.0002416760466375
1.000017788222492
1.0002589588993565
1.0002268249842285
1.000249507937829
1.000037507291488
0.8934318674244546
0.9999931176207116
1.0000092097423863
0.9999237002736833
1.0002044709953346
1.0001942733513371
1.0003771225281772
1.0004729142517004
0.9999690866215041
0.9999989968949687
0.9999420820590683
1.0000151096938643
1.0004187829675535
1.0005042793327659
1.0000420159162484
0.9999993374724344
0.9998611275927722
1.0000278387835335
1.000005432091021
1.0002989070833823
1.002032848992036
1.0003206544305072
1.000563204311449
1.0000509121496444
0.999892192546534
0.9998242706834636
1.0000200496904401
1.0000695211721315
0.9994848043713365
1.0001560936695033
0.9999491463651764
1.0028458182675872
1.0002837459350014
1.0002426628114147
1.00069719874431
1.0021471158564002
0.6727562947475645
1.0001128874985015
1.0001858480991561
0.9999759130656963
1.000200913491538
1.0001587223123176
1.0000127488927006
1.0002461376204677
1.0024682909006575
0.9997758809327472
1.000179504888994
1.000202272426143
1.0001594483171816
1.0001208174615674
1.0018985463708876
0.999944408221038
1.0000051765291358
1.0002684276529437
1.0000529638469522
1.0003263468717427
1.0001243355908151
0.9281063294243515
1.0002689204891033
1.000167817871694
1.0012703358351822
1.0001529990946476
1.0000944296736063
1.0000811658414663
1.0002064788387142
1.0004110443385887
1.0003896046513256
0.9999647142911181
1.000072194647587
1.0000327422852389
1.000103280749534
1.0001963891530439
1.0007546236906446
1.0000580961266077
1.00004922859171
1.0002955537767806
1.0002317915395176
0.9999633464957812
0.9999414654939933
0.999965542275091
1.000087644137832
1.0000840191700684
1.0002050159746962
1.0002877851196363
0.9999383901867539
1.0003870402823614
1.0002930053012284
1.000450089506978
1.001187221394458
1.000332383788962
1.0002031062838785
1.000173169392246
1.0001280730089053
1.0001814893964451
0.9999921016940924
1.0001050494851145
1.0000221580841173
1.0000797110626731
1.000022108039099
1.0031504114386727
0.9999356665470467
1.000175852562481
0.9999428511516798
1.0000366152746882
1.0003972943758264
1.0002263839713452
0.9999083402945579
0.9999981762443567
1.0005492275859942
1.000226264353357
1.0003056183705716
0.9999635332713486
1.0000750413478787
1.000033637706468
1.0000483047714483
1.000125753285323
1.0001888597024227
1.0002364662079608
1.001408967346671
1.000190835368828
1.000036527904058
0.9999679279626889
1.0002391506586996
1.0033021572627405
1.0000196682140736
0.9999539471290335
1.0000720538833316
0.9999727784361171
1.0007476188953135
1.0000950468775172
1.0000565702396422
1.0000223236865216
1.0002423538988805
0.9999113311011174
1.000286136941659
1.0016890850263047
1.0004246141964357
1.000024877045422
0.9999964476298746
1.000209792539734
1.0002177439704782
0.9999887397750484
1.0000125296281466
1.001318807808456
1.0005694346907406
1.000022151735613
1.0002534001216454
1.0001283008297155
1.0000470563927455
1.00080831342625
1.0001898061673387
1.0000650516065448
0.9999114224721569
1.0002465165386567
1.0002146045463443
1.0001354260049633
1.000447209460916
1.0004922478270561
1.0003525699884053
1.0000203781456105
0.9995676992551911
1.0002399223798089
1.0000832627918919
0.9999465332370051
1.0000428458918977
1.0000904824626196
1.0001627259620904
0.9999568431860153
0.9999400263320362
1.0000328225626465
1.0031965747730498
1.0001040667729335
0.999943318801332
1.0001082125856837
1.0005483354542688
1.0001277672761557
1.0000889117884306
1.0009733146861222
1.0000512818622858
1.0001905827837188
1.0001877080546655
1.0000799274624323
0.9999852749711104
0.9999219339781112
1.0003771633752379
1.0055965102212028
1.0002826969573546
1.0002591271998746
1.0000578131413094
1.000217094872974
0.6310173369731837
1.0001214411647843
1.0002305478473696
0.9999798253867481
1.000292206541408
1.0006261018191467
1.0001065654746495
1.0007465974896443
0.9995438346959103
1.0001171690166522
1.0000259278034695
1.000454438507514
1.000170803515505
1.000112937187386
1.000574544131047
1.0004045998004645
1.0000767483590622
1.0011264734849354
1.000716641240737
1.000122163677029
1.0002543626661629
1.0001399730820353
1.0000495334038382
1.0001266208947925
1.000116055908132
1.0001648884589895
1.0001141692488225
1.0000366525199065
0.9999456902341672
1.0000181021155037
1.0002672357458005
1.0001319717411679
1.0004859820558
1.004805304087143
1.000074807434455
1.0003174209820063
1.0001708229202393
1.000810858732937
0.9999813512446379
0.9999441905826009
1.0000981054474856
1.0001248316059965
1.0006778070482287
1.000033906280255
1.0002789449668594
1.0000810495323178
0.9999832489279594
1.0001569191448012
0.9999995664389487
1.0005766151065578
1.0003242035416122
1.0001400610980493
1.000250517806739
1.0000390996735007
1.0001358010348087
1.000342427573778
1.000181920730027
1.000030196439325
1.00046944328195
1.0002535081754809
1.0000354788633086
1.000042928164759
1.0000703065279404
1.0010793676045329
0.9999708820340429
1.0000040438696056
1.0002384064278886
1.0010639487745647
1.0001815739688509
1.0017138777546724
1.0000081120224718
1.0028042462372675
1.000684975467237
1.0000652522042879
1.000327332358472
1.0024169271995678
0.999991609380309
1.0000388656480883
1.0023319445818126
1.000098529039698
1.0000920002146512
1.0002466984358052
1.0000126219172862
1.0001533433019665
1.000104490642744
1.0003052827814412
1.0001854848244802
1.0000638925945164
1.000087683508742
1.0002616985275392
1.0002841897337367
1.0011112098585895
1.000020181225709
1.000936275243293
1.0006519532545148
1.0001086534593302
1.0001129994330706
0.9999775862132237
1.000122044883201
1.0001105960330017
1.000160783388789
1.0001476886830993
1.0002966030001113
0.9999528907473475
1.0002751054146868
0.9999797783832548
0.9999817427830158
1.0003125703605098
1.0000736566668444
1.00008015290779
1.0000604520678007
1.0047872579334007
1.000283645071035
1.0000754146000568
1.0005400142202079
0.9999438339240145
1.0000145868069448
1.0002495520675072
1.0005926776938325
1.0002044019984249
1.0003850823439915
0.9998186226245447
1.0001631549674685
0.9999830870415818
1.0000046339621342
1.0003318518252917
1.0001537503616695
0.9999906560715375
1.0000304809621707
1.00037648558146
1.0008519172331993
0.999976669733237
1.0005140490540458
1.000101970149116
1.00035773173643
1.0005591808538172
1.0000252810033132
0.9999836389350755
1.0002455434091622
0.999940342270857
0.9999585013754299
1.000053930634349
1.000040087359686
1.0011412984469241
0.9999454282363431
1.00204876048207
1.0004722741548238
1.0026955360482575
1.0000279613662328
1.0010332836261793
1.0000084337796615
1.0001221480230291
1.0000810892008112
1.000000421202705
1.0002101998527109
1.0000364133811304
1.0012244569629212
1.0003509471442178
1.0014815391771639
0.9999765621796911
1.0000118374718332
1.0002382630183535
1.0001382369809189
1.0002597984855934
1.0000778866934004
1.0004388490752485
1.0009241211594615
0.9999363219953746
0.9999395628171142
1.0003163228872203
1.0019525638719944
1.000176769155698
1.0000150769829257
1.0000512891657232
1.0000791238259115
1.0001079575668048
1.000509481310266
0.9999796710773166
1.0016359924916856
1.0025223818924387
1.000189835962033
1.000006136630678
1.0036292442811714
0.9999807504516612
1.0012991234258914
1.0000260669580574
1.0011708397412928
1.000023896990164
0.9999967451155737
1.0003392789399532
1.0000654961599342
1.0002737254317988
1.0000553549816082
1.0003813185448616
1.000090035511139
1.0004969759381748
1.000119011224596
1.0001355447250824
1.0001531201108314
1.0003251377104294
1.0006263616895212
1.0002893803512694
1.002619180212403
1.0003048860360408
1.0001582412263323
1.0005727611609103
1.0001329970557702
0.999976321553219
1.0000928632786774
1.0001831022859102
1.000401613280678
0.9999511164977648
1.0002014605847658
1.0004140196292726
0.9999414371935497
0.9999821023698262
0.9999872263280135
1.000155684426478
1.0009406100596088
1.0000209108714488
1.0006749833861173
0.9999367088500446
0.9990663510383727
1.0003809813303488
1.000101466770745
1.0000813886573083
1.0000690021685583
1.0001369885760143
1.0117462601191616
1.0001411989797673
1.000570356067568
0.9999868595330932
1.0000008339433595
1.0002464899828443
1.0003671575612114
1.000064365946209
1.0009127879348496
1.0128964785866479
1.0000067838201214
1.00073516019656
0.9999932656542919
1.0007553159196287
1.000005268460261
1.000162835796679
1.0003741003042987
0.9998914245948898
1.0000538043301779
1.0001315310003096
1.0004294408619374
1.0000609109270124
1.0007900258274276
0.999924775786333
1.0006023456503794
1.0002440881838377
1.0000732447683023
1.000338959452649
1.0003103724232334
0.9999461483086973
0.9999996517433475
1.0002385611981883
0.9999467953606217
1.0000951485561704
1.000419977075954
1.000052690907302
1.0000702893341982
0.9999785920356591
1.0003737129535715
0.9999970636466536
1.000428616992599
1.0004843022234124
1.0006714208752423
1.000388222883653
1.000012491185792
1.000171053750325
0.9999384925144994
1.0003702066794162
1.0004082205933282
0.9999521822473344
1.0000593120745878
0.9999313125769981
0.9999520728541316
1.0001218049897398
1.000326517156889
0.9996183061757515
0.9999987418374146
1.0002027628136647
1.0000651848581108
1.000149948310972
0.999986164805429
1.0006121313373715
1.0002095002874454
1.0012935287023257
1.0002628862673961
1.0008281980804723
0.999994972794649
1.0001448499669217
1.0001137256261456
1.0003833787507168
1.0002515275229413
1.0000303260731251
1.0000169885347527
1.000294420776649
1.0003216917160154
1.0001191461515688
1.0009098066951134
1.0005710236983314
1.0000433651497205
0.9999554824478369
0.9999657954366661
1.0002047293202605
1.0003866221105566
0.9990514761499587
0.9999125403449871
1.0001050280371206
1.0022729687125833
1.0001914806092709
1.0000083186199842
1.000029764085773
1.0002020365760103
1.0061243021717694
1.0000260547562498
1.00372213200402
1.000436505265306
1.0003467427055546
1.0004988131396764
1.0001989576241685
1.0028502335019902
1.0000829702441927
1.0000210172866775
1.0001123223067192
0.99999653644768
1.000780795088665
1.000672340882594
1.0003868356429217
1.00017631239851
1.0000130736282975
1.0001465600457506
1.0025584830117005
1.0001134288704203
1.0001297572823562
1.0004888805790184
1.0019565428300237
1.0001095336190002
1.0007720607688555
1.0005078910054346
1.0001254377884228
1.0011400927663863
1.0005928074616435
0.9999731112508725
1.000106218645618
1.000541837180139
1.0002814837438547
1.0001351246645842
1.0003860691765594
1.000184738509819
1.0006531806976393
1.0001275047940448
1.000087950306968
1.000278102969004
0.9999971438672888
1.000076929486437
0.9999862023571355
0.8537114249123743
1.0000318349287993
1.0007732573773154
1.000053624005493
1.0003422279520742
1.0000195720404335
0.9999634176331063
1.0000520028414563
1.0029232757654967
1.00004875171428
0.9987139678923184
1.0017086174363383
1.0001787357620566
1.0000505003841613
1.0003644886677345
0.9722506713533723
1.0006066410360934
1.00016416061577
1.0000103317494522
1.000130297502402
1.000464184907133
1.0000626658930594
1.000203121951003
0.9994043076243189
1.0001628123577435
0.9994944295204731
1.0001363560864827
1.0012483447045595
1.001010875793309
1.0004333857409708
1.0002023593725657
1.000170942799848
1.009766462533948
0.9999974762290249
1.0002766620892984
1.0000770304540405
1.0000748268067372
1.0000204681743037
1.0001222935317764
1.0001557546888353
0.99991456758506
0.9999708729139568
1.0000377032977592
0.9999638816256826
1.0001183807742378
1.0000612262102675
1.0001410323293447
0.9998770019860067
0.999931480010344
1.000308893065904
0.9999388280455642
1.000101657889764
0.9999768940887321
1.000078546740903
1.0012208024831841
1.0001876761474684
0.9804315985028519
1.0001050782139398
1.0013440055585432
1.000571222604458
1.000065001033998
1.0003582848164252
1.002439614850392
1.0000397360993893
1.0000481899749045
1.0002126696160394
0.9999586543752469
1.0001284645484685
0.9999680416719783
1.000661717131098
0.9999956822399472
0.9999897264020806
1.0002649114601623
1.0005111226129504
0.9995663408161185
1.0001143738846907
1.0002511193920254
1.0000567186190774
1.000198818273548
1.0000723863569416
1.000319735206415
1.0000671032869999
1.0001350562197822
1.0001484142021817
0.9999212992676797
1.000511483910214
1.0004783684490206
1.0001722570776985
1.000138852512473
1.0017306322333404
1.0002506980949866
1.0000908728103481
1.0000287937594026
0.9999849333185911
1.0000207137873818
1.000073460155881
0.9999854512866664
1.000320434163735
1.0000653117837093
0.9999757277341705
1.0000788991804703
1.000026975123843
1.000036490886137
1.0001637634108598
1.0016738495097988
1.0003170726806319
1.0001064722409392
0.9999303182950057
1.0003318109186825
1.0001958488674738
1.0001270989110809
1.0010966091086253
1.0002720971949033
1.0004096478063114
1.0002025165962583
1.0016742818997162
0.9999964945470248
1.0003202544923036
0.9998409454953575
1.0003980020594345
1.0001606878323237
1.000225510293811
1.0002915213198007
0.9999456749152329
1.000146649394876
1.000050357419776
1.0002932956310642
0.9999497717353619
1.0003178346707058
1.000350859319543
1.0002330831971578
0.999951636128869
1.0005942148248452
1.000149055316539
1.0006293639296395
0.9999897806794783
1.000249712395268
1.0006896257446014
1.0000841262356261
0.9998241943743694
1.0008385245845597
1.001078608997733
1.000045273998697
1.0000141050234226
0.9999646710679472
1.0019169696958956
1.0001448754202666
1.0000979991112744
1.000187540018484
1.0001605680494994
0.9999524756347976
1.0002892805922803
1.0002185971981
1.001721886913163
1.0000719905219169
1.000053261463667
1.0004035946751269
1.0009616225340694
1.0001122882951596
0.9999739374940303
0.999995861278731
1.0000340295083054
1.0001039473765785
1.004213089011156
1.000988944669366
1.0000592996766857
1.0000352691470697
1.0005002448316467
1.000099617313237
1.0009334255496283
1.0000763830216393
1.0001080807278933
1.0000111059935004
1.0000902745031268
1.001079871912951
1.0000569459440276
1.0001579190012584
1.0003653761116422
1.0000929599306114
1.0002124458797672
1.0002598212169933
0.9999653730306923
1.0000551935883715
1.0001584917657125
1.0003579762076238
1.0006949019839175
1.0000618862519508
1.0000283299688795
1.0000224099264805
1.000083018771882
1.0010698889470708
1.0001194046343298
1.0001253815701467
1.0001460289346529
1.000255557066387
1.0000229344657716
0.9999552214893173
1.0001200969489004
1.0000672612922823
0.9999112540223235
0.999928900139119
1.000303093559803
1.0004370174290975
1.0001018591915496
1.0000561555450964
1.00022720140253
1.0000555241414655
1.0016460022312472
0.9995857331826894
1.0015778431800482
1.000120390003963
1.0011862422917188
1.0003003829764778
1.0002512985191028
1.0007551103707824
1.0001846904569027
1.0008085961034372
1.000187995365925
0.7492060552324451
1.0004116229950701
1.0002337752486095
1.000095531179671
0.9999647413414068
1.0002431922281432
1.0001064398585249
0.9999997181948861
1.0001893535787403
1.000205168994137
1.0000476892404828
1.0000145921480472
1.000081347266144
1.0001016716117384
0.9874450542817611
1.0001674256518889
1.0000583363262554
0.9999798888375462
1.0002177588750714
1.0007241586988909
0.99983869631862
1.000121399460344
1.0000839254101057
1.0005847243954824
1.0001538961078604
1.000194973594741
1.0000627853237447
1.0000408367037665
1.0001768283420418
1.0004002483926782
1.0000262858488582
1.0000811031322765
1.0004863657214864
1.0003251028904112
1.0001338874446712
0.9999641197351505
1.0003077930539355
1.000689087340691
1.0028009537628024
0.999983063633613
1.0001232551288384
1.0000331795709498
1.0000187008401629
0.9999547856561146
0.9999846630157347
0.9999808745386592
1.0001238074726222
1.000178584108621
1.0001649678687292
0.999845416841252
1.0001696487339902
0.9998715284610032
1.0002221223516452
1.0001365808235683
0.9999029271594936
1.000198875648501
1.0001955051903837
1.0005483203269296
1.0000415648393677
1.0000499858060443
1.0004404549463692
1.0008345404264762
1.0001009966404504
1.0005137443461076
1.000325394632574
1.0004538531765548
0.999942244303597
0.9996192994609415
1.0003664260862857
1.0009681062888798
1.0001934255096148
1.000023278049257
1.0003220981501273
1.0000618908056975
1.0002247383148817
1.0018881199807448
1.0002743785935875
0.9999761453451758
1.000222439727305
1.0000778416836262
1.0003352412360218
0.9999459674770256
1.0001793135864958
1.0001727911661737
1.0002367521055127
1.0002344858094738
1.0003123426891032
1.0000022776226052
1.0000340261124512
1.0001072952441425
1.0002362234078273
1.0001733444648107
1.0004103894283805
1.000158746356287
0.9999437720566565
1.0000659856433853
1.000716106786699
1.000358182255231
1.0001064934865511
0.9999329496441224
0.9999572693907278
1.0001725240585146
1.0031162318799505
1.000035329116387
1.0002522352163188
1.0002850646722694
1.0002079118860392
0.9998337229069765
1.0004188413606874
0.9999615456932797
1.0001350601707804
1.0000466496771223
1.0001833564210756
0.999949234976464
1.0000393406629435
1.0008849481225923
1.0003610467308206
1.0030162590654548
1.0000521761354082
1.000139384195388
1.0072521680933249
1.0000536517089937
1.0000952646564645
1.0003586509442124
1.0001206955105644
1.000894944611101
1.000079108479027
1.0000458277995814
0.9999791041730537
0.9999656104821257
1.0002797297932844
1.0000397292499021
1.000128261496717
1.000221556511196
0.9999984267385951
1.000207864360823
1.0001993117197832
0.9999518141115148
1.0004410075266845
0.9999588062750433
0.9999943086326504
1.0000557843240554
1.000065339237998
1.0000419904667188
1.0002154085362145
1.000541481021712
1.0000747740454143
1.0019590235692817
1.0001884231467368
0.999712238706671
1.0000327383768026
1.0001192198718634
1.0000947978390817
1.0008059161760376
1.0003040873064284
1.0003170634320788
1.0001105676370732
1.0001483382150094
0.9999657722303062
1.0002569615886556
1.0001993719587
1.0003508521473101
1.0004939266838708
1.0002792248721013
1.0002581257288174
1.0006223993849408
1.000154103347539
1.0001603697894332
1.0001555492707797
1.0005330661137914
0.99987193571016
0.999653269062798
1.001203635331633
0.999960993867773
1.0002669379424225
1.000061868769892
0.9999535850207462
1.0001913252030947
0.9999740201088417
1.0004118134833782
1.0008402783315982
1.002000854721904
1.0000526022880472
1.0000176319467025
0.9999818073989555
1.000043225706893
1.0001106668626836
1.0008034239898211
1.000079670305476
1.0002800984974927
1.0004659454955225
1.0010319684984603
1.0001279654227666
1.000022783141059
0.9995818178356758
1.003059418009852
0.9993573471364499
1.0002544427435311
1.0004773608325672
1.0000460795953348
1.000244547623237
1.0004491308856893
0.9998739157024651
1.0012977519000987
0.9999773932855314
1.0005382212588827
0.9996822964864369
1.001148923886927
1.0003930235160436
1.000647653941107
1.000624401527653
1.0000763106137025
1.0009321578475632
1.0001625795594413
1.0003767578085263
1.009699556583222
1.0001634526187362
1.0002422562814262
1.0001813254847258
1.000017432819802
1.0004595958451084
1.0000890721737827
1.0002479994089872
1.0008928724590112
0.9999398730257418
1.0000120876337844
0.9999877394812634
1.0005212521616325
1.0004872397254927
0.852008878133728
1.0002154342062515
1.0002895234677844
0.9999513749941397
1.001053645616464
1.0001842302605122
1.0004718077756767
1.0007682808632072
1.0003375423365728
1.0000064087229001
1.0002062769661253
1.000010230228743
1.0000346911252511
1.0002572927509148
1.000142901509219
0.9999790394737877
1.0000991556827183
1.0003257059975632
1.000237478835201
1.000035561453047
1.0003509310575365
1.0000588297988373
1.0002197579425844
1.000130478786743
1.0003739094325532
1.0002361680541663
1.0008040449526245
1.0001387752706188
0.9999177299790284
1.0030827452363522
1.0000783839575484
1.000195031446316
0.9999587617848246
1.0000610786553266
1.0055301870384175
1.000148054367107
1.0001026713351153
1.0003191815631647
1.0002617643172687
1.0000483023548203
1.0005916207517729
1.0005362744811748
0.9999648173074162
1.0002452647312587
0.9989136488694869
1.0001477832748633
0.999984855286656
1.0000238793095924
1.000748897955575
0.9999516591263036
0.9999445712899534
1.0003063356100337
0.9999695590323648
1.0015541527455925
0.9999638997739453
1.0000948741215108
1.0000087175190877
1.0011902366782914
1.0001784024490812
1.0004837422289217
1.000519438313231
1.0000549171790791
1.0000220268812745
0.9562341545957802
1.0001354361964157
1.0001705065706732
1.0011129143124655
1.0038704084133896
1.000018345116462
1.0000148967406843
1.0000475403182354
1.000069066782349
0.999957446835847
1.0001457656818893
0.9999587713745878
1.0003122789837193
1.0000439321441228
1.000039566194696
0.9999945032819357
1.0003485593929549
1.0002480048890605
1.0001706486350832
0.9999515291988749
1.0005117132229189
1.00020604402223
1.000244944639172
1.0001804757440411
1.0001448276620692
1.0004436244144663
1.000132564260936
1.0000633331242086
1.000086816923759
0.6375814017311421
0.9999196895953638
1.0003367397800507
1.0003183097582082
1.0002061606718482
1.0008861864864609
1.00005363963754
1.0002235905531869
1.0001321895213968
0.9999596050022764
1.0002549488464154
0.9997624486285874
1.000434208127226
1.0002222006074086
1.0000834764359159
1.0001586656510522
1.0000661140668619
1.0001506997776213
1.000151892044203
1.0002794542757514
1.0000418597887608
1.000040885723798
1.000252475215355
1.0000937495033224
0.9999492092470927
1.0004762608864342
1.000078919159882
1.0016992906471642
1.0000556012853463
1.000063346591702
0.9370924852676016
0.9999622215102493
0.9999466696562036
0.999983910232785
1.0002080437860255
1.0001819518560238
1.000003247556572
0.9999909804585329
1.0004478616515633
1.0000673351492555
0.999961741182045
1.0006507340840092
1.0019421145667933
1.0001030205419907
1.0000525442156165
0.9989024780664003
1.0000307179765182
1.0002032017662208
1.0000073517403314
0.9999504082681537
1.0000870210551651
0.9999930185914981
0.9999422489934905
1.0006555820265424
0.9999864659590075
0.9999619435961803
1.0000321375859882
0.9999471087807371
1.0003967210813107
1.0000689644559653
1.0002896459048176
0.9998802233048583
1.0002228021298383
1.0004588351370927
1.0004343790194308
1.0002008701484484
1.000073842988864
1.0048112339886375
1.0002620737937584
1.0000256627825161
1.000093697047246
0.999620810508496
0.9999784744290242
1.0000890476460986
1.0001944864814987
0.9999920718291528
1.0000529451294915
1.0000779003485778
1.0000084784133716
1.0008862359193602
0.999946321930324
0.9999732314737476
0.9999998800407124
0.9999283937524944
1.0000743535073433
0.9999873957345473
1.0001409617515642
1.0000168424546223
1.0000758865297248
1.0001735092920143
1.0005360742009264
1.0005495387166277
1.0000202052973877
0.9999960527870705
1.0000312554370476
0.9999802902528208
1.0001733203246392
1.0000896643940371
1.0000753579669994
1.0000564307980324
1.0003082534210737
1.0004088321681024
1.0007526167469274
1.0001142070497284
0.9999707140551429
0.9999732284127348
1.0000636153602551
1.0002381394273716
1.0002950480615735
1.0001938389546992
1.0001091352253524
1.0004975983207551
1.0005741764457117
0.9999387273329926
0.999954227311376
1.0000985213586273
1.000408747114607
1.000092798634448
1.0004343333605665
1.0001948379764667
1.000027245936735
1.0002671471979114
0.999975518166032
1.0001212445375922
1.0004347684676305
1.000072600915348
0.9999412784928432
0.999338556355735
1.00050615124164
1.000257972252971
1.0014717079399869
0.9996706642276578
0.9993123407960204
1.0002648589949998
0.999960307224766
1.0001599315050644
1.0002768579640313
1.000080069436166
1.0003385754077534
0.9999137194557419
1.000036156047159
0.9999512955403848
1.003748914791518
1.000034749798644
1.0005753163494167
1.0001325828461778
1.0008841000624729
1.0001564318847562
1.0008305239427355
1.0000794085775828
0.9998870129492241
0.9999974519381299
1.0001567177329596
1.0003043033216636
1.0000395985566328
0.9999803087897229
1.0022408620498002
1.0004600273631323
1.0002174475360326
1.0000872475435243
0.9998764631968847
1.0000580832057542
1.0001572738418414
1.0002843691673846
1.0002226922958888
1.0000884451040932
1.0000780662317426
0.9999971696789278
1.0000285782879015
1.0009640438081164
0.9997932531489032
1.0002592441473315
1.0004877329911916
1.0001973588489683
1.000076808758123
1.0001980890349302
1.0009567212691954
1.0006119427878626
1.0001554874823042
1.0003286746746465
1.0000677401132552
1.0000103135222183
1.000350952942804
1.0000545045379015
1.000058221723062
0.9996036332462462
1.0000869913027592
1.0002727241542588
1.0002259559872884
1.0020320483190224
1.000442754027546
1.0047886678914435
1.0005013988096836
1.0028743115632028
0.9996044935659517
0.999856643216149
1.0009126225948117
1.0000118947703653
1.000315208313398
1.0000927093588838
0.999998362847322
1.0000698395185643
1.0000247680777514
1.000231493495793
1.0000015491842569
1.0001524195839844
0.9999206832318633
1.0004114015426715
1.0000791990123965
1.0001146932045677
1.0001008638431397
0.9999786752891324
1.0000795435308707
1.0000264316510514
0.9999951616639796
1.0000747556608818
1.00007965416392
1.0002115615349476
1.0003983223875599
1.0003209273621265
1.0002483058640292
1.0000280800470152
1.0010275706868539
1.0018158264327794
0.9999869311656697
1.0002723517483147
1.0001635053903613
1.0000588331280549
1.000561329939507
1.0001247305979122
1.00004690395561
1.0004174315961267
1.0002994537793597
1.0000376748789037
1.0000656755095119
1.000072614395174
0.9999676236121384
1.0002210036878938
1.0002464262020272
1.0011037770410482
1.0001170105651656
1.000046661155563
1.000010095876527
1.0004635760999239
1.0000842588452237
1.0000030045335557
1.00091070804237
1.0023572949493103
0.999946525610321
1.0016026844595336
0.9998477095576614
1.000564489112117
1.000254834254151
1.000120231335828
1.0000620880762399
0.9999594844309891
1.0004053846978405
1.0001899773075653
0.9999923009855977
1.0001059458092028
0.9999454063147595
1.0000879803806335
1.000795337997649
1.0001659966127703
1.000123898032592
1.0000945891710327
1.0006065643645812
0.9999935056285286
1.0008217376360087
1.0136109872564762
0.9999939553389877
1.000538918836923
0.9999742882883629
1.000145395166153
1.0040713991196708
1.0001735796197075
1.0000929868513444
1.0000716110210504
1.0000445117556496
1.0000386684164382
1.000087300945825
1.0003380553358039
1.0001532789379368
1.010233278366277
1.0000524190979738
1.0001571157178801
1.0001369474501054
1.0002864893684467
0.9999882426315718
1.0002106608103927
1.0002696741843666
1.0002853430237162
0.9992632252756352
1.001634340987831
1.0002029036534772
1.0005816332690938
1.0000243352823954
1.0000539046381185
0.9998961754472392
1.0000694871253244
1.0000830406972472
1.0001011921494247
0.9064175023477742
1.00001908530218
1.000038271528811
1.0012291510612281
1.000250918894623
0.9999623554166489
1.0001256060884183
1.000112143827088
0.9999452415563036
1.0005396792082069
1.0001165872287456
1.0001051257863043
0.9999581001673279
1.0001446506768823
0.9999723106428147
0.9998320542165
1.0004731533429474
1.0000117362892147
1.000054191335203
0.9999341795451455
0.9999802446210725
1.0002648725667385
1.0000024417987585
1.0003741533926467
1.0002537515815695
1.0000850630082998
1.0020538014696379
1.0000525752680298
1.0001619284240675
1.000154694666907
1.000034980183528
1.0001306424893723
1.0005272121782165
1.0005085601883597
0.9961996628771136
1.0010400936902573
1.0001426757723884
1.000445011345968
1.0000501113315066
1.000248607155021
0.999911787597267
1.000395512784039
1.00051149961711
1.000441108299844
1.0001582385428953
1.001059739834856
1.000432156053915
1.0000953385075535
1.0019435487006763
1.0004406298242707
1.0007734518655411
1.0000322253625007
1.0016569680838523
1.0000454629774813
1.000218201642474
0.9999934051832738
0.9999089301846675
1.0001119095150048
0.9999592911377432
0.9999612644954466
1.0001618045418719
1.0001489839751998
1.0003069398570643
1.0000844906910802
0.9999987143585624
0.9999814675583469
1.0002124740125427
1.0003142915049013
1.0002657911669184
1.000301908644037
1.0001471555184522
0.9998405376294365
1.0008410918351236
1.000174166499308
1.0015715595254486
1.0003145804858002
1.0040096282660869
1.00010378890852
1.0000517474413246
1.0001449963543498
1.0009076339569616
0.9999552826358685
0.9999081625170808
1.000353587577679
0.9999462187862823
0.999934968521126
1.0006881326877743
1.0001474509275765
1.0000402163092126
1.000454285583787
0.9999691426487586
0.9998293968064899
1.0001646149170174
1.0001165299723422
1.0003081195888897
1.000072081060841
1.0017239134074418
1.0000213393163921
1.0004731068941914
0.9991104197642862
1.0000154837827275
0.9998368782384118
1.0002006159603265
1.0001341233577896
1.0000661499698236
1.000193581631516
1.0000309949478787
1.0001713895523463
1.0004102588906976
1.0001477630456796
1.0010733785528152
1.0000997516298036
1.0001570603349204
0.9999275146429274
1.0025637039814643
1.0002560025598994
1.0000713897373148
1.0055983389181535
1.0000635922717258
0.9999378553176924
1.0000616008797267
1.0000200128601595
1.0000979289368654
1.000049806009481
1.0001734244080909
1.0001852786508345
1.003814452473866
0.9999976346567003
1.0006844675137272
