0.9999999998764165
1.000000000918127
0.9999999995053777
0.9999999989399966
1.0000000009857364
0.9999999999558458
0.9999999998205811
0.9999999995210697
1.0000000003610996
0.9999999999949668
1.0000000000165659
0.9999999999702
0.9999999998142498
1.0000000001629374
0.9999999996854428
0.9999999999620396
0.9999999999777666
1.000000001001414
1.0000000001206568
0.9999999998814968
0.9999999999075042
0.9999999995484431
0.9999999995088837
1.0000000001151992
1.0000000006930618
0.9999999999395044
0.9999999988992997
0.9999999997703266
0.9999999999375263
0.9999999999670526
0.9999999994950862
1.0000000001985683
0.9999999998394435
0.9999999997638579
0.999999999682279
1.0000000018295674
0.9999999996733748
0.9999999998706975
1.0000000001666944
1.0000000027389229
0.9999999996274732
1.0000000021954272
0.9999999996818151
0.9999999999397705
0.9999999997128135
0.9999999992196453
1.000000000419857
1.0000000490472483
1.0000000017001152
1.0000000000978224
0.9999999998427234
0.9999999996112382
0.9999999997816473
0.9999999994724291
0.999999999721724
0.9999999998444711
0.9999999998958105
0.9999999998766964
0.999999999860159
1.000000002366193
1.0000000001700025
0.9999999980012884
1.000000000796366
0.9999999999874949
1.0000000012990382
1.000000001428871
0.9999999996726718
1.0000000000184337
0.9999999999427194
0.99999999996124
1.0000000012193595
0.9999999998172364
0.9999999999144972
0.999999999949901
0.9999999999529224
1.0000000012397052
1.000000000921296
0.9999999998609249
0.9999999998536071
0.9999999995280341
0.9999999996373629
0.9999999998195477
0.9999999995577682
0.9999999999439354
0.9999999930579913
1.0000000042767108
0.9999999998604954
1.0000000002556042
1.000000004427525
1.000000000965196
0.9999999999160983
0.9999999999280389
1.0000000008053864
0.9999999999429314
0.9999999996014746
0.99999999969133
1.0000000004582026
0.9999999997951027
0.9999999998508972
0.9999999999214048
0.9999999998463411
1.0000000004320364
0.9999999998742367
1.0000000002748062
1.0000000001729996
0.9999999999675991
0.9999999998970035
0.9999999999381405
0.9999999998780666
0.9999999996220234
0.9999999983525656
1.0000000002358815
0.9999999983417343
0.9999999999629546
1.0000000003045557
1.0000000010929733
0.9999999998233783
1.0000000113539582
0.9999999998720575
0.9999999997713928
0.99999999997941
0.9999999997897121
1.0000000007112948
0.9999999999220024
0.9999999999279369
0.9999999998326198
0.9999999997820093
0.9999999997258373
0.99999999655909
1.0000000000503635
1.0000000023478977
0.999999999929975
0.9999999996265302
1.0000000004564011
0.9999999999798989
0.9999999998301806
1.0000000020279738
0.9999999999518714
0.9999999995284579
0.9999999999251215
0.9999999998093458
0.9999999993751815
0.9999999989443088
1.000000036600011
0.999999999926302
1.0000000000334717
0.9999999999784451
0.9999999999340182
0.9999999993533932
1.0000000065959163
0.9999999997222673
1.0000000063083392
0.9999999998720281
0.9999999999351218
0.9999999998962623
1.0000000000280957
1.0000000016730128
1.0000000002636853
0.9999999999213274
0.9999999999247311
0.9999999998594129
0.9999999997453749
1.0000000002327738
0.9999999994974386
1.0000000003869163
0.9999999997989034
0.9999999997886541
0.9999999997004883
0.9999999998954733
0.9999999999172839
0.9999999996180656
0.9999999998251597
0.9999999999104764
0.999999999781493
0.9999999998999056
0.9999999998821354
0.9999999997789331
0.9999999999581034
0.9999999999046038
0.9999999999516305
1.0000000288032478
1.0000000003232516
0.9999999997867687
1.0000000029583571
0.9999999998809567
0.9999999999092645
1.0000000517566778
0.9999999991182668
0.9999999994634222
0.99999999995038
0.9999999999379363
0.9999999999180458
0.9999999998332407
0.9999999999424808
0.9999999996937656
0.9999999992596457
0.9999999994084011
0.9999999994190892
0.9999999997766845
0.9999999998879501
1.0000000028997273
0.9999999999192952
0.9999999999479336
0.9999999998473437
1.000000000047216
0.9999999997423523
0.9999999990355793
1.0000000002518805
0.9999999995488972
0.999999999886489
0.9999999995035727
0.9999999999206524
0.9999999999091435
1.0000000013991908
0.9999999985575093
0.999999999884567
0.9999999998302999
0.9999999987873778
1.0000000027655458
0.9999999996575099
0.9999999998804776
1.0000000001355336
0.9999999999369561
1.000000001250273
0.9999999999420651
0.9999999999913292
0.9999999996073639
0.9999999998769028
0.9999999999056222
1.0000000033357068
1.0000000028809364
1.000000005439146
0.9999999998629001
1.000000000008356
0.9999999999183359
0.9999999994640478
0.999999999841718
0.9999999999255293
0.9999999998766946
1.0000000045303792
0.9999999995826455
0.9999999999424318
1.0000000004089629
0.999999999859806
0.9999999991239905
0.9999999999452264
1.0000000003890306
0.9999999995172787
1.0000000087148493
1.0000000000479332
0.9999999989676127
0.9999999999224161
1.0000000020753765
1.0000000009326364
1.0000000043926227
1.0000000000271267
0.9999999999063734
0.9999999999493655
0.9999999999266367
0.9999999999263633
0.9999999995982632
0.9999999997826619
0.999999999967288
0.9999999998636012
0.9999999999431293
0.9999999996850109
0.9999999996502891
0.9999999997675894
0.999999999948701
1.000000000286621
0.9999999999278467
0.9999999998842627
1.000000000806384
0.9999999998719393
0.9999999999573829
0.9999999995319366
0.9999999999048973
1.0000000000143336
0.9999999992598919
0.9999999998770669
1.0000000003324083
0.9999999998463269
0.9999999997366013
0.9999999999339471
1.000000001019826
1.0000000010330754
1.0000000037289967
0.9999999997745576
0.9999999998155832
0.9999999999124639
1.0000000001385694
0.9999999998088243
0.9999999998636145
1.0000000006998548
1.0000000016945505
0.9999999997730208
0.9999999998852409
0.9999999979096708
1.0000000017828816
0.9999999999701569
1.0000000001084313
0.999999999820221
0.9999999997786816
0.9999999997943452
1.0000000013275612
0.9999999997624568
1.0000000005831364
0.9999999999698144
0.999999999780106
0.9999999999705831
1.0000000022552347
0.9999999998393828
1.0000000026614109
1.0000000000054066
0.9999999997684509
0.9999999999171402
0.999999999861264
0.9999999999578866
0.9999999998719769
1.000000000098352
1.000000000037799
0.9999999989729553
1.0000000020082418
1.0000000002568168
1.000000161800386
0.9999999998529362
1.0000000012273782
0.9999999999952045
0.999999998713422
0.9999999992064166
1.0000000007963206
1.0000000013797354
0.9999999998971156
0.9999999999730558
0.9999999998725206
0.9999999999208256
0.999999999953231
0.9999999998931882
0.9999999995336524
0.9999999921510522
0.9999999997368573
0.9999999998067276
0.9999999998771033
0.999999999924639
1.0000000068553685
0.999999999838004
0.9999999999651011
0.9999999996083833
0.999999999614121
0.9999999999095875
0.9999999996143957
0.9999999998177878
1.0000000000320015
0.9999999999363648
1.0000000004158753
0.99999999980519
0.9999999999821633
0.9999999998225668
0.9999999995454251
0.9999999966701938
0.999999999420448
0.9999999997995401
0.9999999989330957
0.9999999999459704
0.9999999998428242
1.0000000014213546
1.0000000027959004
0.9999999997552212
0.9999999998842792
0.9999999997355742
0.9999999998982073
0.9999999992865835
0.9999999998414866
1.0000000000334588
0.9999999998017568
0.9999999999791522
0.9999999989564287
0.9999999999250324
0.9999999993468528
1.0000000001376586
1.0000000001730085
0.9999999998405578
1.000000000206266
0.9999999999052859
0.9999999914562675
1.0000000018701714
1.00000000078539
1.0000000016091057
1.0000000002271363
1.0000000000841842
1.0000000003016136
1.000000009525428
1.0000000002089326
0.9999999998406874
0.9999999995933065
0.9999999978825914
0.9999999995063183
1.0000000040680712
1.0000000000604226
0.9999999999761761
1.0000000054714544
0.9999999999068964
1.0000000039586903
0.999999999812126
0.9999999999896898
0.9999999998733428
1.000000004002702
1.0000000015907087
0.9999999993833169
0.9999999999508106
0.9999999999010575
1.0000000008919838
1.0000000013639303
1.0000000243702736
0.9999999997448499
0.9999999999061873
0.9999999998326087
0.999999999918361
0.9999999997558073
0.9999999998849243
0.999999999981135
0.9999999999942151
1.000000000111664
0.9999999987366799
1.0000000003740364
0.9999999999229378
1.00000000383524
1.0000000004235408
0.9999999988444334
1.00000000098987
1.0000000004693863
1.0000000006118643
0.9999999999445339
0.9999999998649992
0.9999999999266276
0.9999999994385669
1.0000000195577894
1.0000000002479343
1.0000000007177205
0.9999999999958464
0.9999999997347768
1.000000000285912
0.9999999999765906
0.9999999998833293
1.0000000013895292
0.9999999997463702
1.0000000005204381
0.9999999995837541
1.0000000009429826
1.0000000001792047
0.9999999998664848
0.9999999999461334
0.9999999996251533
1.0000000043677972
0.9999999998577194
0.9999999994346463
0.9999999998310122
0.9999999998710691
1.0000000000298297
0.9999999991954437
0.9999999998441031
0.9999999998623091
0.9999999999159981
1.0000000022486446
1.000000001800131
1.0000000000116618
1.0000000023873792
0.9999991360555317
0.9999999998834924
0.9999999998952556
1.0000000002725338
0.9999999998704123
0.9999999999004716
0.9999999990825335
1.0000000003380307
0.9999999999678654
1.0000000002488607
1.0000000002092047
0.9999999997513296
0.999999999863111
0.999999999984633
0.9999999999154805
1.0000000010113588
0.9999999998181196
1.0000000030192326
0.9999999998351217
0.9999999999615452
0.9999999998731072
0.9999999993359351
1.0000000021379123
0.9999999997704975
0.9999999996364798
0.9999999999824701
0.9999999990264945
0.9999999999216207
1.000000000664723
1.0000000740540755
0.9999999910561669
0.9999999999421171
0.9999999999917315
0.999999999802086
0.9999999998986608
0.9999999991803056
0.9999999996407409
0.9999999941034685
1.0000000002100675
1.000000000961426
1.0000000027664178
1.000000001388591
0.9999999999762873
0.9999999992706834
1.0000000004674992
0.9999999999122241
0.9999999998677462
0.9999999999576481
0.9999999998917397
1.0000000000575544
0.9999999999401152
1.000000000261799
0.9999999973511599
0.9999999999687706
1.0000000034075014
0.9999999999222803
1.0000000051638758
0.9999999998462782
0.9999999998207874
0.999999999526737
0.9999999998497776
0.9999999998094464
0.9999999994963674
0.999999999844265
0.9999999985257079
0.9999999999154544
0.9999999997148776
0.9999999999698267
0.9999999995568997
1.0000000024005764
0.9999999997819001
0.999999999930469
1.0000000016233166
0.9999999987924613
1.0000000013490407
0.9999999999331175
0.9999999999183292
1.0000000010557637
0.9999999952640531
0.9999999999532608
0.9999999999283895
1.0000000000379063
0.9999999999889523
0.9999999999585559
0.999999999897063
1.0000000002208322
0.9999999998445643
0.9999999991972854
0.9999999998982331
0.9999999998814448
0.9999999999139727
1.0000000001750686
0.9999999999754723
0.9999999999007645
0.9999999996435668
1.0000000002163327
0.9999999999386128
1.0000000002597784
0.9999999998273996
1.0000000005408023
0.9999999998391945
0.9999999998934052
1.0000000002885778
0.9999999999455988
0.9999999999823823
1.000000001205163
1.0000000003792169
0.9999999998818035
0.9999999999795646
0.9999999997632629
0.9999999999643037
0.9999999998272944
0.9999999999124364
0.9999999996541726
0.9999999999214715
0.9999999989946865
0.9999999992793563
0.9999999999311431
1.0000000002770955
1.0000000004194016
1.0000000001846114
0.999999999798434
1.00000000357355
0.9999999998121446
0.9999999998883294
1.0000000001923397
0.999999999698054
0.9999999998148809
1.0000000004827931
0.9999999995849761
0.9999999999310413
0.999999999786989
0.9999999999827756
0.9999999998907364
1.0000000002020584
1.0000000045672786
0.9999999998612115
0.9999999990843068
0.9999999998483571
0.9999999997062005
0.9999999995690065
1.0000000073424133
0.9999999997198378
0.9999999999774616
1.0000000023345965
1.0000000016169517
0.9999999999660275
0.9999999998251549
1.0000000027779243
0.9999999997241168
0.9999999997722574
0.9999999999666674
0.9999999998852197
0.9999999998910526
1.0000000048904019
0.9999999997598714
0.9999999998399406
0.9999999998702737
1.0000000000197589
0.9999999995634111
1.000000002569605
0.999999999843866
0.9999999995757981
1.0000000020419482
1.0000000003688687
0.9999999999469583
0.9999999999867132
0.9999999999097415
0.9999999926784381
0.999999999942584
0.9999999999522936
0.9999999999876227
0.9999999998775507
0.9999999997080922
1.0000000000977467
1.0000000615655937
0.9999999980567653
0.9999999998111843
0.9999999998949188
1.0000000007704186
0.9999999996178738
1.000000001609703
0.9999999998395575
0.999999999898696
1.0000000023833562
1.0000000056356895
0.9999999998385073
1.000000002308045
0.9999999999247421
0.9999999994660947
0.9999999998592167
0.9999999999505377
0.9999999998670577
0.9999999999815846
1.0000000001079334
0.9999999998405047
0.9999999998674304
0.999999999870161
0.9999999995271458
0.9999999999688453
1.000000000268253
1.0000000030575666
0.9999999998858339
0.9999999996529758
0.9999999996044425
0.9999999999695275
0.9999999995500889
1.0000000009436971
0.9999999993608525
0.9999999996033966
0.9999999996484337
0.9999999998996635
1.0000000008049554
0.999999999888865
0.9999999995729282
0.9999999995842173
1.0000000070357165
0.9999999996646568
0.9999999998295505
0.9999999990933957
1.0000000000717006
0.999999999283161
0.9999999998753802
0.9999999997350056
0.9999999999344958
0.9999999997934291
0.999999999325245
0.9999999994824781
1.0000000002015446
1.0000000011854242
0.9999999999424355
1.0000000004167164
0.9999999997594419
1.0000000141675163
1.0000000300013812
1.000000001118347
0.9999999999708541
0.9999999998868991
0.9999999988181801
0.9999999999064011
0.9999999996874377
1.000000000085773
1.0000000013020445
0.9999999998378095
0.9999999999715601
0.9999999999547302
0.9999999010617109
0.999999999931038
0.9999999999866963
1.0000000005797285
1.0000000026641003
1.0000000000516274
0.9999999997324229
0.9999999999799306
0.9999999995225352
0.9999999998067055
0.9999999998829123
1.0000000005517125
0.9999999999001159
0.9999999999162243
0.9999999999915405
1.0000000015810624
0.9999999998284143
0.9999999998336776
0.999999995473644
0.9999999999138011
1.0000000038311696
0.9999999996632324
1.000000001024112
0.9999999999317188
0.9999999998627505
1.0000000068194717
1.0000000000592413
0.9999999996904786
1.0000000002617646
1.0000000092662054
0.9999999998949565
1.0000000017910888
0.999999999782273
0.9999999995155009
0.9999999999570643
0.9999999999692961
1.0000000000144968
0.9999999998355376
1.0000000000006015
0.9999999995746216
1.0000000016044284
0.9999999989716495
1.0000000011516397
0.99999999960385
0.9999999976346079
0.9999999998997814
1.0000000372197884
0.9999999998586606
0.9999999999826856
1.0000000168100118
0.9999999999683782
0.9999999997962916
0.9999999999186534
0.9999999999081579
0.9999999998790331
1.0000000006200789
1.0000000128032602
1.0000000002609908
1.0000000003992242
1.0000000065134995
0.9999999998840268
0.9999999999483349
0.9999999998513659
0.9999999998982211
1.0000000010394319
0.9999999997320905
0.9999999998556058
0.9999999998236075
0.9999999994996905
1.0000000003484248
0.9999999991756202
1.0000000009328842
1.0000000000754392
1.0000000001810785
0.9999999998664627
0.9999999999244634
0.999999999846736
0.9999999999489186
0.9999999999300435
1.0000000000274978
0.9999999999522893
0.9999999999625743
1.0000000007290117
1.0000000001801603
0.9999999999187232
0.9999999996717639
0.9999999998302883
1.0000000000041571
0.9999999991341525
1.000000001088141
0.9999999997724209
0.9999999996780092
1.0000000000405291
0.9999999993167599
1.000000000288595
0.9999999999062126
1.000000000024984
0.9999999999477583
0.9999999998526458
1.000000050408571
0.9999999999164388
0.9999999991264633
0.9999999998292249
1.0000000004569918
1.0000000013163337
0.9999999998283587
0.9999999997336302
0.9999999999378122
1.0000000002034168
0.999999999887661
1.000000000241615
1.0000000103402087
1.0000000009194923
1.0000000001037836
0.9999999997896886
0.9999999999554869
0.999999998580306
1.0000000000843563
0.999999999669206
0.9999999998402305
0.9999999998898527
1.0000000003582858
0.999999999902897
1.0000000013060604
0.999999999968896
1.00000000224972
0.9999999992942095
0.999999999921546
1.0000000001311304
0.9999999997512218
1.0000000001920732
1.000000001609214
0.9999999996468693
0.9999999998548161
0.9999999999569475
1.000000000146045
0.9999999998219764
0.9999999999881398
1.0000000002791771
0.9999999998862529
1.0000000070485022
1.000000000959528
0.9999999998847248
0.9999999999526694
0.9999999999476153
0.9999999999488921
0.9999999971703626
0.999999999848401
0.999999999958542
1.0000000001192704
1.000000000058075
0.9999999998501451
0.9999999998913218
0.9999999998945092
0.9999999999820186
1.0000000002000586
0.9999999991869398
0.9999999999558707
0.99999999977787
1.000000000902565
0.9999999996054798
0.9999999995788472
1.0000000010503853
1.0000000002676448
0.9999999999975537
0.9999999997982766
0.9999999999887483
1.000000000010024
0.9999999997365175
0.999999999745545
0.999999999925264
0.9999999997399313
1.0000000042814194
1.0000000012535957
0.9999999990978155
0.9999999993451442
0.9999999999272569
0.9999999996716966
0.9999999985441503
1.0000000002730915
0.9999999877635302
1.0000000003974734
0.9999999997152341
1.0000000001787295
1.000000000342785
0.9999999997090506
0.9999999997873826
0.9999999999293205
0.9999999991990558
0.9999999995842915
0.9999999998652427
1.0000000022444886
0.9999999997772528
0.9999999999208339
0.9999999996894727
0.9999999999679258
0.9999999997880328
0.999999999994392
1.0000000003562124
1.0000000011631764
0.9999999997969685
0.9999999999158106
1.000000003815812
0.9999999998230689
1.000000000335666
0.9999999999435762
0.9999999998678387
0.9999999998936607
1.0000000024788012
0.9999999997449363
1.0000000016088972
0.9999999999532037
1.0000000009055083
0.99999999989567
0.9999999997145327
0.9999999999018212
1.0000000092468133
0.9999999997344176
1.0000000007763359
1.0000000026534244
1.0000000123481323
1.000000000023165
0.9999999997308603
0.9999999997433279
0.9999999999630168
1.0000000021896502
0.9999999998052764
1.0000000008026744
0.9999999986080615
1.0000000027248293
0.9999999999270603
0.9999999999567466
0.9999999997293526
0.9999999999479463
0.9999999999217749
0.9999999996175697
0.9999999997898192
0.9999999998858042
1.000000000126964
1.0000000012986778
1.0000000003772194
0.9999999998234966
1.0000000000523004
0.9999999999602478
1.0000000008346273
0.9999999999982795
1.000000000350573
0.999999999947882
0.9999999996771386
0.9999999999624325
0.9999999993063644
1.00000000028943
0.999999999974346
0.9999999999035228
1.0000000006807586
0.9999999999317044
1.000000000276605
0.999999999972805
0.9999999997819287
0.9999999999395235
1.000000001678636
0.999999999958599
0.9999999999383019
0.9999999999793843
1.000000001655288
0.9999999999559612
1.0000000000618225
0.9999999997950346
0.9999999998591177
1.0000000027507692
0.9999999999717007
1.0000000091834333
0.9999999998404594
0.9999999998223262
0.9999999996901613
1.000000000837218
0.9999999999059338
0.9999999997989927
1.0000000003090064
1.0000000006621783
1.0000000004960945
0.999999999902312
0.9999999998167227
1.0000000001188436
1.0000000028232183
0.99999999986465
1.0000000007433798
1.0000000004454008
1.0000000032278202
0.9999999998617151
0.9999999998116346
0.9999999998567967
0.9999999971388466
1.0000000009912424
1.0000000002893932
0.9999999994074318
0.9999999998193685
0.9999999996474247
1.0000000000151623
0.999999999809928
0.999999994876411
0.999999999902618
0.9999999999835041
0.9999999998976006
0.9999999998548655
0.9999999981324267
0.9999999998218022
1.0000000008556127
0.9999999998976146
0.9999999999293974
0.9999999994941118
0.9999999998180301
1.0000000000376934
1.0000000002059724
0.9999999998609794
0.999999999914485
1.0000000021486968
0.9999999999250306
0.999999999682062
1.0000000000642548
0.9999999996539034
0.9999999997935788
1.0000000005894714
1.000000000479241
0.9999999997924015
1.0000000021314368
0.9999999999829403
1.0000000004353313
1.0000000005968033
0.9999999999424622
0.9999999996029824
0.999999999857019
0.9999999997595974
0.9999999999490532
0.9999999999448702
0.9999999992587535
1.0000000015806123
1.0000000019955153
1.000000001424869
0.9999999999791513
1.0000000005740304
1.0000000008443117
0.9999999997623971
0.9999999999079678
0.9999999988669598
0.9999999998955243
0.9999999996114678
0.9999999999613389
1.0000000003087697
1.000000001311904
0.9999999996568233
0.999999999900287
0.9999999997534627
1.000000059437001
0.9999999994204379
0.9999999999110225
1.0000000000033782
0.9999999999452515
1.0000000001503941
0.9999999987241158
0.9999999999217678
0.9999999998919529
1.000000000148743
1.000000000273481
0.9999999997491313
0.9999999999286077
0.9999999999200174
1.0000000008835388
0.9999999999108825
0.9999999996739822
0.9999999999099641
0.9999999993539557
1.0000000000116096
1.0000000004568592
0.9999999997496611
0.9999999998091753
0.9999999990486494
0.9999999996515814
0.9999999999044792
1.0000000000578846
0.9999999999555381
0.9999999995236254
0.9999999984150769
0.9999999998544116
0.9999999992796753
1.0000000003124954
1.0000000002029392
1.0000000044069237
1.000000000536863
1.000000000845198
1.0000000011651897
0.9999999995812389
0.9999999998157272
0.9999999996442116
0.9999999999392979
0.9999999984150829
0.9999999998574381
1.0000000006580327
0.9999999998865204
0.999999999971495
0.9999999995852848
0.9999999997970155
0.9999999997432245
0.9999999998862034
1.000000000020984
0.9999999997690778
0.9999999997068288
0.9999999999043577
1.000000001387648
0.9999999998991781
0.9999999998343191
1.0000000030308602
0.9999999998016494
1.0000000052150864
0.9999999998707843
0.999999999925434
0.9999999999753608
1.0000000000437321
0.9999999997880431
0.9999999984507459
0.9999999999480792
0.9999999997010318
0.9999999998424095
1.0000000001358118
1.0000000004646428
0.9999999998511193
0.9999999999192617
0.9999999998070782
1.0000000003200409
0.9999999995468168
0.999999999841941
0.9999999999228666
1.000000000325714
1.0000000014561656
0.999999999732105
0.9999999999344799
1.0000000017291801
0.9999999999590192
0.999999999959305
1.0000000003520078
1.0000000000538638
1.0000000004427974
0.9999999998402396
0.9999999999399414
0.9999999999185685
0.9999999998691486
0.9999999991151765
1.000000001095739
0.9999999999739982
0.999999999967903
1.000000020691304
1.0000000006087082
0.9999999999055857
1.000000001925946
0.9999999997828591
1.0000000000585008
0.999999999782529
0.9999999996793698
0.9999999991569514
0.9999999988045306
0.9999999997978871
1.0000000007118162
0.9999999999108126
0.9999999998523822
0.9999999999261532
0.9999999998361301
0.9999999999791133
1.0000000015968147
0.9999999996519342
0.9999999999437701
1.0000000058908323
1.0000000008600367
0.9999999998947997
0.9999999998627469
0.9999999990999039
0.9999999998232939
0.9999999999155125
0.9999999999624594
0.9999999999108693
0.999999988628322
0.9999999991427265
0.9999999999539528
0.9999999998473728
0.9999999993673994
0.9999999998679043
0.9999999996679017
0.9999999998333916
0.9999999999361773
0.9999999958682003
0.9999999999737519
1.0000000001770457
0.9999999999870243
1.0000000094633894
0.9999999997237687
0.9999999998901706
0.9999999994142483
0.9999999996988262
0.9999999999650373
0.9999999999467045
1.0000000092177723
0.999999999605011
0.9999999998668699
0.9999999999458722
1.000000000032615
0.9999999999285456
0.9999999998857739
0.9999999997927006
1.0000000005076548
1.0000000002230212
1.0000000000055451
0.9999999998849289
1.000000000678532
0.999999999925714
0.9999999999558562
1.0000000015592276
0.9999999995278552
0.9999999981708053
0.9999999998490863
0.9999999998974911
0.9999999999239715
1.0000000011553458
1.000000018501428
0.9999999998729395
0.9999999999395386
0.9999999999699549
0.999999999951002
0.9999999982164242
1.0000000012605657
0.9999999998802829
0.9999999996004119
0.999999999320842
0.9999999998826559
0.9999999999147267
0.999999998975583
0.9999999999869807
1.0000000045075874
0.9999999998907152
0.9999999998053904
1.0000000003067342
0.9999999998680164
1.000000003188017
0.9999999998760131
0.9999999996837475
1.0000000013422552
1.0000000246055232
1.0000000072649267
0.9999999994837686
0.9999999999524355
0.9999999999163917
0.9999999999029984
0.9999999995667189
0.9999999999020159
0.999999999701162
0.9999999998818578
0.9999999997697128
0.9999999999549988
0.9999999999848272
0.9999999999662424
0.9999999999282753
0.9999999998941015
1.0000000005736809
1.0000000004608718
0.9999999999025118
1.0000000040353887
0.9999999997699965
0.9999999998608999
0.9999999996513877
0.9999999994109119
0.9999999997586752
0.999999999603118
0.9999999999620858
0.9999999997363554
0.9999999986001857
1.000000001056238
1.000000002443119
0.9999999998151591
0.9999999983319386
0.9999999998803625
0.9999999989114673
1.0000000002152987
0.9999999998641793
0.9999999999078922
0.9999999999459215
0.9999999999083606
1.0000000000516671
1.0000000011599761
1.0000000007467096
0.9999999999521543
1.0000000022309603
0.9999999997276054
0.9999999993764181
1.0000000001289309
0.9999999981298514
0.9999999999345628
0.9999999997346438
0.9999999997013604
0.9999999999238406
0.999999999547687
0.9999999931248053
1.0000000000460685
1.0000000003231186
0.9999999998347902
0.9999999999839558
0.9999999999510013
0.9999999999210967
0.9999999998606057
0.9999999992681673
0.9999999999464924
0.9999999985980732
0.9999999995537106
0.9999999999240659
0.999999999427632
0.9999999992842505
1.0000000295084286
1.0000000003185472
0.9999999996373468
0.9999999995301655
1.000000000537343
0.9999999998034855
1.0000000057078724
0.9999999997598605
1.0000000002465839
1.0000000007319
1.0000000001545253
0.9999999998987987
1.0000000009268353
1.0000000022878013
1.0000000004636274
1.0000000042953279
1.0000000000078537
0.9999999998913447
1.0000000011501955
1.0000000000893325
0.999999999673739
0.9999999999432623
0.9999999999228869
0.999999960917274
0.9999999994390599
1.0000000003905307
1.0000000020370523
0.9999999997028428
0.9999999998059493
0.9999999998489166
0.9999999998408442
0.99999999991933
1.0000000752613156
1.0000000006089418
1.0000000003868337
0.9999999999313152
0.9999999999119193
0.9999999991965175
0.9999999988643175
0.9999999999504652
0.9999999999336892
0.9999999998029646
1.0000000000184164
1.0000000012903991
0.9999999998851569
0.9999999998539694
0.9999999998409806
1.0000000000775369
0.9999999999012487
1.000000000311415
0.9999999996955831
0.9999999963064603
1.000000000179898
0.9999999999102708
0.9999999998626895
0.9999999997073307
0.999999999925232
0.9999999998398473
0.9999999982845635
0.9999999999119925
0.9999999999474435
1.0000000003871823
1.0000000001041318
0.9999999998222621
0.9999999999211246
0.99999999996783
0.9999999999608885
0.9999999998027366
0.9999999997191228
0.9999999999363416
1.0000000008037564
1.0000000003409193
0.9999999999019386
1.0000000000787839
1.0000000000078668
0.9999999999820105
0.999999999840503
0.9999999995866463
1.000000022661206
0.9999999999644417
0.9999999999181389
1.0000000002357408
0.9999999999287084
1.0000000000396618
0.9999999951579763
1.00000000000827
1.000000002118377
0.999999999904066
1.0000000018728485
1.0000000019545086
0.9999999994652262
0.9999999998990493
0.9999999985563683
0.9999999998531376
1.0000000000270384
1.0000000022814473
1.0000000000044944
1.000000000061677
1.0000000014303623
0.9999999999288838
0.9999999998622804
0.9999999999411211
1.0000000016484687
1.0000000045411213
0.9999999998849465
1.0000000005894636
0.9999999999581967
0.9999999997062026
0.999999998864286
0.9999999175732147
1.0000000000592155
0.9999999996562388
1.0000000026485376
0.9999999999019289
0.9999999997696281
1.0000000000103995
0.9999999998656521
0.9999999997499313
0.9999999990573194
0.9999999999350832
1.000000000439668
0.9999999998426053
0.9999999999411567
1.00000000271459
0.9999999999067061
0.9999999998021879
0.9999999998927491
0.9999999995589431
0.9999999998019492
1.000000000236698
1.0000000001545317
0.9999999995907547
0.9999999999083906
0.9999999983040833
0.9999999997748729
0.9999999998037361
1.0000000012039687
0.9999999999547674
0.9999999999185772
1.0000000023023463
0.999999999903779
1.0000000007415553
1.0000000016197965
0.9999999998116659
0.9999999999255278
0.9999999998535556
1.0000000015127284
0.999999999952349
1.0000000014892778
1.0000000001615834
1.000000000386717
0.9999999999057345
1.000000611568796
0.9999999999393218
0.9999999999615907
0.9999999998943464
1.0000000004568437
1.000000000711869
0.9999999998619713
0.9999999995018746
0.9999999999403301
0.9999999997685539
0.9999999998823558
0.9999999999991233
0.9999999883030393
0.9999999987654673
0.9999999998395213
0.9999999999305705
0.999999999809099
0.9999999999487842
0.9999999998418909
1.0000000000270468
0.9999999986556234
0.9999999998362465
0.9999999997592295
0.9999999993816538
0.9999999997219848
0.9999999996881836
0.9999999999078296
0.9999999999613902
0.9999999992871738
0.9999999996354939
0.999999999884103
0.9999999986258502
1.0000000001219558
0.9999999998710035
1.0000000003916363
1.0000000140485148
1.0000001284822129
0.9999999997226084
1.0000000021407276
0.9999999998648397
1.0000000008811332
1.0000000003199065
0.9999999999075234
1.000000000275613
0.9999999991496091
0.9999999997735607
1.000000000037441
0.9999999999163464
0.9999999998719836
0.9999999999793354
1.0000000002786027
0.999999999475218
1.0000000000052933
1.0000000005531215
0.9999999999761244
0.9999999994015258
1.0000000005638878
0.9999999895162588
0.9999999997608781
0.9999999999443181
1.0000000089095795
0.9999999998661289
0.9999999996724075
0.9999999999269557
1.000000000179995
1.0000000025803548
1.000000000982157
0.999999999837959
0.9999999997787148
0.999999999911438
0.9999999998945179
0.9999999998335174
0.9999999996853511
1.000000000079222
1.000000000189964
1.0000000010754508
1.0000000009378207
0.999999999890539
0.9999999999750309
1.0000000000561198
0.9999999999293023
0.9999999998324807
0.999999999480305
0.999999999695881
0.999999999921367
0.9999999989464677
1.0000000002992462
0.999999999898496
1.000000008440698
0.9999999997219163
0.9999999999669402
0.9999999999614358
0.9999999988098925
1.0000000011973864
0.999999999830905
0.9999999999754686
0.9999999999806917
0.9999999995082655
0.9999999999412145
1.0000000019754842
0.9999999999217921
0.9999999996475832
0.9999999999586342
0.9999999999430763
1.000000001828417
0.9999999999802534
0.9999999997112452
0.9999999996465669
0.9999999994994667
1.0000000002843226
1.0000000003088079
0.9999999993709473
0.9999999998140807
0.9999999994694121
0.9999999999760767
0.9999999997968487
0.9999999997562573
0.9999999999474232
0.9999999991722575
0.9999999998447198
0.9999999999123095
0.9999999999274789
0.9999999997782678
1.0000000315650246
0.9999999999975598
0.9999999999572814
1.0000000000856522
0.9999999999470474
1.0000000074159823
0.999999999843743
0.9999999999714787
0.9999999998227757
0.9999999998092327
0.9999999987666034
1.0000000013126567
1.00000000183848
1.0000000003515679
0.9999999995775934
0.9999999999042057
0.9999999991626753
0.9999999999322469
0.999999999805121
0.9999999998707417
0.9999999990593966
0.9999999996189516
0.9999999999577505
0.9999999994925547
1.000000000559023
1.000000000039199
1.0000000013582233
0.9999999999235517
0.9999999988832797
0.9999999998866016
0.9999999995987658
0.999999999378493
0.999999999823151
1.0000000005617509
1.0000000014645944
0.9999999997962891
0.999999999875555
0.999999999238902
0.9999999994454593
0.9999999999960886
0.9999999997202733
0.9999999999000824
0.9999999999883828
1.0000000002314624
0.999999999963867
0.9999999994913333
0.999999999907976
1.0000000204530952
1.0000000006987564
0.9999999999643817
0.9999999999363575
0.9999999988877155
0.9999999999445893
0.9999999998866383
0.9999999993712717
1.000000000078237
0.9999999999236941
0.9999999999218884
0.9999999997890522
0.9999999999314905
0.9999999999434604
1.000000001418187
1.0000000043618869
0.9999999995692491
1.0000000039734955
0.9999999998470949
0.9999999999387018
0.9999963821629003
1.0000000010700159
0.9999999996395982
1.0000000001683291
0.9999999999085147
0.9999999997050999
0.9999999999860927
0.9999999998266326
0.9999999994245455
1.0000000010617833
0.9999999999175423
1.000000000210755
1.000000000023336
0.9999999997488476
1.0000000000098366
1.0000000005069194
0.999999999950466
0.9999999981173433
1.000000002822639
1.0000000006225052
1.0000000006320442
0.9999999999815851
0.999999999984812
0.9999999999799731
0.9999999999796406
0.9999999998309335
0.9999999999767294
0.9999999999048788
0.9999999998989321
0.9999999997815661
0.9999999999624508
1.00000000018098
0.9999999995617239
0.9999999953062123
0.9999999999097753
0.9999999999521916
0.9999999998696099
1.000000004006326
0.9999999999960926
0.999999999962045
0.9999999995365898
1.0000000004679401
0.9999999985182251
1.0000000005195848
1.0000000001899834
0.9999999998779006
1.0000000002463396
0.9999999996489062
0.999999999892483
0.9999999990592706
0.9999999998642888
0.999999999897918
0.9999999998551616
0.9999999999417124
0.9999999999410184
0.99999999885497
0.9999999999377965
0.99999999991536
0.9999999999072465
0.9999999994932333
0.9999999998177747
0.9999999998335712
0.9999999999236283
0.9999999994815625
0.9999999996776497
0.9999999997428033
1.0000000002575467
0.9999999993889149
1.000000000911343
1.000000001132869
0.9999999999762837
1.0000000065300445
0.9999999996050725
0.9999999998394292
0.999999999915431
1.00000000715159
0.9999999996718554
1.0000000000064395
0.9999999996215678
0.999999999887248
0.9999999998539846
0.9999999999845743
0.9999999999265162
1.0000000002621492
0.999999999939905
1.000000000170881
1.000000000885417
0.9999999990520163
1.0000000000374343
0.9999999997047203
1.0000000010339913
0.9999999982092265
0.9999999998429184
0.9999999986123765
1.0000000045038109
0.999999999883332
0.9999999999514245
1.0000000002760494
0.9999999998940802
0.9999999998948529
0.9999999999533078
0.9999999999550013
1.0000000011919856
0.9999999998857435
1.000000003285949
0.9999999998934356
0.9999999998970925
0.9999999999244099
0.9999999999279489
0.9999999999202905
1.000000000910901
0.9999999969657595
0.9999999997430957
0.9999999999155424
0.9999999994454295
0.9999999996863886
0.9999999999543009
0.9999999999283519
0.9999999999198893
1.000000001822704
0.99999999947525
0.9999999997450948
1.0000000009110281
0.9999999999352461
0.9999999998444501
0.9999999995933334
0.9999999998117495
0.9999999998517872
0.9999999999560166
1.0000000004801652
0.9999999995987817
0.9999999998833478
1.0000000010057224
1.000000000818551
1.000000000375719
1.0000000001297509
0.9999999999660564
1.0000000000233837
1.0000000018544144
0.9999999999407508
0.999999999469458
1.000000000114561
0.9999999999727984
0.9999999993115659
0.9999999998181807
1.0000000001365004
0.9999999998438871
0.9999999996099767
0.9999999998689308
0.9999999997874262
0.9999999999647233
0.9999999999050114
0.999999999949201
0.9999999999079461
1.0000000000258609
0.9999999998186356
1.0000000019654673
1.0000000000347875
0.9999999986123324
0.9999999999642447
0.9999999999457664
0.9999999991450482
0.9999999999194388
1.0000000004292695
0.9999999999628071
0.9999999996637098
0.9999999995683821
0.9999999997815945
0.9999999998219194
1.000000000242815
1.000000003750647
1.0000000006585352
0.9999999999031068
0.9999999992481162
0.9999999996784104
0.9999999999563668
0.999999999523858
0.9999999996878398
1.0000000004093608
0.9999999976215167
0.9999999998813559
0.9999999999322112
1.0000000477034419
0.9999999998629515
0.9999999986194799
1.000000000001544
1.000000003285977
0.9999999998050262
0.9999999999137794
1.0000000001679823
0.9999999999325452
1.0000000000274756
0.9999999997805868
1.0000000002731253
0.9999999999546291
0.9999999996592622
0.9999999999303609
0.9999999999551902
0.999999999778725
1.0000000002922977
1.0000000010644141
0.9999999996781397
1.0000000151386803
0.9999999998000828
0.9999999992318754
1.000000000081647
0.9999999999110583
0.9999999998454425
0.9999999999655418
0.9999999999050728
1.0000000004734058
1.0000000010826926
0.9999999997500488
1.0000000007295837
0.999999999898108
0.9999999998930136
0.9999999998207131
1.0000000000601303
1.0000000000669909
1.000000000044087
1.0000000000020763
0.9999999997187407
0.9999999989427021
0.9999999993805657
0.9999999999855742
0.9999999999501487
0.9999999995762483
0.999999999990917
1.000000049784431
0.9999999997057095
1.0000000000748894
0.9999999999745359
1.0000000000770357
0.9999999999927676
1.000000003766203
0.9999999997722061
0.9999999994021532
0.999999994708481
0.9999999999474714
1.0000000000550964
0.9999999999029989
1.0000000048686724
0.9999999996006714
0.9999999993907742
0.9999999998148644
0.9999999996169868
0.9999999999032666
0.9999999989054361
0.9999999992612365
0.9999999999360114
0.999999996835589
0.9999999998624547
0.9999999997163551
0.9999999997638118
0.9999999997784564
1.0000000017353396
0.999999998983496
0.9999999998899797
1.0000000003440446
0.9999999999593386
0.999999999762355
0.9999999998468008
1.0000000003829443
0.9999999998388563
1.0000000006985135
0.9999999999285875
1.000000002071302
0.9999999986981727
0.9999999998949525
1.000000002102751
1.0000000002896041
1.0000000003759812
1.0000000003219909
0.9999999998724545
0.9999999997110639
1.0000000003871734
0.9999999992588174
0.9999999998616504
0.9999999998955569
0.9999999998475858
0.9999999999623267
1.0000000001087193
0.999999999821965
0.9999999998132485
0.9999999998541858
0.9999999998645018
0.99999999973765
1.000000000021033
0.9999999998221173
1.0000000000518248
1.0000000004457084
1.0000000028337
1.0000000030849998
1.0000000001223364
0.9999999998892116
0.9999999998753929
0.9999999999741503
0.9999999996312738
0.9999999999698109
0.9999999998909203
1.0000000001521607
1.000000000978705
0.9999999999255162
0.999999999907686
1.0000000008858383
0.9999999991111809
1.0000000008986971
0.9999999997698482
0.9999999999479128
1.0000000000913676
1.0000000001471239
0.9999999979256512
0.9999999999199551
0.9999999998970203
1.000000011480836
1.000000000441961
0.9999999998177943
0.9999999998871085
1.0000000010697967
1.0000000006645142
0.9999999998665424
1.0000000102351003
1.000000000013388
0.9999999999340901
0.999999998543748
0.9999999998890516
0.9999999986794511
0.9999999999836898
0.9999999999445405
0.9999999999312371
1.0000000005048448
0.9999999985972077
0.9999999995366667
0.9999999998197476
1.0000000008472398
0.9999999995923968
0.999999999918342
1.0000000027901161
0.9999999982673823
0.9999999999164068
1.0000000026675062
0.9999999958393879
1.0000000000696738
1.0000000027055265
1.0000000014521357
0.9999999995562557
1.0000000020311302
1.0000000010605272
0.999999999922816
0.9999999999481074
1.0000000003785778
0.9999999998108481
0.9999999999537136
0.9999999995663963
0.9999999998940123
1.0000000003797924
1.000000001093118
0.9999999998380315
0.9999999988705865
0.9999999999271064
0.9999999999683358
0.9999999999325085
0.9999999708586649
1.0000000006288952
1.0000000001729596
0.9999999999666017
1.0000000023581441
0.9999999998811675
0.9999999992911632
0.9999999999943919
1.000000032332035
0.9999999997642316
0.9999999972418675
0.9999999992156539
0.9999999999367489
0.9999999996796934
1.0000000000465727
1.0000000191527223
0.9999999980668857
1.0000000021327986
0.9999999999245895
1.0000000002191236
1.0000000021827855
0.9999999999457568
0.9999999996273253
0.9999999996319138
0.9999999999045798
0.99999999883914
0.9999999997512686
0.9999999931424549
0.9999999999081138
0.9999999990925814
1.0000000001855889
0.9999999998064747
1.0000000335629367
0.9999999999090042
0.999999999858237
1.0000000001828997
1.000000000694608
0.9999999999010251
1.0000000006730634
1.0000000001253184
0.9999999997572023
0.9999999998915936
1.0000000014224495
0.9999999993189512
1.000000001211172
0.9999999999633948
1.0000000000325675
0.9999999997773503
0.9999999998657867
0.9999999996160576
0.9999999995376656
0.9999999999048668
0.9999999998682231
0.9999999998011729
1.0000000024464537
1.0000000017732045
0.9999999944308521
0.999999999806305
0.9999999998274929
0.9999999999779015
0.9999999998167732
1.000000002397741
0.9999999961449925
1.0000000000469633
0.9999999999800668
1.000000000009942
0.9999999998288767
1.0000000000232174
0.999999999873042
1.0000000030680012
0.9999999999191465
0.999999999786901
1.0000000012676014
1.000000000825598
0.9999999998258052
0.9999999999407324
0.9999999997203094
0.9999999999303346
0.9999999999439104
0.9999999999804605
0.999999999927871
0.9999999997633464
1.0000000011108745
0.9999999999411738
0.9999999998736818
1.0000000004366276
0.9999999997062393
0.9999999999138472
1.0000000000159148
1.0000000088866043
0.9999999996525515
0.9999999998966527
0.9999999998942635
0.9999999999062494
0.9999999998124238
0.9999999999289745
0.9999999999425097
1.0000000014162174
0.9999999999667583
0.9999999999801273
1.000000000004145
0.9999999998726596
0.9999999999537259
1.0000000019125417
0.9999999988610222
1.0000000001473326
0.9999999999189803
0.9999999997945009
0.9999999998808795
0.9999999997238993
0.9999999998289308
0.9999999995042194
1.000000000284748
1.0000000014950083
1.0000000012009638
0.999999995686634
0.9999999999180156
0.999999999980432
0.9999999996465441
1.0000000000375835
0.9999999999875426
1.0000000002304352
1.0000000005960414
0.9999999998416683
0.9999999998246997
0.9999999999524048
0.9999999998987688
0.9999999999515341
0.9999999997203466
0.9999999994146564
0.9999999999438942
0.9999999999148282
1.000000001297266
1.0000000001442615
1.000000000040584
0.9999999999169312
0.999999999633909
0.999999999352638
1.0000000001964728
0.9999999996867649
0.9999999995058303
1.0000000001005975
1.0000000012224044
0.9999999999649806
0.9999999999406962
0.9999999986352882
0.9999999989121124
0.9999999997329291
1.0000000007147718
1.0000000001013978
0.9999999998496547
0.9999999998250216
1.0000000009944026
0.9999999982371318
0.999999999717133
0.9999999999408276
0.9999999998595226
0.9999999996099043
0.9999999997390169
0.999999999922506
0.9999999998868265
0.9999999996626577
0.9999999999940086
1.0000000026564866
0.999999998126456
0.9999999999032043
0.9999999999190406
1.000000001544966
1.000000000297501
1.0000000082706173
1.0000000012029038
0.9999999999549373
0.9999999999146999
0.9999999996763146
0.9999999996154438
0.9999999999269973
0.9999999999065059
1.000000000175431
0.9999999997716488
1.000000001899402
0.9999999998343815
0.999999999791703
0.9999999998048861
1.0000000000170746
1.0000000003535618
0.9999999979915446
1.0000000004889076
0.9999999998915619
0.999999999844418
0.9999999999495335
1.0000000056468503
0.9999999998683826
1.0000000003435414
0.9999999997316581
0.99999999966158
0.9999999997520316
0.9999999998562809
0.9999999994530989
0.9999999993937652
0.9999999993569192
0.9999999998881524
0.9999999999396473
1.0000000018224862
1.000000000019536
0.9999999996709769
0.9999999999298197
0.999999999854402
0.9999999990765436
0.9999999995582074
0.999999999880435
1.000000000091069
1.000000000172833
0.9999999998578711
1.0000000001242415
0.9999999996241509
0.9999999999080684
0.9999999983836808
1.0000000001945444
0.9999998759624842
0.9999999999010473
0.9999999996030365
0.9999999999387377
1.0000000002738496
0.9999999999965165
0.9999999997442076
1.0000000000262448
0.9999999998143271
1.0000000001408498
0.9999999998731625
0.9999999999801313
1.0000000004314513
0.9999999998445538
0.9999999950160444
1.0000000000344382
0.9999999994651223
0.9999999999232545
0.9999999999376427
0.9999999995955731
0.9999999999310439
1.0000000005272727
1.0000000001040212
0.9999999998266492
0.9999999996771795
0.9999999999552545
1.0000000000379843
0.999999999983919
0.9999999999775483
0.999999999372483
0.9999999998348497
0.9999999999412751
0.9999999995655157
0.9999999999203318
1.0000000017892687
0.9999999999257244
1.0000000023353954
0.9999999996454646
0.9999999985131529
0.9999999998100684
0.9999999997681495
0.9999999999220874
0.9999999999069704
0.9999999997253846
0.999999999939196
0.9999999997454068
1.0000000011614798
0.999999999808137
0.9999999999586924
0.9999999987452731
1.0000000006096867
0.9999999996640966
0.999999998633808
0.9999999996805189
0.9999999998230658
0.9999999999265992
1.0000000001786207
1.0000000016703627
0.9999999998635103
0.9999999998938744
0.9999999999293302
0.9999999999654995
0.9999999999896547
1.0000000004076812
0.999999999366012
1.000000001348845
0.9999999999517443
1.0000000000488884
1.0000000005472607
1.0000000033248213
1.0000000017031845
0.9999999998737298
0.999999998936581
0.999999999387036
0.9999999989656391
0.9999999966417343
0.9999999999554829
0.9999999998758722
1.0000000011857542
0.9999999999649798
0.9999999999520816
0.9999999999296906
1.000000001140883
0.999999999778307
0.9999999999875078
1.0000000011535175
1.000000000476206
0.9999999999661902
0.999999999961947
1.0000000009753822
0.9999999999926141
1.0000000001515765
1.0000000003884129
0.9999999999244193
0.9999999993750659
0.9999999999196183
0.9999999981232301
1.0000000023978266
0.9999999998994199
0.9999999996854161
0.9999999999141767
0.9999999999357531
1.0000000036165129
0.9999999996683498
0.999999999603039
1.0000000012419847
0.9999999999612249
0.9999999953928884
0.9999999997415532
0.9999999997967336
0.9999999998167027
1.0000000004113918
0.9999999996222099
0.9999999999267553
0.9999999999105771
0.9999999995225319
0.9999999993909803
1.000000003172102
0.9999999994937283
1.0000000002159612
0.9999999974720212
1.0000000003777194
0.9999999999868172
1.0000000009175112
1.0000000000012816
1.0000000044073127
0.9999999998503766
0.9999999998334769
0.9999999999020723
0.9999999999030276
0.9999999999731524
0.9999999998372424
0.9999999998998655
0.9999999999863678
0.9999999998962376
0.9999999999967356
0.9999999996150757
0.9999999999305124
1.0000000004086775
0.9999999998519695
0.9999999999499011
0.9999999999213655
0.9999999992990541
0.9999999998257717
1.000000001523345
0.9999999999556963
0.9999999999559838
1.0000000024622497
1.0000000003689467
0.999999999361315
1.0000000000977498
1.0000000005625909
0.9999999998887968
1.0000000007572405
1.000000002482775
0.9999999997624914
0.9999999999459888
0.9999999997077567
0.9999999999154806
0.9999999999071789
0.999999999874253
1.0000000004265346
1.0000000007745142
1.0000000019935231
1.0000000001374787
1.0000000041352683
0.9999999996955259
1.000000000194167
0.9999999999198147
0.9999999989221893
0.9999999999192339
0.9999999990944485
0.9999999997128746
0.9999999998808418
1.000000000139581
0.9999999998219637
0.9999999999000212
0.9999999999572711
0.999999999859867
0.9999999990791846
1.0000000007837713
0.9999999989131247
1.0000000005577372
0.9999999997917981
0.9999999999598568
0.9999999999737588
1.000000000023372
1.0000000004924872
0.9999999991821068
0.999999999877595
0.9999999977874816
0.999999999970015
0.9999999998885112
0.9999999998820381
1.0000000003500726
1.0000000083721705
0.9999999974376703
0.9999999997326249
1.000000002735687
0.9999999999455818
0.9999999998810811
0.9999999999566133
0.9999999999056792
1.0000000031857859
0.999999999855516
0.9999999995097462
0.9999999998182771
1.00000000080271
0.9999999988100952
1.0000000006822123
0.9999999994903321
0.999999999919398
1.0000000010464551
1.000000000333401
1.0000000007108056
1.0000000654595393
1.000000000300731
1.0000000003125804
0.9999999998054079
0.9999999987257842
0.999999999833214
0.9999999998916744
1.0000000012642023
0.9999999992749911
0.9999999998751611
0.9999999997698864
0.9999999999636452
0.99999999974992
1.0000000002631142
0.9999999729878375
1.000000000160616
0.9999999998346333
0.9999999995752433
0.9999999993841694
0.9999999997879497
1.0000000020185715
0.9999999999766215
0.9999999995432167
0.9999999998853124
1.0000000004113827
0.9999999982121038
0.9999999997459945
0.9999999999361932
0.9999999998437021
0.999999999943515
1.00000000011805
1.0000000012619354
0.9999999998557767
0.9999999999032627
1.0000000007455785
1.0000000000095275
0.9999999992516281
1.0000000000218692
1.0000000006427323
0.9999999998361282
1.0000000031228575
0.9999999999798901
0.9999999998643677
0.9999999972015285
0.9999999999366337
0.9999999997877875
0.9999999999511364
0.9999999993294695
1.0000000005774183
0.9999999994462396
0.9999999998765748
1.0000000009222318
1.0000000003269371
0.9999999994820106
1.00000000029055
0.999999999681006
0.9999999998946174
0.9999999998084443
0.9999999964430756
1.0000000017316104
0.9999999999642799
0.9999999997901183
0.999999999745046
0.9999999999544277
0.999999999938604
1.0000000012171448
0.9999999999234247
1.0000000034675411
0.9999999999123382
1.0000000001383293
0.9999999999283901
0.999999999509
0.9999999996083899
1.0000000041486279
0.9999999991228121
0.9999999999092464
0.999999999906945
0.9999999960416378
1.0000000001527924
1.0000000006247105
0.9999999998212239
1.0000000001783373
1.0000000004973577
0.9999999999558153
0.9999999999096852
0.9999999999534221
0.9999999998525013
1.000000000744646
0.9999999998395966
1.0000000001372535
0.999999999959973
0.9999999999302605
0.9999999998803222
0.9999999991838812
0.999999999798806
0.9999999998863983
0.9999999997798055
1.0000000001699096
1.0000000004102139
0.9999999994921933
1.0000000000197795
1.000000000189931
0.9999999998246745
0.9999999991905036
0.999999999912729
0.9999999998898497
0.9999999750391948
0.9999999995574619
0.9999999998143072
0.9999999999242203
0.9999999998057554
1.0000000049133997
0.9999999999758098
1.0000000017207902
0.9999999999610648
0.9999999998855338
0.999999999792041
0.9999999992585298
0.9999999998084471
1.000000001939749
0.9999999999420592
0.9999999999233459
0.9999999999440771
1.0000000003700493
0.9999999995827978
1.0000000003284328
0.999999999898431
0.9999999999599772
1.000000000008763
0.9999999999192486
0.9999999998936646
1.000000001950071
0.9999999996274382
1.00000000562649
1.0000000001081752
0.9999999999619351
0.9999999749723282
0.9999999994464313
0.9999999999424883
0.9999999998899448
1.000000000029547
1.0000000003493663
0.9999999999635265
0.999999999860138
1.000000002108333
0.9999999999587954
0.9999999999345875
1.000000006952593
1.0000001951208883
1.0000000013731536
1.0000000001272782
0.9999999977004164
0.9999999999044605
1.0000000000105154
0.9999999999124016
0.9999999999205942
0.9999999999951267
0.9999999999130617
0.9999999999301049
1.0000000055308986
0.9999999998775193
0.9999999999416265
0.9999999999453212
0.9999999998838377
1.0000000017896644
1.0000000002829459
0.999999999514778
1.0000000007906846
1.0000000013016426
0.9999999990876037
1.0000000012090808
1.0000000010271846
0.9999999999060432
1.0000001065549942
0.9999999998007361
0.9999999997803047
0.9999999999595072
0.9999999981531635
0.9999999991149855
0.9999999998307385
1.000000002334764
0.9999999997842698
0.9999999997069635
0.9999999999428119
0.9999999999587514
1.0000000043491128
0.9999999999024064
0.999999999922579
1.0000000000996474
0.9999999995647809
0.9999999999600375
1.0000000000844669
0.9999999998344888
0.9999999998406819
1.0000000005605434
0.9999999997349575
0.9999999996395719
0.999999999872941
0.9999999999685266
0.9999999999191801
0.9999999999263286
0.9999999999466563
1.0000000014247779
0.9999999998884352
0.9999999999257192
1.0000000001391345
0.9999999999955836
1.0000000042416055
1.0000000063950152
0.9999999998694287
0.9999999998955752
0.9999999998990178
0.9999999999688545
0.9999999999472162
0.9999999998103417
0.9999999999213556
1.0000000001409761
1.0000000020731652
1.0000000022809805
0.9999999997982976
0.9999999999940685
1.0000000009737564
0.999999999464663
0.9999999994221163
0.9999999999317551
0.9999999998172007
0.9999999997303315
1.0000000030197203
0.9999999999424618
1.0000000003293468
1.0000000001619067
1.000000000372793
0.9999999999380709
0.9999999966743555
1.0000000015618602
0.9999999998951274
1.0000000017967703
0.999999999427759
0.9999999990411138
0.9999999997890416
0.9999999999653336
1.0000000001728346
0.9999999994932388
0.9999999999308595
0.9999999999712375
0.9999999998844723
0.999999999868745
0.9999999999510548
0.9999999986978517
0.999999999911073
1.0000000011589023
0.9999999999192364
0.9999999997649889
0.9999999999484264
1.0000000050348552
0.9999999998922066
0.9999999991552043
0.9999999999826521
0.9999999999655169
0.9999999999495031
0.9999999998300162
0.9999999998089119
1.0000000039331884
1.0000000003999348
0.9999999997858314
1.000000000088655
0.9999999997974202
0.9999999999355798
1.0000000020581545
1.000000000529943
1.0000000003303513
0.999999999984478
1.0000000015841366
0.999999999898006
0.9999999999099377
1.0000000019382798
0.9999999996713413
1.0000000004324305
1.000000000358883
0.9999999998038004
0.999999999839357
0.9999999999530971
0.9999999988791247
1.0000000014326036
0.9999999996103196
1.000000001169414
0.9999999999424594
0.9999999999302183
1.0000000003753666
0.9999999998931456
0.9999999997376415
0.9999999989380014
0.9999999999119066
0.9999999999232676
1.0000000003238703
1.0000000004471723
0.9999999998606302
1.0000000026881513
1.000000004010212
1.0000000023933124
0.9999999992333664
0.9999999998682998
0.9999999994840649
0.9999999999529467
0.9999999987559703
0.9999999999096348
0.9999999989926129
0.9999999998217276
0.9999999998580369
1.000000000082276
0.9999999997060374
0.9999999998255932
0.9999999997571133
0.9999999999797283
0.9999999999700627
1.000000000140313
0.9999999999808256
0.9999999998205896
0.999999999959244
0.9999999998667595
0.9999999999360105
1.0000000001431688
1.0000000006533938
0.999999999308438
0.999999999585945
1.0000000007241832
0.9999999999925243
0.9999999997203004
0.999999999598816
1.0000000011517731
0.9999999997934811
1.0000000000783067
0.9999999999294894
0.9999999998900857
1.000000000059596
1.0000000013429524
0.9999999997200092
0.9999999999998451
1.0000000003321565
1.0000000000414255
0.9999999999247184
0.9999999995086009
0.9999999996959739
0.9999999999670997
1.0000000001837055
0.9999999990804643
0.9999999999797698
0.9999999999480843
1.0000000000432545
0.9999999998580233
1.0000000009560057
0.9999999997593246
1.0000000001764446
0.9999999980465907
0.9999999997569267
0.9999999987610635
0.9999999995644896
0.9999999997102454
0.9999999997817434
1.0000000002151406
1.0000000000457918
0.99999999979267
1.000000000665534
1.0000000002334701
0.9999999998837326
0.999999999757888
0.9999999986086004
1.000000001097279
0.9999999996381834
0.9999999999243393
0.9999999999704987
0.999999999967094
0.9999999989503295
0.9999999998032246
1.0000000019170951
1.0000000092863741
0.9999999996967653
1.0000000002881617
0.9999999998811036
0.9999999999779272
0.9999999922060422
0.9999999998413218
0.999999999967465
1.000000000191028
0.9999999999432613
1.0000000002226141
0.9999999999614116
0.9999999988421673
0.9999999997465213
1.0000000446414952
1.0000000008422054
0.9999999998934902
0.99999999994144
1.000000001520612
0.9999999998839015
1.0000000013143118
1.0000000003257086
1.0000000004684488
0.9999999951954778
1.0000000009189036
1.000000000257704
1.0000000040328512
0.9999999999430015
0.9999999999682884
0.9999999998286756
1.0000000005238845
0.9999999997853627
0.9999999999368737
0.999999995935305
0.9999999998946096
0.9999999997085861
0.99999999947904
1.0000000013780381
0.9999999998634737
0.9999999999301286
0.9999999998624777
0.999999999959094
0.9999999999335308
1.0000000000779492
0.9999999998802208
0.9999999995007418
0.9999999998888314
1.0000000000326266
0.9999999995047394
1.00000000084223
0.9999999999614355
0.9999999999854441
0.9999999999358268
0.9999999998445881
1.0000000012707793
0.9999999998654421
1.0000000002384437
1.000000001371334
0.9999999999599116
1.0000000079226088
0.9999999998755486
0.99999999993362
1.0000000008967946
0.9999999989497788
0.9999999999213292
0.9999999999574619
1.0000000008631305
0.9999999962058552
1.0000000006281151
0.9999999991601547
0.9999999998366388
0.9999999997971306
0.9999999998469404
0.9999999998484395
0.999999999407167
0.9999999986653011
1.0000000016384625
0.9999999999497577
0.9999999994492781
0.9999999997345248
0.9999999998915723
1.0000000007606245
0.9999999996767239
1.0000000006595537
0.9999999994377423
0.9999999997844904
1.0000000013297958
1.0000000005995116
0.9999999999266054
0.9999999999186927
0.9999999994106212
0.9999999999048484
0.9999999998746973
0.999999999900089
0.9999999999426081
1.000000000225869
0.9999999997937142
1.0000000005577114
0.9999999997405621
1.0000000001883553
1.00000000018818
0.999999999644949
1.000000000019785
0.999999999877519
0.999999999288786
0.999999999207781
1.0000000012031354
1.0000000018759647
1.0000000033318572
1.0000000041677828
0.9999999998582032
0.9999999999569329
1.000000001996047
1.0000000023233788
0.9999999999214437
0.9999999998766204
1.000000000226762
0.9999999998987301
0.9999999995509734
0.9999999988649336
0.999999999770354
0.999999999965189
1.0000000004415237
0.9999999999623074
0.9999999997919261
1.0000000012977015
0.9999999999429597
1.0000000002942009
0.9999999999652447
0.9999999981430108
0.9999999996148158
1.0000000004846312
0.9999999865140613
0.9999999998664173
0.9999999997465439
0.9999999999649631
0.9999999998517104
0.9999999996523221
0.9999999997820602
0.9999999983974533
0.9999999999248489
0.9999999996961739
0.999999999881663
1.000000007499005
0.9999999997335378
0.9999999997843317
0.9999999980626929
0.9999999987458078
0.9999999999780085
0.9999999999821392
1.000000000796658
0.999999999745923
0.9999999998779607
0.9999999998745429
0.999999999842523
0.9999999999816436
0.9999999998600962
0.9999999997963932
0.9999999999856459
1.0000000276019736
0.9999999997376635
1.0000000007163092
