1.0000004134615945
1.0000008174747987
0.9999985891036166
1.0000246417705845
1.000001201093921
1.000000378591729
1.0000023002606309
1.0000014121165968
1.0000020237469018
0.9999997906659648
1.000000317482771
1.0000003653087093
0.9999995622729044
0.9999994162069177
1.0000005518802964
1.0000004010067347
1.000000723233692
1.0000023869793606
0.999998146027822
0.9999989743574227
0.9999993998991143
1.0000001472600055
0.9999989547414198
0.9999981928251442
1.0000018527628263
1.0000009927195808
1.0000142804060637
0.9999983881284467
0.9999994545330637
0.999999920838883
1.000000052440392
0.9999987694574471
0.9999996786415839
1.0000007936257564
1.0000017897010427
1.0000016443422979
0.9999983847484266
1.000000666185605
0.9999980406252568
1.000002369638382
0.9999980246911301
0.9999999471488508
1.0000031119107533
1.000001222558367
1.00000100656762
1.0000006799100083
0.9999992551614435
1.0000918801713252
1.0000041163172075
0.9999986100851163
1.0000006415677514
0.9999991540143616
0.9999997668257266
0.9999928915915822
1.00000122305782
0.9999996659273125
0.9999992086100477
1.000000289325185
1.000000432879115
1.0000026376234146
1.0000001487077077
1.0000063471226461
1.0000003631298962
1.0000004472123447
1.000000674803548
1.0000021265839096
0.9999972880406637
1.000000857154534
1.0000013210374685
1.000000172599472
1.0000007700049616
1.0000010088737334
1.0000009783106611
0.9999982592317154
0.9999992213715821
1.0000010368709826
1.0000019308831265
1.0000018098073034
0.9999997915103892
1.0000007528461219
0.9999949830808581
0.9999990997104744
0.9999976242889862
1.0000004492267236
0.999972104686605
1.0000107531393547
0.9999992629754599
1.0000009070989728
1.000005739920736
1.0000010174244909
0.9999999137928093
1.000001073558335
1.0000003021786863
0.9999991486028108
0.9999937967395535
0.9999944849573146
1.0000014741320935
1.000000313129437
0.9999996015533238
0.9999994867210256
0.9999997343281507
0.9999986934033919
0.9999988426616662
1.0000008069812054
1.0000000461751537
1.0000004748736875
1.000000879654913
1.0000013234216147
0.9999993812192329
1.000004878110784
0.9999885994903104
0.9999972562671826
1.0000009401668124
1.0000014900115255
1.0000011552479555
1.0000015119256003
0.9999993211464634
0.9999951985962517
0.9999997562222824
1.0000010965760167
1.0000000972288146
0.9999980367360187
1.0000020672915173
0.9999996458422018
0.9999996097378863
0.9999982265088927
0.9999994890235
0.9999951502194382
0.9999431981749209
0.9999989412432574
0.9999963201852177
0.9999997243965824
1.0000069561307652
0.9999989317543234
0.9999997892279899
0.9999993759950615
1.0000010789824998
1.000000932417467
1.0000115670208103
1.0000010775818844
1.0000000650541965
1.0000028551309175
1.0000015229385486
1.0000964205398737
1.0000011991233604
0.9999986241516784
1.0000008094700772
0.9999992365581141
0.9999891756471034
0.999992099041257
0.9999993791422801
1.0000069777144796
1.0000004575399466
1.000000067148393
0.9999993690747015
0.9999989156778037
1.0000032968255186
0.9999978821721992
0.999998983819365
1.0000004405278031
1.0000005583908953
1.0000027169134658
0.9999991713399168
0.9999995074592561
0.9999961795752841
0.999999065685718
0.9999981498171908
0.9999969546569714
0.9999988712759267
1.0000002662110061
0.9999959779001046
1.0000013661829
0.9999996057389032
1.0000001357746537
0.9999993815666126
1.00000032114111
0.999997941971666
1.000000136232422
1.000001199586781
0.9999994104660974
1.000039456915935
1.0000010786459166
0.9999985427487842
1.0000020213483434
0.9999985283022036
0.9999985271672022
1.000079153862147
0.9999928526680008
0.999997801719963
0.9999987665924367
0.9999992124673676
0.9999994041794859
0.9999990009267686
0.9999996353995342
1.000000160588908
0.999996480257042
1.0000001320129954
0.9999986891087644
0.9999994949292551
0.9999995105879761
1.0000015126378026
0.9999998565637878
1.0000007650578224
1.0000001783366614
0.9999994214681134
0.9999974201769654
0.999994812198406
1.0000005931396663
1.0000029855824522
1.0000045743372563
0.9999940984418766
0.999999642284748
0.9999996650284487
0.9999991984767408
0.9999849767431198
1.0000012964252694
0.9999979653669958
0.9999924266342891
1.000004840235381
0.9999985839073835
0.999998080660423
0.9999977137604331
0.9999989651116425
1.000001109594565
0.9999989198559335
1.0000007536911932
0.9999994693737038
1.0000000711676964
1.000002458559641
1.0000020351913934
1.0000033584908596
0.9999975960596864
0.9999997210929347
1.0000003845580168
0.9999996021872071
0.9999986781138961
1.0000007382301335
1.0000005224143675
0.9999996429310269
1.0000051494553988
1.0000008055335685
0.9999987148563795
1.000000072290634
1.0000006736285783
1.0000020430465963
0.999999621018431
0.9999998340088071
0.9999957137308282
1.0000092347454148
1.000000252579811
0.999997464597786
0.999999985260162
0.9999887168354817
1.0000028827097118
1.0000036876803369
0.9999954495297088
0.9999994616930677
0.9999994184992743
1.0000003000860462
0.9999989757479683
0.9999971288471898
1.0000002612628076
0.9999998044257459
1.0000010400611306
1.000001045661818
1.0000002839699362
1.0000018422389476
0.999998565939229
0.9999998095861946
1.0000015948995147
0.9999986400596939
0.9999969702204902
0.9999979603171306
1.000000693670287
1.00000029577511
0.9999985461460696
0.9999986929267017
1.0000009628263427
1.000004655809436
1.0000003267647453
0.9999977439486659
1.0000018280283276
1.0000018640181827
1.0000009580557574
1.0000009710311901
1.0000018585848631
1.000001715570697
0.9999987563092864
0.9999999267614347
1.000002064241609
0.9999975963422251
0.9999969325522057
0.999999552960928
0.9999941924556439
1.0000009418766658
0.9999988823911188
0.9999994091495622
1.0000666999436056
1.0000022390640795
1.000001762325606
0.9999986938923743
1.0000054372546607
1.0000003220357592
1.0000006643544967
0.9999886049617436
1.0000005630663806
0.9999986279877011
1.0000001524733126
0.9999977290955866
0.9999991333905937
0.9999886947246612
0.9999990506559595
1.0000033413959475
1.0000003044151735
0.9999972172050734
1.0000004320095752
1.0000006748940407
1.000000546956087
1.0000002857276442
1.0000004472058865
0.9999992341832242
0.9999965648066229
1.0000029445575267
1.0000012751991887
1.000075533739542
0.9999986236029758
1.000001102648151
0.9999986799305601
0.9999966466998622
1.0000031814381911
1.0000014258027776
1.0000010182717658
1.0000002916853445
1.0000005984755824
0.999998100500403
0.9999983781264028
0.999999382853574
1.0000006808332056
0.9999965783861643
1.0000094834954483
0.999999801546579
0.9999991017960471
0.9999996243811065
1.0000001408519692
1.000012309255692
1.000001147248292
0.9999995149630634
1.0000015600047238
0.9999977852405547
1.0000002966908699
1.0000029205399892
1.000002341961654
0.9999994702762267
1.000000507244872
0.9999985359384446
1.0000014235404635
0.9999993022894509
0.9999996529722933
1.0000011141818685
0.9999480113890923
0.9999976351465685
1.0000002435670503
0.9999956687320549
1.000000574824792
0.9999997162575798
1.0000032948789181
1.0000027719166016
0.9999988960547793
1.0000002127385852
0.9999995610024485
1.000000515177093
0.9999974430805835
0.999997982870103
0.9999997794963655
0.9999983697414935
0.999999371509281
1.000003904088743
1.0000010826767376
0.9999951080515592
0.9999981112664945
1.000000150257557
1.0000003401309854
0.9999975445988502
0.999999146186381
0.9999602778166984
0.9999906447663328
1.0000031582743547
1.000001613860693
0.9999991754841874
0.9999995129039289
0.9999955814437363
1.000003414816357
0.9999996199705861
0.9999994201799564
1.0000004629126802
1.0000072125334853
0.9999955037447361
0.9999884499743309
1.0000002265620371
1.0000008471984931
1.0000049890898155
0.9999992020881637
1.0000051147767763
0.9999994579255506
0.9999995179837596
1.0000006409356161
1.0000058903970248
1.0000021537657573
1.0000018266329402
0.9999996223801924
0.9999986009212514
0.9999990751458059
1.000010059009865
1.0000133556971615
1.0000002027770662
0.9999984286984352
0.9999986396847986
1.0000000683242374
0.9999983052872171
0.9999998394905841
0.9999988659135453
0.9999984262447141
0.9999999360880191
1.000013457040177
0.9999936111280261
0.9999996075920429
0.9999824687569208
0.9999956850334958
0.9999954455675656
1.0000000873899688
0.9999985201134034
0.9999962469070744
1.0000007641609059
0.999997995867223
1.000000926798301
0.9999997472125325
1.0000130835642564
0.9999977497517119
1.000002742680752
1.000000321842672
0.9999984964569603
0.9999979765060292
1.0000001914193903
0.9999988842252636
1.0000011365354031
0.9999994678619085
1.0000000441114987
1.000003651035572
1.000002982293935
0.9999985630078574
0.9999999729497372
1.0000002461710173
0.9999989880268326
1.0000072627201264
0.9999992645474098
1.0000079599331297
1.0000000555084405
0.9999993649346849
0.9999987683721259
0.9999993232191209
1.0000011000550408
1.0000004263507898
0.9999992174797073
1.00000377343035
1.0000023375939617
1.0000015134422824
1.0000104269204981
1.0041162221342135
0.9999982728522226
1.0000002302305024
0.9999996124111366
0.999999058932221
0.9999949898424221
1.0000019212375917
0.9999982846389883
1.0000010240353356
0.9999998389993429
0.9999980433221519
1.0000001070033255
0.9999987410467404
0.9999998976337302
1.0000008084180163
0.9999979556549348
1.0000009577588278
1.0000050967300125
0.9999997407793799
1.0000004639860582
0.999999942292095
1.0000001028306762
1.0000047815594497
1.000002642457807
1.000003262443652
0.9999978025267405
1.0000023242732672
1.0000003346061732
1.000001617037786
1.0000582618637874
1.0000573719796857
1.0000004054825413
1.000001153893515
1.0000007759537688
1.0000013927600722
0.9999996743435003
1.0000024326793613
0.9999896672467764
0.9999984443467482
0.9999991217961082
1.0000024291085945
1.000002191036572
1.0000010238777692
1.0000000342736621
0.9999982058713911
1.000001195720454
1.000001318058143
1.0000008656716044
1.0000002612116214
0.9999999022485134
0.9999991348910002
0.9999987490481207
0.9999938185155345
0.9999986602625922
1.0000021059778197
1.0000008564875589
1.0000133567918545
0.9999985735551211
0.9999985845007832
0.9999980597745699
1.000001663111552
1.0000007235263355
0.999998994323719
0.9999997217996762
0.9999985980664245
0.9999994989292899
1.0000001927476667
0.9999997330834373
0.9999974023470558
0.9999981328660821
1.0000000983023285
1.0000004288968583
0.999996759920216
0.9999984802733194
0.9999958343166805
0.9999992584657553
1.0000000077162918
1.0000004327443215
1.0000401148937774
1.0000005521966147
1.000000222420132
0.9999987259548261
0.9999993671208913
1.000004954039945
1.0000010130082044
0.9999995645349717
0.9999990172912183
0.999999893803962
0.9999991398652375
0.999999749354179
1.0000016160605896
0.9999981896065605
1.0000005372340097
1.0000004491881065
0.9999957037260018
0.999997604887078
1.0000005906333715
0.9999977678408104
1.000000002792869
0.9999964261462436
1.000000810844975
1.0000005223177397
1.000001236322148
1.0000005910069318
0.9999993419248681
0.9999983104534143
0.9999990662115198
1.0000033548668847
1.000001121982323
1.0000008172711568
0.9999996560358011
1.0000001314372455
0.9999991755955296
0.9999831240369038
0.9999992238187214
1.0000016361663038
1.000000233677213
1.0000006155498158
0.9999977704937465
0.9999997749922229
0.9999965529326109
0.9999999198914056
1.0000050281044273
0.9999990255685631
0.9999989733660541
0.9999991212486153
1.000000347178354
0.9999988110479169
0.9999949243006397
1.0000077434179153
1.000000945694137
0.999999848086736
0.9999995712317328
1.000000379695065
1.0000015878107231
1.0000036979228717
1.0000008442262103
1.0000014659282794
1.000003096008531
1.0000000232465356
0.9999990092631746
1.000005990023815
1.000000884797689
0.9999996907577364
1.0000000499414199
1.0000011387503016
0.9999987325622447
1.0000003257508001
1.000004192870581
1.0000015558524689
0.9999981269007292
1.0000009060366128
1.0000014206949648
1.000000246205377
1.000007951225744
0.9999981325497143
0.9999990476993253
1.0000009125391713
1.00000030516902
1.0000032629885431
1.0000067860717985
1.0000010085742321
0.9999977601262369
1.0000021879629737
0.999999791594238
1.000000237922897
0.9999999424728868
1.0000007807650038
0.9997602357832253
0.9999993054986522
0.9999990115351064
0.9999990645682434
0.9999992650728755
0.9999980769765244
1.0000206736094375
1.0001460498506618
1.0000056035477924
1.0000019558157518
1.0000007570644711
1.000001340748475
0.9999969046548768
1.0000015981402999
0.9999991535923056
0.9999976872368639
1.00000062751093
1.000013264332783
0.9999997670335024
0.9999725304934857
0.999999437348263
0.9999970272853509
0.9999971516922963
0.9999962869784019
0.9999980721690536
0.9999992580988234
1.0000001689060645
1.0000041436962679
0.9999994639800953
0.9999994094209176
1.0000001986791134
1.0000013600347057
0.9999991421020378
1.0000046828922127
1.0000001357807637
0.999996561162574
1.0000003253784342
0.9999997515055555
0.9999978864862286
1.0000022307192291
0.9999984626004237
1.0000009053877132
0.999995861284363
1.0000007466064158
1.000000590302026
1.0000001424038207
0.9999963004510908
1.0000013319616559
0.9999604025914115
0.9999986843831389
1.0000015178271344
1.0000013624245438
1.0000026771341868
1.0000182407158023
1.0000005275281267
1.0000005911606926
1.0000010163068247
0.9999999037096928
1.0000039519266524
0.9999986469146679
0.999997687380492
1.0000005900133289
0.9999999045260178
1.0000007153585477
1.0000010644504587
1.0000470659953289
1.000038344271338
1.000002325562634
0.9999997914986023
1.0000001374228122
1.0000071448516474
1.0000010073920682
0.9999990298773032
0.9999995646686771
1.0000011307552636
1.0000007306060972
1.0000005997508847
0.9999989004078457
1.0002741694128232
0.9999992418042019
1.0000009804967833
1.0000003862052087
1.0000041992946047
0.9999997012715006
1.0000005874090274
1.0000010998070799
0.9999973060647838
1.000001303345535
1.0000007489508385
1.0000000115323227
0.9999991445539446
1.0000010752421566
0.9999980791707834
0.9999992574947034
0.9999997514287734
0.9999988542958744
1.0000260044389784
0.9999992689009688
1.0000011089482992
0.9999988996779468
1.0000023798090274
0.9999991843878567
0.9999992691885822
1.0000020000188614
0.9999952844769615
1.0000004746185542
0.9999982714315766
0.9998507570381305
1.0000006624923639
1.0000018461282942
0.9999974971299814
0.9999973235609972
0.999999189490602
1.0000009792443558
1.0000003542959204
1.000000008871667
1.0000006893025812
0.9999935573556811
1.0000009641963201
0.9999974499418252
0.9999903081156855
0.9999823927893116
0.9999725396670467
0.9999989322912359
1.0000103325435072
1.0000005111615728
0.9999999881994298
1.000051588406037
0.9999970898923037
1.0000017694488643
0.9999989876906012
0.9999986874779921
1.0000009278425928
1.0000021899364213
0.9999984881670941
1.0000001121636295
1.0000004251329178
0.999886688293989
0.9999997400205808
1.0000008482905685
1.0000004030088112
1.0000003910529363
1.000000822677553
1.000001962271432
0.9999984302814499
0.999999251987779
1.0000018372051231
0.9999998650598187
1.0000063845006315
1.0000021444978315
1.0000006804632897
0.99999961170306
1.0000001991940504
0.9999999203237316
0.9999994897339848
0.9999677464589476
0.9999992503372815
0.9999998097668544
1.0000010113110045
0.9999999142929171
1.000006683126026
1.0000012950916135
1.000002269796943
1.0000008024830938
1.0000003186096786
0.9999988626164065
0.9999968115965835
1.0000010913911443
1.0000001484383565
1.0000012594508811
0.999998488098606
0.9999978284305002
0.9999991587598069
0.9999992756063817
1.0000003074725017
1.000000224764801
1.0000009047579834
0.9999965032613956
0.9999999354792829
1.0000075106925563
1.0000009693709266
0.999995603325822
1.0000015474994306
1.0000018116585663
0.9999973595877439
1.0000009103450191
0.9999983227820395
0.9999997170644261
0.9999956246844744
1.0000186099608628
1.000001162615356
0.9999990156219506
1.0000017066879816
1.0000012106102278
0.9999939117599973
0.9999987609868829
0.9999997917406245
0.9999965128051508
0.9999991266663556
0.9999985873044658
1.0000011612343453
1.0000021815806468
1.000000002338739
0.9999669886991761
0.9999994248555658
0.9999997544677981
0.999999054578662
1.0000038304761296
0.9999988057074496
0.9999999033256475
1.000003027699026
0.9999993224910931
0.9999985111055311
0.9999994903781797
0.999998537816564
1.0000007344785973
0.9999990215294913
0.999999852914423
1.000002880159835
1.0000012467084658
1.0000014480368609
1.0000005630193531
1.0000007085382165
0.9999989045326605
0.9999789829750593
1.0000013431299863
0.9999992068472682
0.9999992718442802
1.000001568959769
1.0000000031373246
1.000001341754427
0.9999998293396494
0.9999987421524225
0.9999997552921506
0.9999982094480049
1.0000013628402113
1.000003250474244
1.0000021228460196
0.9999891459205128
0.9999994683455283
1.0000032586429564
0.9999975082472716
0.999999028240219
1.000001553979603
0.999998619503857
0.999999463845532
1.0000004456689564
0.9999991452233902
1.000000989507326
1.0000003860381355
1.0000036860892858
1.0000019772467905
0.9999927452148284
1.0000061162306628
1.0000007940239244
1.0000006768851246
1.000002181876372
0.9999996899906337
1.0000352551836624
0.9999962650105502
1.00000014457641
1.0000001624740917
0.9999986276883033
0.9999990511321458
1.0000004998229464
1.0000008374623588
0.9999888173497719
0.999998877161887
0.9999990353054606
1.0000039582157736
1.0000008958744258
1.0000014883273245
0.9999972159139191
1.0000004070584467
1.0000012647153735
1.000001149906093
0.9999977436665484
1.0000017133194123
0.9999985859181331
0.9999996097842463
0.9999885314235754
1.0000009081048804
0.9999975208721898
1.000001082795005
0.9999999108690409
0.9999988633522661
0.9999729081386457
0.9999997499121351
1.0000032716400955
1.000000471734413
1.000000525275247
0.999999273123042
0.9999996372077353
1.000001510920607
0.9996295706646124
1.000000279745352
0.9999936362401649
1.000004868142554
1.0000319310562782
1.00000032646281
1.0000002440101112
0.9999994331981955
1.0000006937145318
1.0000035655480377
1.000001448996226
1.0000020817701203
0.9999866760225882
1.0000039885512477
1.0000000626400847
1.0000006389614964
0.9999997831825632
0.9999997027403614
0.9999998411909085
0.9999956718973788
1.0000001477978524
0.9999993542350739
1.0000045547959269
1.0000009178675093
0.9999953796772474
0.9999997339037711
0.999999361639224
1.0000012666987097
1.0000023584713331
0.9999999473494615
0.9999976528215699
0.999999607338521
1.00000420853164
0.999999241970243
0.9999975648495693
1.0000062815600743
1.0000005211026852
0.9999992490485927
1.0000018353497453
1.0000001073767344
1.0000000097734225
1.00000060920004
1.0000015232919621
0.9999994468578489
1.0000034338673505
0.9999982545894821
0.999999485418039
0.9999990765244224
1.0000027384341803
1.0000010576333012
0.9999971863789571
0.9999999720643542
1.0000005845836408
0.9999952335225265
1.000000800471154
0.9999993522801434
0.999995978001063
0.9999990380494164
0.999999871968136
0.999992739534111
0.999998750074688
0.9999973924897133
1.0000012647260292
1.0000012324081067
0.9999980449615842
0.9999996922114616
1.000003431073362
0.9999995034406459
1.0000015382570344
1.0000008782445537
1.000002055811767
1.000000892603524
1.0000074946732211
0.9999983371686857
1.0000008404170577
0.9999995737002922
0.9999774873845052
1.0000019793879555
0.9999981705122906
0.9999878552654204
0.9999998928350464
0.9999964975592224
0.9999993864422279
1.0000007453330546
0.9999539871331791
1.000000959691598
0.9999986661321397
1.0000010086448206
1.0000007336116004
0.9999983667985042
0.9999991574747246
1.000001089099677
1.0000010734481561
0.9999996872667528
1.0000008266144413
0.9999998665635418
0.9999991097228373
0.9999969534197826
0.9999983793127862
1.0000006801491002
0.9999881362072511
1.000000599890653
1.000001083326442
1.0000015277969734
0.9999983676676665
1.0000001127990172
0.9999956180866679
0.9999958852756081
0.9999988975774905
1.0000012978184922
0.9999989123372871
1.0000009362290927
0.9999983002423658
0.999999024523517
1.000006604390668
1.000002131899417
0.9999988929459067
0.9999996865118723
0.9999997856301486
0.9999853387891062
1.0000012846845274
1.000003205514996
0.9999925057691125
0.9999994664597305
0.9999970397131916
0.9999963425330899
0.9999985808342272
1.0000000927019492
0.9999961262238417
0.9999896627502849
0.99999905934252
1.0000018235953452
0.9999987239252025
1.000001740104774
0.9999988846842364
1.0000007829238076
0.9999989736142814
1.0000403171486667
1.0000003974905252
1.0000014703496296
1.0000006196482427
0.9999988757239292
0.9999979602559653
0.9999911545403679
0.9999999603251919
0.9999991547790101
0.9999992209386488
0.9999975432314296
1.000000579366883
1.000000704770606
0.9999991201269732
0.9999847576837578
1.0000008095666018
0.9999991713743849
1.0000008184141607
1.000004518447813
0.9999984196609986
0.9999982408166517
0.999999525636238
1.0000007721050277
1.0000251930143764
0.9999988384886682
0.9999999376504459
0.9999995256330309
0.99999984189976
1.0000089284720521
0.9999843271316028
1.0000014981619705
1.0000121340087902
0.9999979476726807
1.0000007732460388
1.00000517720567
0.9999994168912232
1.0000003793522263
1.0000029472195668
1.000045678006617
1.00000019998756
1.0000071311226888
1.0000010065834617
0.9999510219655731
1.0000020400512752
1.0000007522276615
0.9999996915320766
0.9999998486817876
0.999998092859027
0.9999971238044121
1.0000013347300774
1.000000219053208
0.9999999734188965
1.0000009967479713
0.9999982291619562
0.999999103987046
0.9999999984591927
0.9999981794654197
0.9999989305159853
1.0000039067562694
0.9999997970793308
0.9999567262436788
1.0000012656719461
1.0000000915944758
0.9999996802230653
0.9999973167886763
1.0000012496915474
1.0000005547876822
0.9999991336065631
0.9999989421521144
0.9999999354516305
0.9999993435392387
1.000001691187223
1.000001501531185
1.0000003716716217
0.9999999707100943
0.9999987330011064
0.9999973410558274
0.9999998699929838
0.9999996974279628
0.9999980429288616
1.0000009302200283
1.0000082239421284
0.9999998224752285
1.000002220569159
0.9999989084884153
1.0000007040550967
0.9999994554845765
0.9999985532460731
0.9999995859461317
0.9999998525643815
0.999999857356514
0.9999997050650655
1.0000013529465297
0.9999932933357875
1.0000013171644413
1.0000101504928858
0.9999993008959089
1.0000399499396546
1.0000018479310901
1.0000002218845097
1.0000020304174182
1.0000008545984886
1.0000028691817289
1.0000038285506503
1.0000106474502912
0.9999977893829629
1.0000069315526752
1.0000001225496542
1.0000004734441752
0.9999993099786556
0.9999991512076218
0.9999991734082078
1.0000016272614605
1.000000524112155
1.0000005682705202
0.9999989575128525
0.999999490073066
1.00000431514627
1.0000024914656809
1.0000007753065472
0.999999992283634
0.9999977449019772
0.9999991740024244
1.0000010546727396
0.9999993780895593
0.9999990577167847
0.9999609210602473
1.0000031125541182
0.9999996072865631
1.0000002818964526
1.0000131497037994
0.9999993054370243
1.0000005628637494
1.0000000899496413
1.000000460109015
1.0000156332029144
1.0000006443320892
1.0000001996894605
0.9999991661201834
1.000012309475974
0.9999994804325218
1.0000000820235384
0.9999997788328956
0.9999999200000019
1.0000011269839433
0.9999989022551269
1.0000046372431224
1.0000016285576407
1.0000013361905877
0.9999995548875249
0.9999995018869952
0.9999989609084308
0.99999793845776
0.9999998492642796
1.000002420405706
0.999997902449578
0.9999996606359051
0.9999986351098544
1.0000010267195942
0.9999995087800779
0.9999993538188243
1.000001203696363
0.9999980909729834
0.9999949589642676
0.9999997158626074
1.0000007445828634
1.0000007435603226
1.0000005726273657
1.0000233784570463
1.000001131474671
1.0000002094351466
0.9999992790803025
1.0000018822185823
1.0000057406603156
1.0000015885427924
1.0000010801903398
0.9999977711028071
0.9999896814844937
1.0000011679031116
0.9999988316391115
0.9999927913793084
1.0000001172673096
1.0000062737412203
1.0000005215251693
1.0000007459130955
0.9999993427487399
0.9999997077372128
0.9999798825323059
1.0000007409214613
1.000001765109948
1.0000025224368507
1.0000256758684647
1.000014902162737
0.9999948374658431
0.9999996857394678
1.0000000738594514
1.0000007129080917
1.0000079995018134
1.0000008802843832
0.999999549161538
1.0000007337956638
1.0000007321744395
0.9999990114093354
1.0000000857411695
1.0000005064010316
0.9999993179081406
0.9999992386390562
0.9999994415850016
1.0000003523527514
1.0000015266543107
1.0000091839172747
0.999999939542542
0.9999993692574523
0.9999984552776656
1.0000005326036718
1.0000003670379825
0.9999988474788771
1.0000010842472562
0.9999939552911389
1.0000050147793724
0.9999982376018196
1.0000021919944913
1.0000014727423128
1.000017623497994
0.9999995868517749
1.000031329258861
1.0000010700739848
1.0000014299201456
0.9999986468147497
0.999999371710514
0.9999994175872975
0.999999845074678
1.0000005779995518
1.0000011020688628
1.0000018141099214
1.0000027879638105
0.9999987785725151
1.000004843356024
0.9999995774653931
0.9999963587681397
1.0000005833397685
1.0000008673397307
1.0000002899787943
0.9999998421282296
0.9999981731723164
1.0000174478898163
0.9999999838932799
0.999997679205013
0.9999983823489542
0.9999998481145476
0.9999994111291464
1.0000007529811599
1.0000013846227471
0.9999961886882339
0.9999990287034639
1.000003416416439
0.9999995098266925
1.0000025198278861
0.9999990287688661
1.0000076959140014
1.0001042038280556
1.000000014303822
1.0000040612991978
0.9999996315198414
0.9999973609820643
1.0000005514433552
1.000006855090255
0.9999992080163834
0.9999989760104973
1.0000026267248665
0.9999967774306406
0.9999996534294091
1.0000024054446859
0.9999977567193316
0.9999999834108718
0.9999870645765898
0.9999997506456654
0.9999986768421951
1.0000008826028093
1.000001010703592
1.0000004221067256
1.0000003690512718
0.9999991728939019
1.0008486756126544
1.0000020118999375
0.9999962070269389
1.0000081599304198
0.9999991790648591
1.0000011949111922
0.9999986251680303
1.000001529405171
0.9999991106246943
1.0002235188581297
0.9999999074007232
0.9999998665141167
0.9999988120722331
1.0000006403203043
0.9999943064886194
0.999998140944783
1.0000012472338833
0.9999996242178153
1.000000719668877
0.999997754118457
1.000001601371576
1.0000003528717951
0.9999976373902235
0.9999990510271707
1.0000007160846849
0.99999876672864
0.9999994376280344
1.0000019203692867
0.999981123410912
0.9999960862053692
1.0000011690624921
1.0000010146782226
0.9999992879915994
1.000000700781641
0.9999994415871599
1.0000369456464187
0.9999991384565495
0.999998994196229
0.9999982399980004
0.9999972253068756
1.0000010851253152
0.9999986410833502
0.9999991592134335
1.000001043927305
0.9999965107501494
0.9999989606968145
0.9999925133385342
1.0000007903062982
1.0000020394894036
1.0000011927956947
0.9999992828978433
0.9999980951047784
1.0000019426134554
0.9999975953660446
0.9999969422910523
0.9999952308016363
0.9999998945230354
0.9999989874955822
0.9999967660932122
1.0000021383951319
0.9999988941153716
0.999942099925016
1.0000002805322965
1.0000003107286164
0.9999994135555976
1.0000017883640016
0.9999922028949727
0.9999955943466701
0.9999996067455793
0.9999937880430685
0.9999999274373621
0.9999988224666022
0.9999959153562146
0.9999992015884541
0.9999991742836085
1.00000146254356
0.9999995064307089
0.9999999937641895
1.0000007438207834
1.0000028983739753
1.0000090273594726
0.9999997749169502
0.9999988553714207
1.0000007785134628
0.999998923067347
1.0000132421260717
1.0000705330906314
0.999997784264586
0.9999976705603782
1.0000036667329315
1.0000003148509415
0.999997737610219
1.0000003255141063
0.9999996381422369
1.000002035593173
1.0000066311578768
1.0000010672951367
0.9999941887901612
1.0000018535939306
1.0000003625792218
1.000001616809369
1.0000009739866622
0.9999995604863916
0.9999997066884766
0.9999989271592319
1.0000004931919557
0.9999992903096463
0.9999988252559879
0.9999969967290553
1.0000003914366238
0.9999969800215442
0.999999375192351
1.0000002707179372
1.0000007188811175
1.0000006483259964
0.999999359436143
1.0000014478438222
1.0000036253371112
1.0000020886152823
0.9999985752192397
1.0000012840488832
1.0000006038611438
0.9999997194606659
1.0000023397285553
0.9999995945253499
1.000002810975002
1.000000873502225
0.9999993537730809
1.000000980617993
1.0012007551523998
0.9999993264390287
1.000000298315067
1.0000006795879492
1.0000000723020706
1.0000003343949195
1.000003343934802
0.9999998066878593
1.0000005257209177
0.9999988836974624
0.99999988072307
0.9999989694688973
1.0000344258964544
1.0000028903479385
1.0000005800071676
0.9999998352057708
0.9999971281780073
1.0000004048098399
1.0000008580858613
1.0000018186372424
0.9999984543066509
1.0000002466281617
1.0000000915432679
1.000001311471664
1.0000003156687844
0.9999997592108607
0.9999975843312519
1.000000025511379
1.0000086433739601
1.000000878286088
1.000000426701877
0.9999943403719632
0.9999995546514917
0.9999993787938938
1.0000131791527678
1.000016679178188
0.9991149868537041
0.9999996118931204
1.0000022029787072
0.9999994112032209
1.0000008196806982
1.0000000091223449
1.0000007236799084
0.9999988022232768
0.9999721627999972
1.0000043503628273
1.0000004222677759
0.9999999829561341
0.9999992543246025
1.000002277184571
0.999994645657938
0.9999939000013295
0.9999991019617792
0.9999977220663082
1.0000001808125367
0.9999982339224125
1.0000002432599855
1.0001675058942205
1.0000004726319136
1.0000006042212883
1.0000075672075928
1.000000670848539
0.9999998201924051
1.0000022076203057
0.999998160100835
1.0000047813566908
1.0000025486729418
0.9999989072505394
1.0000018523448149
0.9999998337455579
0.999999844426387
1.0000003139570333
1.0000009301627402
0.9999987385488514
0.999999037178376
0.9999999209622287
1.0000006198164866
0.9999978978624363
1.0000006984227534
1.0000002311814298
0.9999992771242763
1.0000007822820525
1.0000033464579134
0.9999969648314675
0.9999992519563471
1.0000043662376208
0.9999966658041282
1.0000002072699836
1.0000047925887674
0.9999986146032528
0.9999996687257846
0.9999996834568156
0.9999839089160824
1.0000016969221077
0.9999985415168652
1.0000010364805716
0.9999989220454255
0.9999966478574374
0.9999989786420025
0.9999843680163961
1.0000003044267571
0.9999997933825115
0.9999993498993917
0.9999995453691188
1.000001701456479
0.9999992664215256
0.9999998381752546
1.0000006365662564
0.9999965897730608
0.9999968776190787
0.9999981755086936
1.0000022918298708
0.9999991456479445
0.9999998084221847
1.000000533000701
1.0000011791129886
0.9999984424349753
1.0000007527816617
1.0000096707179593
1.000000262281978
0.9999994731762997
0.9999991448778212
0.9999997375549051
1.0000363465192206
1.0000008051503824
0.9999995253107462
0.999999676429667
1.0000004268114295
1.0000015854752982
1.0000008109204206
1.0000005105201693
0.9999991851778814
0.9999974203757716
1.0000077943605348
1.0000012320792608
0.9999980993556359
0.9999984834833903
0.9999973895248174
1.0000001384382236
0.9999958913276707
1.0000016644122325
0.9999999646591929
1.0000008480981377
1.0000125694745035
1.0000019325488774
0.9999986279320615
1.0000002978206817
1.000001863036598
0.9999995844783548
0.9999863631851861
0.9999991627362765
1.0000005629422182
1.0000006866024718
0.9999994310112122
0.9999960539788376
1.0000010974987334
0.9999950617632999
1.0000036761411573
1.0000022639664365
1.000000960338847
1.000004247041576
1.0000009029269237
0.9999991891065617
1.0000004585724562
0.9999994176775304
1.0000001178611344
0.9999991161915228
1.000000405846942
0.9999970916327993
1.0000008700217367
1.00000923677018
0.9999997511742597
1.0000005202196403
0.9999994248868782
1.0000012385538628
0.9999988420131897
0.9999994560977459
1.000013992933645
0.9999999835596811
0.9999995328405062
1.000002179400821
1.0000002000436208
1.000001123034332
1.0000005554515694
1.000002293179528
0.9999682755962414
0.999999227569791
1.000007921539258
1.0000014969185078
0.9999989045744903
0.9956728647147453
1.0000009676621235
0.9999980379295386
0.9999993221887731
1.000001520655814
1.000000612623538
1.0000008473093092
0.9999974322570808
1.0000032442457851
1.0000021984449787
0.9999995802912794
0.9999970387972513
0.9999995451775531
1.0000006535027512
1.000002674455759
0.9999980129870447
1.0000004895529537
0.9999995966798839
1.0000028332192212
1.0000015980362484
1.0000022006403848
1.0000010826987025
1.0000008120540564
1.0000006192449822
1.0000006832383392
1.000000395179704
1.0000017152482894
1.0000003100387294
0.9999987392586412
0.9999993239183403
1.0000003366552799
0.9999995479564928
1.0000267407549701
0.9999456245283577
1.000000274557548
1.0000008823621307
1.0000011631549366
1.0000020666847085
0.9999992123705231
1.0000002173823308
0.9999997891710632
0.9999953336355115
0.9999970970936827
1.0000019999012522
0.9999999130109158
0.999999209389099
0.9999995040913926
0.9999991543829186
1.0000006219466604
0.9999989876448989
1.0000003306849403
1.000001190918747
0.9999999957894151
0.9999980259667306
0.9999994623483367
0.9999946472193977
0.9999996912462851
0.9999996706347279
1.0000052645496447
1.0000004568408067
1.000000035455152
1.0000003889052018
1.0000001920009784
0.9999915332962044
1.0000000110390816
1.0000005171046766
0.9999986780955328
0.9999963568283651
1.0000020058013774
0.9999943990236113
1.0000012595399235
1.0000158990793162
0.9999990839086411
0.9999997399029117
1.0000011083605849
1.0000155034693898
1.0000020081310792
0.9999995247638651
0.9999956143623806
1.0000013444268385
0.9999983466973106
0.9999997982852318
1.0000002267328212
0.9999984772358084
0.9999999283920511
0.9999984469390464
1.0000011507262971
0.9999979489154031
0.9999998457695105
0.999998809824889
0.9999998985203681
1.0000138290419367
1.0000000771164803
0.9999898641453261
1.0000085999906143
1.0000010895239029
0.9999997813856976
1.0000007070769292
1.0000014544995577
1.0000005373673726
0.9999996297047445
0.9999996356114318
1.0000002306071063
0.9999994177643006
1.0000046421647946
0.9999992706519061
0.999999147038005
1.0000003811662472
1.0000011468251093
0.9999991983746617
1.000001596782505
1.000122470775801
1.0000016880962652
0.9999997492166819
1.0000056428178168
1.0000026882236555
0.9999994744975792
0.9999996472850209
1.0000001882553455
1.0000026441565975
0.9999968233547113
1.0000026150739172
1.0000016057019672
1.0000007419745207
1.0000009199988764
0.99999587191183
1.000000800719507
1.0000007160421027
0.9999988274517935
0.9999968935352722
0.9999989789948099
1.0000004767579604
1.0000003363622374
1.0000001751140353
0.9999996159720173
0.99999625586305
0.9999984404125487
0.9999994520843705
1.0000013940160262
0.9999998489832181
0.999999409155666
0.9999983625770954
0.9999999526711231
0.9999790893026511
1.0000002028082593
1.0000131132897825
0.9999991475671517
1.0000071358773228
0.9999991235426002
0.9999992560799488
0.999999835485618
1.000000833663912
0.9999992867750559
0.9999992085424966
0.9999994161223895
0.9999994535013198
1.0000034753786848
0.999998004984348
1.0000072726128353
1.0000001361231898
0.9999999501320473
0.9999993874807067
1.0000001679138386
1.0000006391074294
0.999999161166449
0.9999997096796707
1.0000024773779366
1.0000007688023471
0.9999971329323946
0.9999970735560708
0.999974841421792
1.0000013486325898
1.0000004281236217
0.999993578311597
0.9999983141859792
0.9999993707201518
1.0000008727301555
1.0000009261238705
0.9999980637079983
1.0000503715627111
0.9999985005943235
0.9999997073416469
1.0000615018111545
1.000000513598129
0.9999895966843557
0.9999992752833304
1.0000053490450151
1.0000022923853409
0.9999993921855754
0.9999965188859893
1.0000003601209593
0.9999994024865221
0.9999998046004491
0.9999997794776786
0.9999995329591194
1.000002415070451
1.0000001458540824
0.9999994932783901
0.9999998205059001
0.9999996036796377
0.9999983147756433
1.0000009648358616
1.0000073275958583
0.9999984962616869
1.000000391018418
0.9999993908231525
1.0000005255423408
0.9999991034069028
0.999999478320118
0.999999163219417
0.9999945305734145
0.9999801738647995
1.0000007377727997
0.999996215050767
0.9999995969290117
0.9999994340515838
0.9999997448741095
0.9999987674335648
0.999996865828567
0.9999999469908845
0.9999955529367093
1.0000004677407208
0.999999055832306
0.9999984318709012
0.9999996614736025
0.9999990132273218
0.9999989800560299
0.9999998388088528
0.9999719299240557
0.9999990519665078
0.9999976751816226
1.0000007599715606
1.0000020706844153
1.0000004640296305
1.0000040585961476
1.0000003928738224
1.0000021978610043
0.99997670371487
1.0000004922628358
1.0000008318319105
1.000000063200714
1.000003344937111
1.0000005985819884
0.9999968642250368
1.0000004753479566
0.9999975137039269
1.0000026911344402
0.9999937408292408
0.9999960169731426
1.0000007490690688
1.000011237380692
0.9999993321078529
0.9999965034514967
1.000002772788125
0.9999994634265568
1.000002888221317
0.9999859295318092
1.0000011655306387
1.0000006239265637
0.9999992295516701
0.9999999596881601
0.9999995266437317
0.9999963112244867
1.0000014283695293
1.000001591153132
1.0000004791590722
1.000003695814194
0.9999996907111414
1.0000006888410533
1.0000039784082775
0.9999985482783997
0.9999969409816285
0.999999544680971
1.0000005537843892
1.0000020469575792
0.9999947761035228
1.0000052071595005
1.0000005478771061
0.9999987321115907
1.0000006858959785
0.9999994832589283
0.9999989791839218
1.0000004701422207
1.0000026897694057
1.0000021508352546
0.9999989037208078
1.000002350148192
1.0000009193769293
0.9999989564607883
1.000002301478147
1.0000001252638473
1.0000074269871075
1.0000041566214342
1.0000027366779847
0.999999306336088
1.0000021162677852
1.0000002307209102
0.9999987868743208
1.0000005267472147
1.0000004264475777
0.999999614204535
1.0000017015595126
1.0000011449721091
0.999998960760552
0.9999988981084639
1.0000090880640948
0.9999993358475665
0.9999990581031322
1.0000009329269675
0.9999993542257878
0.9999966700835033
0.9999810834881308
1.000000181162488
1.0000002825053422
1.0000232655153387
0.9999995205608245
1.0000034742311485
0.9999994700130296
1.0000031029390162
1.0000332879087062
1.0000005721615852
0.9999854454627356
1.000000223977313
1.000001268526794
1.0000015966766893
1.0000001260720972
0.9999860250838454
1.000000844725842
0.9999985185444976
0.9999992607861826
1.0000001730370582
0.9999918331872362
0.9999942608697913
0.9999995760981722
1.000000620928916
0.9999966497525273
1.0000006055031212
0.9999959683466942
0.9999943797920383
1.0000003077290889
1.000002333960665
0.9999841631810872
1.0000002322074497
1.0000093079528876
1.0000036259487184
1.000006515652707
0.9999753127868785
0.9999994520167858
1.0000003158297468
1.0000008214509712
0.9999989974316004
1.0000240255292523
0.9999997714433284
1.0000040379525936
1.0000003015308268
1.0000007591476987
1.0000011520387524
0.9999982966850209
1.0000010811850817
1.0000007141753515
1.0000008450093092
1.0000009367626779
1.000092062296295
1.0000019999680525
0.9999970758516639
1.0000003451349866
1.0000022456921962
0.9999998957179894
1.0000032553813367
1.000000800020602
0.9999825269330739
0.9999980370741713
0.9999995257270918
0.9999955577428523
1.0000004112220107
0.9999996733395605
0.999996699007403
0.9996285874959691
1.0000092165818908
1.000001005043296
0.9999994585496288
0.999997616163618
1.000000855929494
1.000000656481026
0.9999996043673
0.9999982638285414
1.0000002651196407
1.000022101451434
1.0000016974256756
0.9999697610701429
1.0000008331350918
1.0000056458382058
0.999999094495254
0.9999995264743782
1.0000020372645884
1.0000008805094853
0.9999984697652646
0.9999992864939399
1.000002268497313
0.9999991733001036
1.0000007896827163
0.999999252050754
1.0000021265813666
1.0000005181664249
0.9999999230133716
1.0000023821633792
1.000000700492088
1.0000009032380068
1.0000009694508045
0.9999977794490874
1.0000012659617363
1.0000013117762945
1.0000027825083184
0.9999993242380933
0.999999104448928
1.000000139570716
1.0000032204565388
1.0000094450982253
1.0000678513842314
0.9999985379296045
0.9999886269584544
1.0000027526910205
1.0000011382168161
1.000004364694302
0.9999683905383479
0.9999988863069569
1.0000002438531876
0.9999993355727369
1.0000000861097873
0.9999985838360713
0.9999994208038949
1.0000025215683281
0.9999999616117128
1.0000011801486002
1.0000034001335114
0.9999933638238582
0.9999993018322967
0.9999981695179067
1.0000011327994067
1.0000009264684033
1.0000005909642082
1.0000003454310507
1.0000011921467307
1.0000005166993982
1.0000006641181478
1.0000006039676892
0.9999984519099443
1.0000016588904495
1.0000000632788768
0.9999993629249789
1.0000003314211088
1.0000133764257602
1.0000013204957685
1.0000007164025748
1.0000001620936716
1.0000001357113806
1.000001574625227
0.9999998769335027
0.9999988785173811
1.0000009281901152
1.000000418896518
0.9999996011722674
1.0000000564893698
1.0000004208445377
0.9999989455361206
1.0000037793149679
0.999992503255537
0.9999984336741353
0.9999999049796457
1.0000010356179656
1.0000006918591915
0.9999999449493086
0.9999997412946199
1.0000133961217934
1.000001631668975
1.0000011973061773
1.0000012057475627
0.999989139880725
1.0000002499193061
1.0000008896258747
0.999998956164065
0.9999993374787184
0.9999996646492021
0.9999977061599004
0.999997060170532
0.9999987324172431
0.9999996628683835
1.0000001855027072
1.0000017661295655
0.9999987970178112
1.0000004941759246
0.9999998759021694
0.9999995216147175
1.000001042806532
0.9999894520968988
1.0000009010754327
0.9999987189663119
0.9999999234927078
0.9999985437167639
0.9999994439246462
1.0000001523085165
0.9999972135375914
0.9999947842384991
1.0000032397089518
1.0000012488706653
0.9999996818755094
0.9999995700449548
0.9999971867358958
0.9999992082442396
0.9999990632422812
1.0000005085124306
1.0000020270654608
0.9999998321741462
1.0000001116813568
1.0000003104571469
1.0000012450103133
1.0000015082771947
0.9999993698938522
1.0000018661240124
1.0000040129991137
0.9999989145069703
1.0000007954803014
0.9999994799336865
0.9999995030443452
1.0000003279310874
0.9998815685078472
0.9999845323236328
0.9999987897465465
1.00000108531185
1.000004496203048
1.0000007425575368
1.0000113596453504
1.000002535292233
1.0000016553493134
1.0000006897653375
0.9999974871463962
0.9999943530979156
0.999999936912294
0.9999990777689859
0.9999999786311816
0.9999993440715903
1.0000017437175492
0.9999976003931207
0.9999986976797575
1.0000005537386185
0.9999996794085859
0.9999968934208753
0.9999995793971972
0.9999998306740799
1.000000641540887
0.9999994838119874
1.0000006662887695
1.000008199638238
1.000000281096817
0.9999991862780059
0.999999784026923
0.9999985791786369
0.9999999499289799
0.9999997095725252
0.9999988847257146
0.9999995712176902
1.0000037738269854
0.9999993766022985
1.0000034381442373
1.00000331506955
0.9999993822472639
1.0000009306777737
1.000000036379275
1.0000013742038456
1.00000146359598
0.9999991215151831
1.0000017734036046
0.9999999558296164
0.9999964439244732
1.0000019237026387
0.9999976650953015
1.0000016258707012
0.9999999127375271
1.0000011897540486
1.0000002462883597
0.9995166606674957
0.9999990938080336
0.9999998265825628
0.9999986736773483
1.0000016501514999
0.9999983467294552
0.9999985888339177
0.9999997761165249
1.0000019796837005
0.9999990140036935
1.0000009540731136
0.9999989648292757
1.0000011576488628
1.0000003482869124
0.9999783218351473
1.0000005575453563
0.9999983325142862
1.0000003630488952
1.00000073361583
1.0000052079084234
0.9999979146698283
1.0000009756615371
0.9999981369548734
0.9999997808679353
0.9999985574456757
0.99999935199944
0.9999988155834563
0.9999993187091339
1.000000092478049
1.000000108791097
1.0000003833538817
1.0000010295436161
0.9999928585949329
1.0000016669532863
1.0000012666727653
1.0000006984395016
1.0000000113731182
0.9999966002855675
1.0000211206616878
0.9999992695833789
1.0000004806062346
0.9999992525311457
1.0000011452101785
1.000001410925357
0.9999999300396485
1.0000002616368489
1.0000012770068942
1.0000003426533879
1.0000009374417629
0.9999957933866208
1.000000286990953
0.9999972018575579
1.0000001614503813
1.0000000649937575
1.0000011253264696
0.9999991863112131
0.9999995485054445
1.0000020374739391
0.9999994603481921
0.9999992575517355
1.0000012101349345
0.9999966609469617
1.0000005247726846
0.9999948900138984
0.9999995981868286
1.0000013972836859
1.00000043618357
0.9999994743791425
0.999996009873454
1.0000027183900966
1.0000016520516355
0.9999991665037353
0.9999962422489905
0.9999991677528386
0.9999953121140708
1.0000043112645354
0.9999987855943913
0.9999988636707945
1.0000021268115185
1.0000002698115313
0.9999994943802444
0.9999992643800448
1.0000012438723862
1.0000006854758634
0.9999987309298612
0.9999980650674462
1.000000691389989
0.999999215467079
0.9999990167290447
1.0000007029016251
1.000001089703096
0.9999985100801831
0.9999985766377462
1.00000029276739
0.999994975310246
1.0000009180770657
0.9999987683108054
1.0000032567102188
1.0000008644145209
0.9999977815788235
1.0000004602147303
1.0000014633924497
0.9999771399471672
1.000000220297189
0.9999983438269796
1.0000023967521956
0.9999989570340025
0.999984162278296
1.0000032343918317
1.0000000973400704
0.9999995348517532
1.0000017297136559
0.9999985484795253
1.0000004283552053
1.00000088763854
1.000000937039773
0.9999971411147829
0.9999976055746814
1.0000018027295121
0.9999997010787478
1.000066546580639
0.9999997371414895
0.999998434253477
0.9999994216188965
1.0000012278917887
0.9999938984181432
1.0000009093718634
0.9999993516672128
1.000000653214975
1.000000454132559
0.9999966618548409
0.9999992474145194
0.9999997540565603
1.000000099535523
0.9999999537064846
1.000000455651671
1.0000018101365302
1.0000006522710752
0.9999983184520762
0.9999991834675703
0.9999993640547338
0.9999988415403518
1.0000022256002978
1.0000012869188768
1.0000008146822092
1.0000009601158952
1.0000002366459488
0.9999861062168784
0.9999968750639122
1.000007283625755
0.9999997319490782
0.9999998818622586
1.0000005532513334
0.9999978149432657
1.000002757922719
1.0000005735906026
1.0000011731754193
0.9999989044247803
1.000000605453958
0.9999989591315499
1.0000010282615257
0.999998514459982
0.9999981031308518
1.000002804602978
0.9999990084846239
1.0000052979569685
0.9999966476142768
0.9999980026596417
1.000000522061647
1.0000056165241897
0.9999988543874905
0.9999889513311117
0.9999942072939465
0.9999990180428829
0.9999994986634816
0.9999992200183283
1.0000010610796213
1.0000010267209598
1.0000007856742428
1.0000061317556237
0.9999979229781999
0.9999891545698428
1.0000011584418382
1.0000004594279355
0.9999992016503529
1.000000814681172
1.0000010261391412
0.9999990043745689
0.999997202716958
0.9999991378810633
0.9999975554954457
1.0000097361839464
0.9999997646321713
0.9999983788932212
0.9999995504353935
1.0000169446982652
0.9999935795082433
1.0000012581934508
1.0000036622497703
1.0000008902503237
1.0000016571931898
1.0000011797618935
1.0000014384570182
1.0000095515002745
1.0000007029921474
0.9999981837585294
0.9999978263453707
0.9999983893263182
1.0000033957237922
0.9999970332628748
0.9999977917006359
1.0000008034112997
0.9999949869184417
0.9999981237975286
0.9999948233877405
1.000118127400295
0.999997504788044
0.9999966925121856
0.9999986869388962
0.9999900435508509
1.0000005347797605
0.9999994382334456
1.0000007650738616
1.00000141012361
0.9999985129466652
0.9999986212199498
1.0000009514999133
0.9999999813692138
0.9999988233978291
0.9999603859913057
0.9999974678983816
1.000001397401597
1.0000012771807725
1.0000052406703217
0.999998777465713
1.0000004392737196
0.999995433440597
0.9999992516394853
1.000000613195425
0.9999997017762282
0.9999897353687667
1.0000008670228773
1.0000000840014713
1.0000006695976094
0.9999999811243768
0.9999999678406416
1.0000015342182842
0.9999994098170576
0.9999997636890446
1.000000706780158
1.000000544748655
1.0000115766617246
0.999999011982139
1.0000019172203651
0.9999990350859356
1.000003787133163
0.9999988371089095
1.000001128526491
0.9999453445951424
0.9999998740537432
0.9999990682776762
0.9999996539404113
0.9999998511288087
0.999985907782981
1.0000092498649755
1.0000003063772804
1.0000007514112073
0.9999965530464501
1.000000713926054
0.9999986900497454
1.0000034018945143
0.9999999372866668
0.9999994702015752
0.9999587156266624
1.0000017836466752
0.9999998652594454
0.999999299741179
1.0000017936672667
0.9999994802410402
1.0000002467895401
1.0000005933462393
0.9999992792402644
0.9999740398774593
0.9999998412584917
0.9999996964239442
0.9999996328740554
1.0000068420300667
1.000000637189887
1.000004221185073
1.0000109850685641
0.9999992934661602
0.9999991050162413
0.9999363091683845
0.9999996369128424
0.9999995252506616
0.9999960978384416
1.0000377455823501
1.000000812420174
0.9999998393489655
0.9999992680022872
0.9999992500605199
1.0000014393465746
1.0000009747060006
1.0000005462685657
0.9999978382215033
1.0000011654513288
0.9999991763920946
1.0000010829207757
0.9999997469346573
0.9999991783447489
0.9999985735749021
0.9999997142708978
0.9999992739636431
0.9999955376221394
0.9999989556070094
0.999998952704529
0.9999995001272035
1.0000008556371265
0.9999973432085518
1.000000116163957
1.0000007434391325
0.9990059719377972
1.000000888201899
1.0000009760740936
0.9999992886749176
0.9999999541493799
1.000005624471874
0.9999999581604163
1.0000032263114054
1.000000137172871
0.999998611189239
0.9999981657245276
1.0000061221986603
0.9999965976902304
1.0000028776535532
0.9999988704994502
0.9999993092458146
1.0000007547862626
0.9999993261316727
0.9999902211148699
0.9999992418839639
0.9999984087963278
0.9999993667268728
1.00000068191758
1.0000016543305588
0.999998195705019
1.0000045520176726
1.0000022900047083
1.0000046944941052
0.9999992416294442
0.9999994577757855
1.000167869545552
1.0000018478886457
0.9999996032335984
1.000000178808252
1.0000013895966557
0.9999973646551024
0.999999143184135
0.9999998615846931
1.0000029512844892
0.9999999611648949
1.0000005311062394
1.0000147908373194
1.0001559472410773
1.000002844915499
1.0000000668499391
1.0000009901206066
0.9999984816865205
1.000000109486157
0.99999881049009
1.0000002659088363
0.9999987269216116
0.9999992980244224
0.9999991478180864
1.0000107474692406
1.0000001739066982
0.9999996003494079
1.0000001041750655
1.0000007375373476
1.0000033997338844
1.0000015027839142
0.9999927712490975
0.99999983162094
1.000002383976217
1.0000006148799452
1.0000017807035568
1.0000016692258076
0.9999990657028536
1.0002217870359105
1.0000010907555077
1.0000004441552677
0.9999989864264573
1.000015912475403
1.0000054803928846
1.0000010546208047
1.0000033994470785
0.9999991021023321
1.000001776631149
1.0000010021739816
1.0000002452598011
1.00000370698677
0.9999993814815761
0.9999991735334235
1.0000003513268247
0.9999965713235257
1.0000001459541048
1.0000005924959268
0.9999995563959073
1.0000010298864213
1.0000000620658542
0.9999989732032936
1.0000003485882076
0.9999998581958238
1.0000001891464159
0.9999991427011421
1.0000003211775041
0.9999995267666072
1.0000022253044278
0.9999991722856252
1.00000023404677
0.9999993873890226
0.999998848060162
1.000002890582865
1.0000071890968465
1.0000011998921918
1.0000008653576673
1.000000205528065
1.0000010046255812
1.0000004320100497
0.9999990489331557
1.000000388656773
0.9999989081655701
1.0000022216985105
1.000003639505295
0.9999982434315651
0.9999995140152588
1.0000019281988164
0.9999978480881999
1.0000021090838167
0.9999955090501998
1.0000007125246861
0.9999970175783343
1.0000031233925222
1.0000006079786752
0.9999996898208913
1.0000015638228825
1.000000822434152
1.0000006313217507
0.9999672085121757
1.0000029571493683
0.9999986703951547
0.9999943910633036
1.0000088478794646
0.9999870427777585
0.9999995762638687
0.999998936377436
0.9999993427373759
1.0000034112427958
1.0000009644397194
1.0000001039305921
1.0000001563795682
1.0000008353078844
1.000000063471733
1.000023241488589
0.9999998415499142
0.9999966012956186
0.9999993514473321
1.0000035870706465
1.0000011546731853
1.0000100041066529
0.9999997523071726
0.999999262128051
0.9999997368529514
1.0000004120571588
1.000002552665207
0.9999995331937702
1.0000005152311064
1.0000055174856304
0.9999999069751537
1.0000008113984369
0.9999995595670467
1.0000008663380695
0.9999994830030189
1.0000047033514414
1.0000004802162386
0.9999974337147092
1.0000007196402754
1.0000007061016416
0.9999991747377768
0.9999997876883928
0.9999936625765113
0.9999972155727791
0.9999975120747268
0.9999999881468019
0.9999973639234279
1.0000010083284647
0.999997549119251
1.0000102908827888
1.000004589429287
1.0000017695635537
1.0000025101923142
1.0000003359257559
1.0000001070395825
0.9999988271391331
1.0000008438355101
0.9999986494140589
0.9999897279456256
0.9999984353712235
1.0000000013247003
0.9999980665497173
0.9999828026992111
0.9999996023775785
0.9999934042471498
1.0000010635931245
0.9999850498187058
0.9999969653493886
1.000001341917034
1.0000040412533295
1.0000001919586208
1.0000013633149978
1.0000009114490076
1.000020564206008
1.0000011458376332
0.9999996054570579
0.999997208398905
1.000000204434099
0.9999996577328135
1.0000003601871903
1.000000092411381
0.9999985825115231
0.999998327216798
0.9999997550413426
0.9999991898466091
0.9999991854087624
1.0000004538174079
1.000000094879193
0.9999999782523488
1.0000002190555908
0.9999987496301772
1.000000868160483
1.0000003368898316
0.9999993635744832
0.9999993439211132
0.9999976175933514
0.9999986710625091
1.0000000358372092
1.0000002995853443
1.000001135143688
1.000000451971462
0.999997148105643
1.0000026724653146
1.0000007091593128
0.9999961150610366
1.0000000913546763
1.0000007444597638
0.9999987864602001
1.000001490618458
1.0000023529481248
1.0000000526265105
0.9999998183714002
0.9999953650876604
0.9999998646293378
1.0000000973154575
0.9999984725558443
1.000002684080039
1.0000022896352367
1.0000000962601039
0.9999985276283614
1.0000202985553368
0.9999986987564998
0.9999977813504468
0.9999959050372678
1.000004351177547
1.0000011375336624
0.9999998419754741
0.9999999699472724
0.9999999449966624
1.000001013598021
0.9999960043327342
1.0000004692297393
1.0000013333783089
0.999978078870942
1.0000022552029393
1.0000042830484546
0.9999994375344353
1.0000007898885213
0.9999999671079232
0.9999990179220948
0.999999524662478
0.9999981868619396
0.9999247630437923
0.9999995170639521
0.9999992526671656
0.9999991658832744
0.999998842665902
1.0000240724246667
0.999999688881099
1.0000004861439213
0.9999977963429678
0.9999994830012761
0.9999936539137355
1.0000007747112059
0.9999982896130685
1.0000012810401449
0.9999902377986364
1.0000000935771056
0.9999984552593026
1.000000991530517
1.0000023119704213
0.999999538467095
1.0000007984516908
0.999997867134146
0.999999324723506
1.0000199024131928
0.9999903513824514
0.9999978569601041
1.0000071118626237
1.000000170369602
0.9999995729376081
1.0000006950975417
1.000000458452669
1.0000002275143345
1.0000012522785746
0.9994389440846684
1.0000008400848626
0.9999992051282395
0.9999938744303631
1.0000007076501307
1.000000980231084
1.0000007041424563
1.000000159381709
0.9999999862330372
1.0000045122956822
1.0000007149944232
0.9999994066781546
1.0000022028658158
0.9999988419186824
0.9999998804178305
0.9999968981281362
0.9999960890993715
1.0000004296087441
0.9999995809829276
1.0000001708251842
0.9999999561235461
1.0000012337716533
0.9999992541883824
0.999997630220862
1.0000029873915015
1.0000008595645364
1.0000144039885877
1.0000004377519938
1.000001238988941
1.0000005248524728
0.999997629207171
0.9999977324172468
1.0000002784621465
0.9999902329064547
1.0000157648403791
0.9999955242664716
1.0000001474503608
0.9999942224335003
1.0000002474017489
1.0000035652573893
0.9999985878452872
0.9999953071319665
0.999995653547882
1.0000021747728893
0.9999990399757397
0.9999871747837866
0.9999998304896066
0.9999996801473108
0.9999937532122216
0.9999982517139018
0.999992379943899
1.0000002217925659
0.99999254440234
0.9999999006235399
1.0000056596021618
1.0000019139108993
1.0000002104972123
1.0000003433275708
1.0000005505439136
0.9999997201745522
1.0000011677450165
0.9999993153649656
0.9999978236390824
0.9999989346545038
1.0000020593161054
1.0000007258532488
0.999998088324339
0.9999951436330803
0.9999995357472671
0.9999996309225934
0.9999995422370206
1.00000341659631
0.999973929578118
1.0000009008389936
0.9999879275126313
1.0000039462170762
0.9999414778756309
1.0000003786556644
1.0000002626383273
1.000001846445131
1.0000022242018554
1.0000003562033355
1.0000006218796924
0.9999983206857971
1.0000000840130059
0.9999978073765323
1.0000129209452007
1.0000004078513653
1.0000005774120169
0.9999958868723687
1.0000004748359608
0.999998745964919
1.0000007453702786
1.0000003237674655
0.999999381606354
1.0000004647499932
0.9999890257029028
0.999999213311117
0.9999980011236219
1.0000160460154903
1.0000008984543085
1.0000023775634403
0.9999993024207404
0.999999867091396
0.9999991583903114
0.9999983414821859
0.9999980988452382
1.0000015470312664
1.0000004224448271
0.9999998116527155
1.000017884643995
0.9999991556208463
0.999999353214204
0.9999998323468712
0.9999945906929285
0.999999661451296
0.9999992161630871
1.00000008673026
1.0000002620898882
0.9999987975984997
1.0000004295722673
0.9999998107659431
0.9999994831598225
1.0000005811464032
0.9999988959128889
1.0000000054002283
1.0000293663265922
1.0000006016735188
0.9999961984478332
