1.0000000000124367
0.999999999938592
1.0000000001035423
0.9999999999727966
0.9999999999138097
0.9999999999977586
1.0000000000015608
1.0000000000426428
0.9999999999941359
0.9999999999933508
1.000000000005294
0.9999999999937557
1.0000000000179066
0.9999999999734642
1.0000000000589404
1.0000000000095555
0.9999999999944706
0.9999999999304525
1.0000000000179368
1.0000000000120643
1.0000000000000473
1.0000000000874067
1.0000000001061236
1.0000000000089044
0.9999999999548179
0.9999999999957098
1.000000000134416
1.000000000046236
1.0000000000016016
1.0000000000033533
1.0000000001003528
1.0000000000062719
1.0000000000058236
1.0000000000302731
1.000000000060187
0.9999999998823245
1.0000000000689102
0.9999999999925312
1.0000000000144824
0.9999999998512769
1.0000000000170282
0.9999999998477347
1.0000000000316274
1.0000000000033398
1.0000000000669913
1.000000000139122
0.9999999999996998
0.9999999970159777
0.9999999999497495
1.0000000000046227
1.0000000000124034
1.0000000000381308
0.9999999999958903
1.000000000061052
1.0000000000287024
1.0000000000182823
1.0000000000068499
1.0000000000183427
1.0000000000163338
0.9999999998367969
1.0000000000205918
1.0000000001950664
0.9999999999518296
0.9999999999987611
0.9999999998938538
0.9999999998798778
1.0000000000213394
0.9999999999893399
1.0000000000041682
0.9999999999930362
0.9999999998994399
1.0000000000146525
1.000000000002974
0.9999999999944154
1.0000000000030802
0.9999999999029981
0.999999999935123
1.0000000000123768
1.0000000000194371
1.0000000000607085
0.9999999999354713
1.0000000000250282
1.000000000098441
1.0000000000056755
1.0000000014937382
0.999999999716022
1.000000000022332
0.9999999999796256
0.9999999996982509
0.9999999999241633
1.000000000010368
1.00000000000968
0.9999999999418432
1.0000000000078417
1.000000000109566
1.0000000000204647
0.9999999999436314
1.0000000000222529
1.0000000000072793
1.0000000000103164
0.9999999999817831
0.9999999999814823
1.00000000000949
0.9999999999702459
1.0000000000125586
0.9999999999963486
1.0000000000219686
1.0000000000076164
1.0000000000029294
1.0000000000188491
1.000000000186884
1.000000000000391
1.0000000003003706
1.0000000000015015
0.9999999999794
0.9999999999848133
1.0000000000064644
1.0000000011036867
1.0000000000145566
0.99999999995716
0.9999999999836598
1.000000000021114
0.9999999999222516
1.0000000000384528
1.0000000000130524
1.0000000000190108
1.000000000043084
1.0000000000451497
1.00000000044188
0.9999999999877202
0.999999999925222
1.0000000000104856
0.9999999999849081
1.0000000000514087
0.9999999999994513
1.0000000000346108
0.9999999998426264
0.9999999999965863
1.000000000081211
1.0000000000035127
0.999999999965135
1.0000000000507256
1.000000000132683
0.9999999973174141
1.0000000000055431
1.0000000000044242
1.0000000000040665
1.0000000000030014
1.0000000000843987
0.9999999997074045
0.9999999999846636
0.999999999783685
1.0000000000119154
0.9999999999997061
1.000000000010368
0.9999999999683218
0.9999999999882447
0.9999999999959779
1.0000000000055895
1.000000000004588
1.000000000012708
0.9999999999803194
1.0000000000120786
0.9999999999672365
1.0000000000564377
1.0000000000075064
1.000000000023486
0.9999999999938248
0.9999999999909956
1.0000000000099956
1.0000000000321543
1.0000000000223221
1.000000000025375
1.000000000017883
0.9999999999998912
1.0000000000007374
1.0000000000178124
1.000000000000339
1.0000000000048779
0.9999999999948325
0.9999999986547008
0.9999999999929067
0.9999999999762725
0.9999999998318762
1.0000000000048257
0.9999999999969221
0.9999999986697298
0.9999999997112574
1.000000000107625
1.0000000000131477
1.0000000000025142
1.0000000000058527
1.000000000013229
0.9999999999943893
1.0000000000567624
1.0000000001554192
1.0000000001247635
1.00000000011142
1.00000000004008
1.0000000000157847
0.9999999997665864
1.0000000000073535
1.0000000000042168
0.9999999999941842
1.0000000000032343
1.0000000000282483
1.0000000001293363
0.9999999999679803
0.9999999999942348
0.9999999998612543
1.0000000001138751
1.0000000000047549
1.0000000000018778
0.999999999921871
1.0000000002125946
0.9999999999647686
1.0000000000148077
1.0000000001275384
0.99999999980267
1.0000000000625002
1.0000000000094578
1.0000000000220222
0.9999999999922312
0.9999999999091627
1.000000000002328
1.000000000003277
1.0000000001139235
1.000000000021619
0.9999999999721799
0.9999999997772638
0.999999999819036
0.9999999995739252
0.9999999999983524
0.9999999999874544
1.0000000000090303
1.0000000000690583
1.0000000000218745
0.99999999999625
1.0000000000098865
0.9999999996830776
1.0000000000368083
1.0000000000088436
0.9999999999754366
0.9999999999864214
1.0000000000654645
1.0000000000050528
0.9999999999753431
1.0000000002166423
0.9999999994225398
0.9999999999985358
1.000000000189979
1.0000000000018003
1.0000000000556064
0.9999999999224609
0.9999999996940047
1.000000000125422
1.0000000000006608
1.0000000000089588
1.0000000000054885
0.9999999999953072
1.0000000000444391
1.000000000011659
0.999999999999442
1.0000000000122087
1.0000000000088567
1.0000000000576805
1.0000000000335398
1.0000000000310132
0.9999999999895041
1.0000000000152098
1.0000000000080023
1.0000000000073042
1.0000000000198104
0.9999999999921468
1.0000000000086344
1.0000000000921105
1.0000000000071485
1.0000000000520897
1.0000000000872593
1.000000000007075
1.0000000000921205
0.9999999999996312
1.0000000000318976
1.0000000000041254
0.9999999999431994
0.9999999999260347
0.9999999998033395
1.0000000000284661
1.0000000000261833
1.000000000007995
0.9999999999540832
1.0000000000144467
1.0000000000102465
1.000000000006815
0.9999999999379741
1.0000000000402773
1.0000000000087552
1.0000000000035
0.9999999998758069
0.9999999999904258
1.000000000023253
1.000000000004717
1.0000000000476439
1.0000000000172262
1.0000000000904843
1.0000000000534441
0.999999999985122
0.9999999999986909
0.9999999999331156
0.9999999999857212
1.0000000000135931
1.0000000000251177
0.9999999998411198
0.9999999999907434
1.0000000000071547
1.0000000000015563
1.000000000006758
1.000000000000113
1.0000000000212244
0.9999999999905741
0.999999999994457
1.0000000002342737
0.9999999998613761
0.9999999999767311
0.9999999880906023
1.000000000024721
0.9999999998925984
0.9999999999883735
1.000000000257167
1.000000000050428
0.9999999999839417
0.9999999999218621
1.00000000001359
0.9999999999973403
0.9999999999988132
1.0000000000005385
1.000000000007077
1.0000000000092448
1.0000000000299316
1.0000000007839984
1.00000000002076
0.999999999993213
1.0000000000116447
1.0000000000091733
0.999999999487114
0.9999999999899607
0.9999999999973418
1.0000000000606435
1.0000000000056004
1.0000000000007336
1.0000000000752316
1.0000000000109373
0.999999999988789
1.0000000000061913
1.0000000000210254
0.999999999998459
0.9999999999875818
1.0000000000095932
1.0000000000446216
1.0000000001370808
0.9999999999996674
0.9999999999810757
1.0000000000049383
1.000000000005726
1.0000000000127778
0.9999999999169092
0.9999999997926423
1.0000000000295703
1.0000000000069686
1.0000000000452296
1.0000000000078892
1.0000000001201057
1.0000000000302622
0.9999999999729109
1.0000000000071596
0.9999999999968764
1.0000000000839173
1.000000000007257
1.0000000000298688
1.0000000000104556
0.9999999999995853
1.0000000000169
0.9999999999974002
1.000000000005694
1.0000000004834158
1.0000000000934115
0.9999999999550679
0.9999999998737424
1.0000000000030527
1.000000000015059
1.000000000018293
0.999999999659607
1.0000000000236375
1.000000000008554
1.0000000000809675
1.0000000003877307
1.0000000000840417
1.000000000090026
1.0000000000047067
0.9999999999821406
0.9999999996328098
1.000000000004295
0.9999999997232334
1.0000000000104876
0.9999999999846233
1.0000000000109828
0.9999999997277884
0.9999999998693647
1.0000000000585447
1.0000000000014162
1.0000000000112488
0.9999999999481038
0.9999999998716452
0.9999999984181186
1.0000000000415534
1.0000000000072777
1.0000000000172504
1.0000000000032534
1.0000000000212543
1.0000000000188785
1.000000000001768
1.000000000023998
1.0000000000105862
1.0000000001556315
1.000000000031661
1.0000000000024254
0.99999999998568
1.0000000000232196
1.000000000047697
0.9999999999279904
1.0000000000155833
0.9999999999990993
1.000000000004316
1.0000000000023863
1.0000000000077414
1.0000000000253546
0.9999999986373165
1.0000000000033429
0.9999999999508141
0.9999999999831285
1.0000000000113178
1.0000000000189868
0.999999999998725
1.0000000000042644
0.9999999999013272
1.0000000000391007
0.9999999999603033
1.0000000000336302
0.9999999999335722
1.0000000000142835
1.0000000000059186
1.0000000000019225
1.0000000000667029
0.9999999996415009
1.0000000000122358
0.9999999999774378
1.0000000000145655
1.0000000000193014
1.000000000076259
1.0000000001451614
1.0000000000060079
1.0000000000139986
1.0000000000026297
0.9999999998587241
0.9999999998703499
0.9999999999949204
0.9999999998290792
0.999999997288742
1.0000000000096767
1.0000000000115519
1.0000000000143854
1.000000000018834
1.0000000000534928
1.0000000001722829
1.0000000000203229
1.0000000000006881
0.9999999999763011
1.000000000002654
1.00000000002629
1.0000000000037808
1.0000000000043767
1.0000000000033389
0.9999999999492145
1.0000000000107738
0.999999999791624
1.0000000000135587
0.9999999999961792
1.0000000000074372
1.0000000000816445
0.9999999998444754
1.0000000000060933
1.0000000000270017
1.0000000000349558
1.0000000001625664
1.0000000000073481
0.9999999999525621
0.999999994620991
1.000000000892245
1.0000000000049096
0.9999999999949792
1.000000000024904
1.0000000000088825
1.0000000000427465
1.0000000000059688
1.000000000306714
1.0000000000061242
0.9999999999326528
0.9999999999029845
0.9999999999126225
1.000000000003587
1.000000000037915
1.000000000020197
1.0000000000104436
1.0000000000067624
1.0000000000042657
1.0000000000146485
1.0000000000067084
1.0000000000083025
1.0000000000069051
1.000000000584514
0.9999999999075372
0.999999999717212
0.9999999999828086
0.9999999996576779
1.0000000000101674
1.0000000000171556
1.0000000000319174
1.000000000003161
1.0000000000129274
1.0000000000354317
1.000000000012906
1.0000000001519582
1.0000000000054372
1.000000000017214
0.9999999999876624
1.0000000000845635
0.9999999998673226
1.0000000000078795
1.0000000000026585
0.9999999999894078
1.000000000149182
1.000000000035955
1.0000000000024456
1.0000000000124925
0.9999999999632357
1.0000000001529843
0.9999999999892666
0.9999999999853996
0.9999999999760684
0.9999999999917293
0.9999999999811621
1.0000000000028102
0.9999999999785186
1.0000000000143108
1.0000000001610492
1.0000000000103422
1.0000000000067237
1.0000000000113245
0.9999999999939221
0.9999999999907482
0.9999999999998679
1.0000000000502312
1.000000000007272
0.9999999999987073
1.0000000000066958
0.9999999999978456
1.000000000006636
1.0000000000099107
0.9999999999978866
0.9999999999690464
0.9999999999913958
1.0000000000007176
0.999999999949136
0.9999999999964853
0.9999999999988712
0.9999999999980611
0.9999999999845527
1.0000000000039009
1.000000000021293
0.999999999979435
0.9999999998072998
1.0000000000053644
1.0000000001806775
1.0000000001453793
1.0000000000041682
1.000000000013965
0.9999999999611269
1.000000000072843
1.0000000000214335
0.9999999997533654
1.0000000000078257
1.000000000009244
1.000000000001816
1.0000000000231457
1.0000000000203815
0.999999999971163
1.0000000000221845
0.9999999999961834
1.0000000000661626
0.9999999999865484
0.9999999999912625
0.9999999999330428
0.9999999996873815
1.0000000000079619
1.0000000000823628
1.0000000000261982
1.000000000049698
1.0000000000595253
0.9999999995117825
1.0000000000053337
1.000000000002883
0.9999999998420849
0.9999999998975236
1.0000000000071476
1.000000000035997
0.999999999801908
1.0000000000181253
1.0000000000270335
0.9999999999916908
0.9999999999950092
1.0000000000034268
0.9999999996414779
1.0000000000178901
0.9999999999657874
0.9999999999981303
1.0000000000045752
0.9999999999726974
0.9999999997787773
1.0000000000165705
1.0000000000221188
0.9999999998448038
0.9999999999754591
1.0000000000000284
0.9999999999734382
1.0000000000141942
1.0000000006000895
1.0000000000026843
0.9999999999786027
1.0000000000054903
1.000000000017182
1.0000000000614093
0.999999999806003
0.9999999963324704
1.0000000003130158
1.0000000000000346
1.0000000000067146
0.9999999999472403
1.000000000029414
0.9999999998834151
1.0000000000015978
1.0000000000097937
0.9999999998686822
0.9999999996056662
1.0000000000166298
1.0000000000590588
1.0000000000000873
1.0000000000363223
1.0000000000004277
1.0000000000737441
0.9999999999879956
1.0000000000017024
0.9999999999309745
1.0000000000228488
1.0000000000162423
1.0000000000038087
1.0000000001262301
0.9999999999770788
0.9999999999888499
0.9999999997893291
0.9999999999929283
1.0000000000129625
1.000000000015825
0.9999999999981054
1.0000000000132092
0.9999999999274517
1.0000000001304377
1.0000000000644882
0.9999999997721277
1.000000000003711
0.9999999999795891
0.9999999999995904
0.9999999999490686
1.0000000000906661
0.9999999998714183
1.0000000000648632
1.0000000000106921
1.000000000154367
0.9999999999757615
0.9999999998929567
1.0000000000060139
1.0000000000175027
0.9999999999969623
0.9999999999955064
1.0000000000814324
1.0000000000754499
1.000000000009587
0.9999999999317746
1.000000000008431
0.9999999999695993
1.0000000000152356
0.9999999987578221
0.9999999981635421
0.999999999923126
1.0000000000071492
0.9999999999917948
1.0000000000196587
1.000000000006617
1.000000000028903
0.999999999996593
0.9999999999111414
1.0000000000244424
0.9999999999949376
1.0000000000076563
1.0000000057831822
0.9999999999993586
0.9999999999971327
0.9999999999606616
0.9999999997790608
1.0000000000009628
1.000000000055228
1.0000000000010774
1.0000000001231273
1.0000000000134042
1.0000000000024825
0.9999999999478777
1.0000000000217195
1.0000000000120317
1.0000000000095572
0.9999999999202905
1.0000000000083855
1.0000000000174285
1.0000000003791427
1.0000000000013982
0.9999999998375034
0.9999999999985827
0.9999999999083674
0.9999999999989645
1.0000000000131586
0.999999999482058
0.9999999999952419
1.0000000000480544
1.0000000000062461
1.000000000474968
1.0000000000241218
0.9999999998689895
1.0000000000168034
1.0000000000306903
0.9999999999860965
0.9999999999907432
1.000000000006537
1.0000000000143925
0.9999999999984958
1.0000000000320588
0.9999999999091314
1.0000000000522633
1.000000000009819
1.0000000000140985
1.000000000237988
1.0000000000072924
0.9999999981639079
1.0000000000043954
0.9999999999644669
0.9999999988215617
0.9999999999473356
1.0000000000101832
0.9999999999951886
1.0000000000013798
1.0000000000069813
0.9999999999542674
0.9999999989593764
0.9999999999710139
0.9999999999400055
1.000000006546678
1.0000000000135192
1.0000000000024445
1.000000000024874
1.0000000000098581
0.9999999999168411
1.0000000000067821
1.0000000000067857
1.000000000012194
1.0000000001300713
0.9999999999707252
0.9999999999811999
0.999999999930979
0.9999999999947793
1.0000000000018545
1.0000000000113591
0.9999999999926233
1.0000000000061118
0.9999999998725456
1.000000000006164
0.9999999999941992
0.9999999999967915
1.000000000004799
0.9999999999668245
0.9999999999745798
1.0000000000011648
1.0000000000146962
1.000000000018131
1.0000000000054536
1.0000000000378573
0.999999999927782
1.0000000000155411
1.0000000000337133
0.9999999999948784
1.000000000126778
1.0000000000009375
1.000000000004776
0.9999999999935814
0.9999999999912645
1.0000000000193654
0.9999999979541043
1.0000000000058653
1.000000000052994
1.0000000000106826
1.000000000012601
0.9999999999043742
1.0000000000080727
0.9999999999174162
1.0000000000033844
1.0000000000054317
0.9999999999842559
0.9999999999258359
0.9999999992968278
0.9999999999751712
1.0000000000349858
1.0000000000061255
1.0000000000048141
1.000000000057269
1.0000000000140072
1.0000000000559028
0.9999999999913475
1.0000000000066978
1.000000000003028
1.000000000000821
0.9999999999220777
0.9999999999995662
1.0000000000037605
1.0000000001118154
1.0000000000029552
1.000000000008116
1.000000000005673
0.9999999999957633
0.9999999999019735
0.9999999999816003
1.0000000000027227
0.9999999999743066
1.0000000000141605
1.0000000000087854
1.0000000000019384
1.0000000000018414
1.0000000000014215
0.9999999995867044
0.9999999999443593
1.0000000000029499
0.9999999999974708
1.0000000000013929
1.0000000000025946
0.9999999988677413
1.0000000000100595
1.0000000000025469
0.9999999999915394
0.9999999999880328
0.9999999999989704
1.0000000000113038
0.999999999998026
0.9999999999968536
1.0000000000058684
1.0000000001651472
0.9999999999922683
0.9999999999951803
0.9999999999342536
0.9999999999341359
1.0000000000273765
0.9999999999147632
1.0000000000096758
0.9999999999838687
1.0000000000130846
1.0000000000010274
0.9999999999922732
1.000000000026522
1.0000000000441933
1.00000000000648
1.0000000000207294
0.9999999997216825
0.9999999999025361
1.0000000000637208
0.9999999999852631
0.9999999999765671
1.0000000000043885
1.0000000000692308
0.9999999999680412
1.0000000019084245
1.0000000000097904
1.0000000000135465
0.999999999999647
0.9999999999740444
0.9999999999900068
1.0000000000169613
1.0000000000032385
1.0000000000114546
0.9999999999954042
1.0000000000100024
0.9999999998390544
1.0000000000176106
1.0000000000003946
0.999999999978743
1.0000000000023552
1.00000000000304
0.9999999999996547
1.0000000000021712
0.9999999999221658
1.0000000000137297
1.0000000000021507
0.9999999995568054
1.0000000000150913
1.0000000000064941
0.9999999999891404
1.000000000001117
1.0000000000037088
0.9999999997982606
0.999999999953616
0.9999999999125201
0.9999999999982064
0.9999999999226783
1.000000000008437
0.9999999999995849
1.0000000000030622
1.0000000027069853
1.0000000000382965
1.000000000009726
0.9999999998132771
0.9999999991051962
0.9999999999800171
1.0000000000372178
1.000000000036766
0.9999999999996135
0.9999999998345772
1.0000000000015261
0.999999999942262
1.0000000000159688
0.9999999998084426
1.0000000000012612
0.99999999999514
1.0000000000146971
0.9999999999904786
1.000000000005052
1.0000000000206861
1.0000000000146565
1.0000000000058555
0.9999999999471147
0.9999999999089606
1.0000000000089138
1.0000000000299556
0.9999999999728825
0.9999999999762179
0.9999999999640524
1.0000000000012212
1.0000000000018465
0.999999999999389
1.000000000018968
1.0000000000189204
1.0000000001487028
0.9999999999803251
0.9999999999997846
1.000000000007837
0.999999999947448
0.9999999999854964
0.999999999966418
1.0000000000001854
1.000000000009282
0.9999999999892863
0.9999999998805756
1.0000000000133793
1.0000000000033589
1.0000000000101432
0.9999999998814952
1.0000000000017186
1.0000000000144098
1.0000000000139047
1.0000000000047682
0.9999999999013794
0.9999999999827345
0.9999999994528236
0.9999999999928019
1.0000000000105638
1.000000000033983
0.9999999999617113
0.999999999996542
1.000000000017237
0.9999999999689081
0.9999999999490059
0.9999999999687892
1.0000000000070197
0.999999999994518
0.9999999999871653
0.9999999997998394
1.0000000000077502
0.9999999999429324
0.9999999999680533
0.9999999997727838
0.9999999999649325
1.0000000000022697
1.0000000000146143
0.9999999995554343
0.9999999999309921
0.9999999999968153
1.0000000000045233
1.0000000000295994
1.0000000000077336
0.9999999999832537
1.000000000032556
1.0000000000086853
1.0000000000079283
0.9999999999648856
1.0000000000036127
1.0000000000139198
1.0000000003558693
1.0000000000251943
0.9999999999407948
1.0000000000028362
1.0000000000065474
1.000000000071432
1.0000000000141225
1.0000000000824059
1.0000000000076552
1.0000000000012483
1.0000000000023788
1.000000000027425
1.0000000000034128
1.0000000000109115
0.9999999999617595
1.0000000000048166
1.0000000000205889
0.9999999999578076
1.000000000004195
1.0000000000320308
0.9999999998568946
0.9999999999893117
0.9999999999691059
1.0000000000141664
1.000000000001491
1.000000000015021
1.0000000000042284
1.0000000000521474
1.000000000004879
1.0000000000010814
1.000000000009212
0.9999999998845192
0.9999999998602317
0.9999999999408435
0.9999999999751307
1.0000000000155187
1.000000000026249
1.0000000000430502
1.0000000000021725
1.0000000002413576
0.9999999998511458
0.999999999984002
1.0000000000023497
1.0000000000101903
0.9999999999071706
1.0000000000219122
0.999999999987244
1.0000000000139933
0.9999999963865098
0.9999999999990626
1.0000000000159424
0.9999999999975911
1.000000000001633
1.000000000006962
1.000000000085003
1.0000000000053908
1.000000000001419
0.9999999999973985
1.0000000000020264
1.0000000000092202
0.9999999999964404
1.0000000000023321
1.0000000002309626
1.0000000000034324
1.0000000000571163
0.9999999999805217
1.0000000000099494
1.0000000000079339
1.0000000000076237
1.0000000000093707
1.0000000000127598
0.9999999999991844
1.0000000000605396
1.00000000000382
0.9999999999844171
1.000000000001195
0.9999999999367041
1.0000000000268396
1.0000000000017164
1.0000000000495672
0.9999999999758448
0.9999999999741788
0.9999999997123455
0.9999999999882981
0.9999999999578028
0.9999999998579356
0.9999999999232112
1.00000000001028
1.0000000000053988
1.000000000004175
0.9999999999741483
0.9999999999796098
0.999999999948079
1.0000000000038773
0.9999999999947383
1.0000000000301672
1.000000000006253
1.000000000003432
1.0000000000118252
1.000000000006177
0.9999999999846757
1.0000000000194518
1.0000000000063358
0.9999999998854264
1.0000000000030993
1.0000000000035312
0.9999999997722062
0.99999999998958
1.0000000000359266
1.000000000010489
1.0000000000027436
0.9999999999999829
0.9999999999962929
1.0000000000145295
1.000000000056415
0.9999999999993823
1.000000000016296
1.000000000007806
0.9999999999919671
0.9999999999709894
1.000000000002442
1.0000000000018603
1.0000000000315916
0.9999999999773937
1.0000000000856664
0.9999999999931763
1.0000000000045361
0.9999999999858704
0.99999999990073
0.999999999977686
0.9999999999983603
0.9999999998720465
0.9999999999754288
0.9999999999993856
0.9999999999938864
1.000000000001264
0.9999999999875012
0.9999999999821967
1.0000000000016644
0.9999999999900373
0.9999999999865284
1.0000000001520701
0.9999999999768212
0.9999999998832707
0.9999999999956788
0.9999999990175994
0.999999999953472
1.0000000000097962
0.9999999998865909
0.9999999999890886
0.99999999995599
1.000000000004049
1.0000000000067533
1.0000000001522844
1.0000000001361375
1.0000000000089557
0.9999999999486412
0.9999999999950102
1.000000000009138
1.0000000000007232
1.0000000000093239
0.9999999999982394
0.9999999999517198
1.0000000000045681
0.9999999999935681
0.9999999995852313
0.9999999999300168
0.9999999999928457
1.0000000000095797
1.000000000128906
1.0000000000139633
0.9999999999996618
1.0000000000066327
0.9999999999994472
1.0000000006560872
1.000000000043534
1.0000000000044458
1.0000000000122113
1.0000000000209326
1.0000000000079785
1.0000000000631508
1.0000000000105085
1.0000000000024118
1.0000000003554979
0.9999999999946577
1.0000000000040203
1.0000000000016975
0.9999999992630492
1.0000000000375608
0.9999999999915576
1.0000000000721945
1.00000000005219
0.9999999999966486
0.9999999999985717
0.9999999994866655
1.0000000000281442
1.0000000000014484
0.9999999999837603
1.000000000003175
1.0000000000035805
1.000000000003558
1.000000000023389
0.9999999999587138
1.0000000000055478
0.9999999999737997
1.0000000000026656
0.9999999999453314
1.0000000000033207
1.0000000000020666
0.9999999998937151
1.0000000000892924
1.0000000003290135
1.0000000000251625
1.0000000000004732
0.9999999999755926
0.9999999999174297
0.9999999986396861
1.0000000000040044
1.0000000000000444
1.0000000000004854
0.9999999999950214
1.0000000000611966
0.9999999999221852
1.0000000000015346
1.000000000012923
0.999999999903794
1.0000000000091476
1.0000000000023712
1.0000000000420053
1.0000000000039517
0.9999999996734383
0.9999999999891034
1.0000000000052127
1.0000000000035214
1.0000000000028115
1.0000000001142588
0.999999999994777
1.000000000024237
0.9999999999068804
0.9999999982800817
0.9999999999326579
0.9999999999181841
1.000000000003115
1.000000000004066
1.000000000003034
0.9999999999836713
0.9999999999990266
1.0000000000611993
1.000000000004091
1.000000000017307
0.9999999999990259
0.9999999999788796
1.0000000000039808
1.0000000000383582
1.0000000000082474
0.9999999999466035
1.000000000037391
0.9999999999876346
0.9999999997308288
1.000000000035051
1.0000000000038867
1.0000000000334726
1.000000000004036
0.9999999999123421
1.0000000000755624
1.0000000000011295
1.000000000009508
1.0000000001636378
0.9999999999566955
0.999999999828141
1.000000000007932
1.0000000000998632
1.000000000001111
0.9999999997057538
1.00000000000238
1.0000000000010487
1.0000000000042195
0.9999999999914877
1.0000000000041773
0.9999999999939748
0.9999999999161937
0.9999999999435071
0.9999999999993481
0.9999999998405217
1.0000000000537235
1.0000000000463747
1.000000000021077
1.0000000000793594
1.000000000001578
0.9999999999999213
1.000000000061852
0.999999999999941
1.0000000000403626
1.0000000011097436
0.9999999999913017
0.9999999999900197
1.0000000000152518
0.999999999989675
0.9999999999982114
1.0000000000055802
1.0000000000029408
1.0000000001059348
1.0000000000002343
1.0000000003295315
1.0000000000514357
0.9999999999989618
1.0000000000930978
1.0000000000524885
1.000000000057218
0.999999999992598
1.0000000000687266
1.0000000000877107
1.0000000000121656
1.0000000000144271
0.9999999996017604
0.9999999999893918
1.0000000000348075
0.9999999999436259
1.0000000000002875
0.9999999999991255
0.9999999999288501
0.9999999998795314
0.9999999999899205
1.0000000001669218
0.999999999993592
1.000000000005212
0.999999999916669
0.9999999999930368
1.0000000000708509
0.9999999999943988
1.0000000000020624
0.9999999994013316
1.0000000000335054
1.00000000000291
0.999999999864478
1.0000000000531215
1.0000000000060791
1.0000000000062697
1.0000000000116571
1.0000000000166132
0.9999999974907643
0.9999999999560752
0.9999999999711597
1.0000000000020195
1.000000000009402
1.0000000000199323
1.0000000002169709
1.0000000000018505
1.0000000000032525
1.0000000000117641
1.0000000000782618
0.9999999999403679
1.0000000000054086
1.0000000000013147
1.0000000000106257
1.000000000010985
0.9999999999978174
0.999999999993201
1.0000000000258678
1.000000000659002
1.0000000000692078
1.0000000000031153
1.000000000014525
1.0000000000527658
1.0000000000041949
1.0000000000082976
1.0000000001142686
0.999999999999046
0.9999999999972405
0.9999999999952909
0.9999999999633121
1.0000000000127898
1.0000000000004527
0.9999999999980843
0.9999999999615513
1.0000000000076956
1.000000000014108
1.0000000000021931
0.9999999999478093
0.9999999999712683
0.9999999999680109
1.0000000000034595
0.9999999999325928
0.9999999999989054
1.0000000000585043
1.0000000000170817
0.9999999988382247
1.000000000001154
0.9999999999976639
1.0000000000019547
0.999999999984445
1.0000000000018308
1.0000000006861203
0.9999999999866686
0.9999999998856771
1.0000000000061393
0.9999999998680893
1.0000000000232372
1.0000000000437759
1.0000000000051044
1.0000000002907894
0.9999999999979505
0.9999999999960333
0.9999999997829602
0.9999999999913226
0.9999999999756484
0.9999999998945408
1.00000000000164
1.0000000000103477
1.0000000000038969
0.9999999998817335
0.9999999996794855
1.0000000000065263
0.9999999999589548
1.00000000000081
1.0000000000170766
0.9999999997959969
1.00000001348403
1.0000000000358882
1.0000000000157585
0.9999999998120587
1.0000000000065221
0.9999999999908563
0.9999999999966906
1.0000000000084395
1.0000000000067042
0.9999999999919481
1.0000000000003895
1.0000000000593505
0.9999999999910592
1.0000000000000422
0.9999999998337219
1.0000000000037872
1.000000000008626
1.000000000004508
1.0000000000249198
0.9999999999989028
0.9999999999954948
0.999999999991359
1.0000000001449576
0.9999999999984243
1.0000000000772504
1.0000000000474543
1.0000000000113765
0.9999999999129702
1.000000000000755
1.0000000000037477
0.9999999998304018
0.999999999986164
0.9999999999475949
0.9999999999136093
1.0000000000086522
1.000000000001996
1.0000000000027338
0.9999999998907738
1.0000000000014806
0.9999999998860021
1.0000000000168823
0.9999999999945262
0.9999999999990019
0.9999999603530562
1.0000000000011837
0.9999999999994124
1.0000000000052562
0.9999999999649545
0.9999999999482713
1.0000000000213358
1.000000000006248
1.000000000001674
1.0000000000124045
1.0000000000055989
1.0000000000083342
1.0000000002181253
1.0000000000419333
1.000000000004029
1.0000000000048672
1.0000000000083957
0.999999999998148
1.000000000006204
0.9999999999860694
1.0000000000366758
1.00000000000931
1.0000000000211822
1.0000000000237852
1.0000000000127551
1.000000000008964
0.9999999999997881
1.000000000001291
0.9999999999805917
1.0000000000044875
1.0000000000049922
1.0000000000765072
1.000000000000546
1.0000000000019145
1.0000000000637224
0.999999999006743
1.0000000009422676
1.0000000000219151
0.9999999998476738
1.0000000000041265
0.9999999999329717
0.9999999999695469
1.0000000000039315
1.0000000000040699
1.000000000102832
1.0000000000090292
0.9999999999856706
0.9999999999891367
1.0000000000057745
0.9999999999873036
0.9999999999132826
1.0000000000183087
1.0000000000001674
0.9999999999829817
0.9999999999945267
1.0000000000357543
0.9999999999600749
1.0000000002000267
1.0000000000001834
1.0000000000006821
0.9999999993579513
1.0000000000009248
1.000000000020897
0.9999999999900852
1.0000000000057974
0.9999999998194302
0.9999999999220394
1.000000000009741
1.0000000000091496
1.0000000000040277
1.0000000000026916
1.0000000000040934
1.0000000000119011
1.000000000003037
0.9999999999794749
0.9999999999197873
0.9999999999440515
1.0000000000047415
1.0000000000002
0.9999999999969528
1.0000000000012794
1.0000000000055607
1.0000000000153713
0.9999999999906762
1.000000000002555
1.000000000030926
1.0000000000102984
0.9999999999945945
0.9999999993965464
1.0000000000177673
0.9999999999909372
0.9999999999983022
0.9999999999786201
0.9999999999147235
0.9999999999994567
0.9999999999986229
0.99999999999241
1.0000000000117901
1.0000000000020821
1.00000000000651
1.00000000000241
1.0000000000150189
1.0000000000014564
0.9999999999999206
0.9999999998546222
0.9999999999894645
1.000000000013095
1.0000000000211025
1.000000000025021
1.0000000000090428
0.9999999999898355
1.0000000000290539
1.0000000000101337
1.0000000000293157
1.000000000002981
1.0000000000034406
1.0000000000072955
1.0000000000015732
1.0000000000313625
1.0000000000014975
1.0000000000033513
1.0000000000017284
1.000000000004898
0.9999999977881124
0.9999999999990844
1.0000000000015572
1.0000000000046363
0.9999999999998003
0.9999999994591161
1.0000000000121918
1.0000000000014884
1.0000000000084748
1.0000000000048286
1.0000000000606795
0.9999999999030874
1.0000000000225284
0.9999999999757317
1.000000000024528
1.0000000000045943
1.0000000000523606
0.9999999999836943
1.0000000000103242
1.0000000000043807
1.0000000000307243
1.0000000000026652
0.9999999999988158
1.0000000000282843
0.9999999999595278
0.9999999999940974
1.0000000000454499
0.9999999999987897
1.0000000000268465
1.00000000000369
1.000000000015366
1.0000000000225528
0.9999999999934146
1.0000000000036522
0.9999999998776322
1.000000000000361
1.0000000000021805
1.0000000000334002
1.0000000000134788
0.999999999993177
1.0000000000138414
1.0000000000026765
0.9999999999972953
1.0000000000060958
0.9999999999999745
1.0000000000275122
1.0000000000020186
0.9999999987330626
0.9999999999485075
1.0000000000022442
1.0000000000010127
1.0000000000453846
1.0000000000141
0.9999999999942887
1.0000000000061815
0.9999999999910177
0.9999999999980727
0.9999999999902635
1.0000000000089146
1.0000000000012015
0.9999999999998388
0.9999999998817781
0.9999999999879402
1.000000000008252
0.9999999997162301
1.0000000000056093
1.0000000000001081
1.0000000681514745
0.9999999999877943
0.9999999999810393
1.0000000000008888
0.9999999999974748
0.9999999999869875
0.9999999999969315
1.0000000000065223
1.0000000000005445
0.9999999999808754
1.0000000000014984
0.9999999999992981
0.9999999999902478
1.0000000000168001
0.9999999999727895
1.0000000000086566
0.9999999999989325
1.0000000000878566
0.9999999999611195
0.999999999985838
0.9999999999819073
0.9999999999893765
0.9999999999977435
0.9999999999877611
1.000000000000501
1.0000000000087086
0.999999999998992
1.0000000000002507
1.0000000000050018
1.0000000000052358
0.9999999999975676
0.9999999999994018
1.0000000000209228
1.0000000002158593
1.0000000000056528
1.000000000003059
1.0000000000006046
0.9999999999314352
0.9999999999999445
0.9999999999990866
1.000000000027755
1.0000000000284626
1.0000000000581737
1.0000000000017872
0.9999999999971347
1.0000000000045215
0.9999999999966027
1.0000000000152902
1.000000000003
1.000000000038589
1.0000000000060576
1.0000000000023277
0.9999999999980665
0.9999999999965378
0.9999999999977193
1.0000000000449012
1.0000000000015619
1.0000000000043734
0.9999999999371927
1.000000000029531
1.00000000001086
0.9999999999991616
1.0000000000019793
1.0000000000657463
1.0000000000169122
1.0000000000114733
0.999999999996213
1.0000000000411788
0.9999999999837624
0.9999999999744126
0.999999999997653
0.999999999891743
1.0000000000058404
1.00000000000201
1.0000000000014402
0.999999999823788
1.0000000000161773
0.9999999999940397
0.9999999999842112
1.0000000000055504
1.0000000000039382
0.9999999999923227
0.9999999999992351
1.0000000000049953
0.9999999999920627
1.0000000000094098
0.9999999999827053
1.000000000049559
1.000000000005954
1.0000000000030138
0.9999999999670285
1.000000000046937
1.0000000000088562
1.0000000000166396
0.9999999999138246
1.00000000000361
0.9999999999975057
0.9999999999944478
1.000000000006092
0.9999999999981499
1.000000000000121
1.0000000000035683
0.9999999999721049
1.0000000000054576
0.9999999999423099
1.0000000000057756
0.9999999999999137
0.9999999999887788
0.9999999999995709
1.0000000000154425
0.9999999999833663
0.9999999997300955
1.0000000000183118
1.0000000000003877
1.0000000000275713
0.9999999999958774
0.9999999999939473
0.9999999999951429
0.9999999999832978
0.9999999999664276
1.0000000000334008
1.0000000000093998
0.9999999999830398
1.000000000003355
1.0000000000070197
1.0000000000010172
1.0000000000044418
1.0000000000058644
1.0000000000006057
0.9999999999944945
0.999999999999014
1.0000000000057536
0.9999999999867004
0.9999999999852405
0.9999999999907802
1.000000000005735
1.0000000000088811
1.0000000000050202
0.9999999999726054
1.0000000000004816
1.0000000000263856
0.9999999999975225
0.999999999998378
0.9999999999686258
1.0000000000056641
0.9999999999076453
0.9999999999994412
0.9999999998456959
1.0000000000017564
1.0000000000110638
0.99999999999521
1.0000000000012086
1.0000000000008284
1.0000000000039235
0.9999999999877112
0.9999999999989048
0.9999999999621323
1.0000000000260796
1.0000000000117324
0.9999999999989616
1.0000000000009663
1.0000000000477953
0.9999999999957178
0.9999999999820268
0.9999999999959032
1.0000000000105163
1.0000000000017977
1.0000000000117388
1.0000000000048788
1.0000000000169385
1.0000000000458702
0.9999999999843384
1.0000000000035185
1.0000000000174
1.0000000000195137
0.9999999999986966
1.0000000000054436
1.000000000015532
0.999999999967032
1.000000000035874
1.0000000000048337
1.0000000000017422
0.9999999991858692
1.0000000000047726
1.000000000003715
0.9999999999910629
0.9999999999376931
1.000000000001497
0.9999999999990815
1.0000000000000935
1.0000000000015492
0.9999999999813894
1.0000000000233895
1.0000000000032323
0.9999999999994461
1.0000000000009992
1.000000000001396
0.9999999999894749
1.0000000000103784
0.9999999999965935
0.9999999999942414
1.0000000000132576
0.9999999996927249
1.000000000008845
1.0000000000402653
0.9999999999803355
0.9999999999982772
1.0000000000089548
0.9999999999998965
1.0000000000013158
1.000000000007409
1.0000000000694407
1.0000000000113982
1.000000000019024
1.0000000000028262
1.0000000000050782
1.000000000001547
0.9999999999956483
0.999999999980161
1.0000000000036813
1.000000000009169
1.0000000000128277
1.0000000000001932
1.0000000000368192
0.9999999999977702
0.9999999999950802
1.000000000023682
0.9999999999979741
0.9999999993322221
1.000000000011655
1.000000000015993
0.9999999999977991
0.9999999999932121
1.0000000000006342
0.999999999927492
1.0000000000117677
1.0000000000061844
1.0000000001584182
0.999999999999551
0.9999999999623558
1.0000000000024503
0.9999999998938804
1.0000000000231375
1.0000000000398221
1.0000000000007632
1.0000000000147837
0.9999999999892024
1.0000000000543872
1.0000000000016869
0.9999999999974599
1.0000000001494893
1.0000000000071831
1.0000000000070732
1.0000000000031526
1.0000000000108697
0.9999999999678468
1.0000000000353113
1.0000000000028588
0.999999999993692
0.9999999999900664
1.000000000010861
1.0000000000062215
1.000000000011238
1.0000000000035543
0.9999999999882035
1.0000000000034583
0.9999999999583251
1.0000000000759408
1.0000000000003681
0.9999999999536183
0.9999999999958781
1.0000000000160743
1.0000000000005347
1.0000000000024043
1.000000000011021
1.0000000000091251
1.0000000000155427
1.000000000005363
0.9999999999992739
1.0000000000064002
1.0000000000009595
1.0000000000008609
1.0000000000000602
1.0000000000006066
1.0000000000014273
1.000000000018265
1.0000000000061122
0.999999999995649
1.0000000000089748
0.9999999999623225
0.9999999999916501
0.9999999999465158
0.9999999999403968
0.9999999999695376
1.0000000000058547
0.9999999999963848
1.0000000000045373
1.000000000021427
0.9999999999871729
1.0000000000019487
0.9999999999996475
0.9999999999672042
0.9999999999990554
1.0000000000048181
1.0000000000409468
1.000000000019973
0.9999999999875678
1.000000000010307
1.0000000000013183
0.9999999999934264
1.0000000000170446
1.0000000000747131
1.0000000000025309
1.0000000000039129
0.9999999998018781
1.0000000000027371
0.9999999999993936
1.0000000000003533
0.9999999999754622
0.9999999997639547
1.0000000000060154
1.0000000000977525
0.9999999999882225
0.9999999999967328
1.0000000000614042
1.0000000000031257
1.0000000000344496
0.9999999999962376
1.0000000000023508
0.9999999999951248
0.9999999999978173
1.0000000000516918
1.000000000033965
0.9999999999983099
0.9999999999859922
1.0000000000157399
0.9999999999977083
0.9999999999921123
1.0000000000816798
1.000000000001646
0.9999999999486261
1.0000000002723561
0.9999999999997811
0.9999999999450644
0.99999999998427
1.0000000000102744
1.000000000013871
0.9999999999992316
1.0000000000009575
0.9999999999926931
0.9999999999897621
0.9999999999608277
1.0000000000017286
1.0000000000164804
0.9999999999905268
0.9999999999660585
0.9999999999814616
1.0000000000156513
1.0000000000543112
1.0000000000014249
0.999999999999886
1.000000000000873
1.0000000008078196
0.9999999999901638
0.999999999966371
0.9999999999987599
0.9999999999568724
1.00000000000368
1.0000000000296456
0.9999999999988108
0.9999999996900022
1.00000000001128
1.0000000001470646
1.0000000000306035
0.9999999999979093
1.000000000018812
1.0000000000014257
1.00000000064338
1.0000000001017826
0.9999999999675269
1.0000000000011873
1.00000000000112
0.9999999999689084
0.9999999999991385
1.000000000007689
1.0000000000011033
1.0000000000032256
1.0000000000335154
1.000000000006035
1.000000000374133
0.9999999999807524
1.0000000000331282
0.9999999999970444
1.0000000000059546
0.9999999993866348
1.0000000000017348
1.0000000000047424
0.9999999999978885
0.9999999999917838
1.0000000000051954
0.9999999999883081
1.0000000000111817
1.0000000000095195
1.0000000000029001
0.9999999999743405
1.0000000000294709
0.9999999999768595
0.999999999999579
0.9999999999863347
1.0000000000055227
1.000000000003387
1.00000000001632
1.000000000017163
1.000000000002827
1.0000000000064935
1.000000000005858
0.9999999999383307
0.9999999999650492
1.0000000002662461
1.0000000000146747
1.000000000092518
0.99999999998381
1.0000000000089846
0.999999999941885
1.0000000002137304
1.0000000000028293
0.9999999999929445
0.9999999999922242
1.000000000007331
1.0000000000188194
1.0000000000041158
0.9999999999384884
1.0000000000030576
1.0000000000067293
0.9999999999796448
1.0000000000157576
0.9999999999972589
0.9999999999999242
1.0000000000140103
0.9999999999935516
1.0000000000021865
1.000000000000268
0.9999999999645068
1.000000000010209
0.9999999999785293
0.9999999999954017
1.000000000002781
1.0000000000064613
1.0000000000020315
1.0000000000019111
0.9999999999942961
0.9999999999221695
1.0000000000157694
1.0000000000029043
1.0000000000017406
1.0000000000039446
1.0000000000042346
0.9999999999974263
1.0000000000020255
0.999999999976411
0.9999999999926464
0.9999999999981963
1.0000000000009512
1.0000000000034104
1.0000000000010605
0.9999999999672556
1.000000000012641
1.0000000000046183
0.9999999999979577
1.0000000000067268
1.0000000000013156
1.0000000000025322
1.000000000003365
0.9999999999649108
0.9999999999899343
0.9999999999631743
0.999999999975276
1.000000000147037
1.0000000000020317
0.9999999999917193
1.0000000000089848
1.0000000000070663
0.999999999992085
0.9999999999998017
1.000000000000665
1.0000000000036549
1.0000000000090619
1.0000000000005405
0.9999999999881735
0.9999999999992829
1.0000000000143863
1.0000000000298535
0.9999999999906669
1.0000000000006701
1.0000000000116656
0.9999999999983369
1.0000000000021003
1.0000000000016864
1.000000000015742
1.0000000000373768
0.999999999995728
1.0000000000114189
1.0000000000133076
0.9999999999912376
0.9999999999736999
0.9999999999966606
1.0000000000005684
1.0000000001008178
1.0000000000628204
1.0000000000160243
0.9999999999960781
1.0000000000015674
1.0000000000067122
1.0000000000054896
0.999999999980495
1.0000000000856666
1.0000000000129898
1.000000000000766
0.9999999999983555
1.0000000000081282
1.0000000000136884
0.9999999999992973
1.0000000000023357
1.0000000000175413
0.9999999999906466
1.000000000164701
1.0000000000308578
1.0000000000021059
1.0000000000016793
0.9999999999687124
0.9999999999972516
0.9999999998293694
0.9999999999803187
0.9999999999964214
1.0000000000022302
0.9999999999970778
1.0000000001001161
1.000000000002782
1.0000000000028533
1.0000000000011224
1.000000000005052
0.9999999999655138
1.0000000000037144
1.000000000007671
1.0000000000109568
1.0000000000017246
1.0000000000028966
1.0000000000946982
0.9999999999906195
1.0000000000015032
1.0000000000070846
1.0000000000006577
0.9999999998676041
1.000000000002979
0.9999999999931732
1.0000000000016331
1.000000000006864
1.0000000000142597
1.000000000007566
1.00000000003045
1.0000000000257747
1.0000000000352511
1.0000000000053515
0.9999999999845689
0.999999999964966
1.0000000000051892
1.0000000000120206
0.9999999999943368
1.0000000000053615
1.0000000000106013
0.9999999999998651
0.9999999999910558
0.9999999999929848
0.9999999999709205
0.9999999999758109
1.000000000001077
1.0000000000101132
1.000000000000858
1.0000000000131821
0.9999999999993694
1.000000006173652
1.0000000000155433
1.000000000021681
0.9999999999985242
0.9999999999991787
0.9999999999898946
1.0000000000129903
0.9999999999965349
0.9999999999977841
1.0000000000052855
1.0000000000029878
1.0000000000048828
0.9999999999958649
1.0000000000051104
1.0000000002062583
0.9999999999925568
1.000000000029508
1.0000000000002582
1.0000000000045968
1.0000000000039395
0.9999999999936429
0.9999999999939228
1.0000000000063543
0.9999999999874809
1.0000000000086262
1.000000000007606
1.0000000000050717
0.9999999999966099
0.9999999999979723
1.00000000003273
0.9999999999954055
1.0000000000010347
1.0000000000882272
0.9999999999986801
0.9999999999659669
1.0000000000021367
1.000000000124422
1.0000000000482154
0.9999999999522255
1.0000000000094273
1.0000000000101328
1.0000000000034592
0.9999999999989629
1.0000000000123392
1.0000000000023623
1.0000000000140807
0.9999999999761321
1.000000000002079
0.9999999999998063
1.0000000000327696
0.9999999999885775
1.0000000000092562
1.0000000000776024
1.000000000014218
1.0000000000036289
0.9999999999992814
1.0000000000050566
0.9999999999802511
1.0000000000088993
0.999999999999449
0.9999999999939466
0.9999999999973643
0.9999999999992801
1.0000000000113674
1.000000000034754
0.9999999999883359
1.0000000000015272
0.9999999999991457
1.0000000000021523
0.9999999999562992
0.9999999999654021
1.000000000005923
1.0000000000444922
1.0000000000298344
1.000000000011702
1.0000000001480156
0.9999999999990281
1.0000000000034963
0.9999999999832649
0.9999999999994518
0.9999999999960021
1.0000000000013358
0.9999999999803578
1.000000000006842
0.9999999999949786
0.9999999999921797
0.9999999999943444
1.0000000000020202
0.9999999999998942
0.9999999999885318
0.9999999999981176
1.0000000000035105
0.9999999999875955
0.9999999999977094
1.000000000022418
1.000000000001134
1.000000000104276
0.9999999999573882
1.0000000000016487
1.0000000000153293
1.0000000000041445
0.9999999999960533
0.9999999999497836
1.000000000019983
1.000000000010045
0.9999999999810089
0.9999999999948361
1.0000000002651102
0.9999999999972591
1.0000000000086318
1.0000000000117184
0.9999999999936269
1.0000000000132352
1.0000000000028673
0.9999999999997127
0.9999999999949909
1.0000000000399127
0.9999999999852501
1.0000000000105653
0.9999999999849246
1.0000000001271878
0.9999999999936907
1.0000000000063378
0.999999999980504
0.9999999999981906
0.9999999999364512
1.000000000003789
1.0000000000057552
1.0000000000017413
1.000000000005366
0.9999999999984626
1.0000000000082645
1.0000000000014984
0.9999999999944167
1.000000000004049
0.9999999999971633
1.0000000000223972
1.000000000002395
0.9999999999966434
1.0000000000069145
0.999999999995259
1.000000000001649
1.0000000000235187
1.00000000000751
0.9999999999777354
0.9999999999961476
0.999999999999897
1.0000000000497629
1.0000000000053304
1.0000000000164246
1.0000000000014482
0.9999999999896284
1.0000000000015943
1.0000000000125568
0.9999999999507004
1.000000000012612
0.9999999999994951
1.0000000000223364
0.9999999999996456
1.000000000003044
0.9999999999955722
1.0000000000040539
1.0000000000041513
0.999999999960055
1.0000000000045823
0.9999999999239002
1.0000000000006855
1.0000000000047942
1.000000000003414
1.0000000000569995
1.0000000000020874
1.0000000000431655
0.9999999999864486
1.0000000000051288
1.0000000000072546
1.000000000008682
1.000000000004053
1.0000000000003313
1.0000000000066414
1.000000000038474
0.9999999999806889
1.0000000000050275
0.9999999999850255
1.0000000000106775
1.0000000000019498
1.0000000000021851
0.9999999999978156
0.9999999999929537
1.0000000000467664
1.0000000000067
1.0000000001268161
0.9999999999836062
0.9999999999977124
1.000000000004384
0.9999999999833338
0.9999999998287316
1.000000000138695
1.0000000000141498
0.9999999999488568
1.0000000000017675
1.0000000000019484
1.0000000000040974
1.0000000000020772
1.0000000000246114
1.000000000006789
1.0000000000208569
1.0000000000050384
0.9999999999605296
1.0000000000137328
1.0000000000108946
1.000000000031557
1.0000000000011962
0.9999999999957515
1.0000000000070353
1.000000000008497
0.9999999987391116
1.0000000000105602
1.0000000000063642
1.00000000000617
1.0000000000724094
1.0000000000062366
1.000000000002497
0.9999999999801149
1.0000000000369496
1.000000000004625
1.000000000027872
0.9999999999999312
1.0000000000039755
1.0000000000040474
1.000000001035548
1.0000000000041258
0.9999999999989078
1.0000000000219469
1.0000000000364389
1.0000000000112172
0.9999999999642586
1.0000000000284657
1.0000000000184686
1.0000000000059577
0.9999999999906218
1.0000000001059173
1.0000000000096536
1.000000000001765
1.0000000000044487
1.0000000000016276
1.0000000000028642
0.999999999983524
1.0000000000065092
1.0000000000040838
1.0000000000011342
0.9999999999967041
0.9999999999967131
0.9999999999946646
0.99999999997552
1.0000000000103848
0.9999999999586766
0.9999999999981953
1.0000000000064961
0.999999999889238
0.9999999999997139
1.0000000000135931
0.9999999999999943
1.0000000000395675
1.0000000001709572
1.0000000000179656
0.9999999999995258
0.9999999999781062
1.0000000000057447
1.000000000031596
0.9999999999948834
0.9999999999954409
1.0000000000034006
1.0000000000130398
0.9999999999676026
0.9999999999663487
1.0000000000020928
1.0000000000123728
1.000000000002325
1.0000000000006541
1.0000000000002536
0.9999999999837276
1.0000000000025369
1.0000000000301488
1.0000000000049991
0.9999999999998669
1.0000000000025504
0.9999999999627437
1.000000000024049
0.999999999928481
1.0000000000502596
1.0000000000044909
1.00000000000292
0.9999999997149437
1.0000000000009424
0.9999999999945018
0.9999999999922691
0.9999999998019504
0.9999999999905066
0.9999999999997946
1.000000000002322
1.0000000000004696
1.0000000000038316
0.9999999999865659
1.0000000000079796
1.0000000000033094
0.9999999999994446
0.9999999999973886
1.0000000000062714
1.0000000000481504
1.0000000000090916
0.9999999999961457
1.0000000000137625
1.0000000000048817
1.0000000000138038
1.0000000000263707
0.9999999999937168
1.0000000000068718
0.9999999999935365
1.000000000040634
1.000000000001132
1.0000000000033336
1.0000000005165715
1.0000000000207292
1.000000000001539
0.9999999999827838
1.0000000000048073
0.9999999999053722
0.9999999999958064
0.9999999999683548
1.0000000000026057
1.0000000000039189
1.0000000000304852
1.0000000000311848
1.0000000000065874
0.9999999999723782
0.999999999995607
1.0000000000038323
1.00000000000201
0.9999999999846104
1.0000000000097966
0.9999999999962932
1.0000000000026978
0.9999999999978886
0.9999999999898567
0.999999999998948
1.0000000000030935
0.9999999999732302
1.0000000000081481
0.999999999875902
1.0000000000006004
1.0000000000018947
1.0000000012070183
1.0000000000266396
1.0000000000007396
1.0000000000041258
0.99999999999766
1.0000000000023253
1.0000000000012643
1.000000000006917
0.9999999999604344
0.9999999999991519
1.000000000003557
0.9999999998865566
0.9999999963628534
0.9999999999745938
1.0000000000034277
0.999999999998588
1.000000000004435
0.9999999999917725
1.0000000000022786
1.0000000000019855
1.0000000000004559
1.000000000000304
1.000000000002243
0.9999999999049023
1.0000000000033262
1.0000000000027287
1.000000000002029
1.000000000003041
0.999999999974341
0.9999999999965432
1.0000000000045144
0.9999999999953516
0.9999999999791427
1.0000000000128157
0.9999999999719941
0.9999999999800233
0.999999999996584
0.9999999977339032
0.999999999999534
1.000000000011942
0.9999999999969036
1.0000000000715632
1.0000000000355955
1.0000000000031628
0.9999999999567756
1.0000000000107787
0.9999999999988854
1.0000000000011395
0.9999999999992345
0.9999999999417486
1.000000000003146
1.0000000000017952
0.9999999999994457
1.0000000000213014
1.0000000000025797
0.9999999999983818
1.0000000000110718
1.0000000000049474
0.9999999999878713
1.0000000000102436
1.0000000000058693
1.0000000000005838
0.9999999999964373
1.0000000000012896
1.0000000000036444
1.0000000000013822
0.999999999982926
1.0000000000051577
1.0000000000028793
1.0000000000017262
0.9999999999976648
0.999999999924194
0.9999999998913884
0.9999999999991096
1.0000000000009452
1.000000000002437
0.9999999999981845
0.9999999999996043
0.999999999991868
0.9999999999959331
1.0000000000019622
0.9999999999534319
0.9999999999606942
0.9999999999993238
0.999999999997365
0.9999999999808854
1.0000000000114424
1.0000000000275107
0.9999999999890795
1.0000000000084828
1.000000000022921
0.9999999999436748
1.0000000000010387
0.9999999999941319
1.0000000000058393
0.9999999999931781
1.0000000000033327
1.0000000000897111
0.999999999968481
1.0000000000199927
1.0000000000053502
1.00000000001728
1.0000000000306066
0.9999999999973856
0.999999999999781
0.9999999999981044
1.0000000000172307
1.0000000000019114
0.9999999999972341
1.0000000000042408
1.0000000000064286
1.0000000000017744
1.0000000000750444
1.0000000000001588
0.9999999999638064
0.9999999999958774
1.0000000000031313
1.0000000000010387
0.9999999998999354
1.0000000000035931
1.000000000030651
1.0000000000005906
1.000000000000788
0.9999999999924869
1.0000000000055507
1.0000000000075269
0.999999999907302
1.0000000000033336
1.0000000000068359
1.0000000000006157
1.0000000000018827
1.0000000000005025
0.9999999999594562
0.9999999999873194
1.0000000000073161
0.9999999999974166
0.9999999999708022
1.0000000000008453
1.0000000000019398
1.0000000000145428
1.000000000010378
0.9999999999945514
1.0000000000063145
1.0000000000087785
1.0000000000041285
1.0000000000194067
1.0000000000071736
0.999999999961908
1.0000000000164986
0.9999999999811312
1.000000000000115
1.0000000000000715
1.0000000000059581
1.0000000000016798
1.0000000000046205
1.0000000000318074
1.0000000000027134
1.0000000000029778
1.0000000000091067
1.000000000065318
1.0000000000007545
1.0000000000451168
0.9999999999352316
0.9999999999868064
1.000000000004562
0.9999999999994376
0.9999999999889648
0.9999999999951611
1.0000000000585725
1.0000000000025902
0.999999999977249
0.9999999999993578
1.0000000000037772
1.0000000000120628
1.0000000000110647
1.0000000000060736
1.0000000000099396
0.999999999998067
1.000000000001794
1.0000000000015754
0.9999999999981088
1.0000000000084732
0.9999999999991613
1.0000000000053373
1.0000000000021247
1.0000000000014067
0.999999999991222
1.0000000000346958
1.0000000000197458
0.9999999999834787
0.9999999999991545
1.0000000000097256
1.0000000000043996
0.999999999966458
1.0000000000091975
0.9999999999885053
0.9999999999979652
1.0000000000038034
0.9999999999673057
0.9999999999756837
1.0000000000140927
1.0000000000282756
1.0000000000061815
0.9999999999977354
1.0000000000005453
1.0000000000153764
1.0000000000170886
1.000000000002353
1.0000000000044806
0.9999999999886476
0.9999999999959915
0.9999999999994749
1.000000000002577
0.9999999999964834
0.999999999982306
1.000000000013341
0.9999999999966815
1.0000000000848093
1.000000000012772
1.0000000000507105
1.000000000009966
1.0000000000025262
1.000000000008393
0.9999999999998492
1.0000000000032911
1.0000000000103892
0.9999999999777415
1.0000000000121008
1.0000000000036278
1.00000000000948
1.0000000000228104
0.9999999999804012
1.0000000000124611
1.0000000000006037
0.9999999999973611
0.9999999999992196
0.9999999999951613
1.0000000000063032
0.9999999999840786
1.000000000094177
1.0000000000069915
0.9999999999976451
1.000000000002478
0.9999999999969573
1.0000000004644463
1.0000000000027556
1.000000000002923
1.0000000000009297
1.000000000000014
1.0000000000047247
0.9999999999988342
1.0000000000692533
1.0000000000080644
0.9999999993090135
0.9999999999856777
1.0000000000032379
1.0000000000008737
0.9999999999716717
1.0000000000019367
0.9999999999745361
0.9999999999985614
0.9999999999786231
1.0000000001706344
1.0000000000425293
1.0000000000054978
0.9999999999310677
1.0000000000002491
1.0000000000001652
1.00000000000892
0.9999999999910135
1.0000000000063671
0.99999999999655
0.99999999983624
0.9999999999994694
1.0000000000159273
0.9999999999257434
0.9999999999719957
1.0000000000079363
1.0000000000037186
1.0000000000032208
1.0000000000010165
0.9999999999841174
0.9999999999981788
1.0000000000044498
1.0000000000186136
1.0000000000001992
1.0000000000003013
1.0000000000124158
1.0000000000101652
0.999999999999849
0.9999999999950334
1.0000000000011167
1.000000000007116
0.9999999999685678
1.000000000002305
1.0000000000045377
0.9999999999761997
0.9999999999999208
0.9999999998638989
1.0000000000011031
0.9999999999970833
0.9999999999813948
1.0000000000634823
1.0000000000127374
0.9999999999959066
1.0000000000008173
0.9999999999900009
0.9999999999830651
1.0000000000429017
1.0000000000456335
1.0000000000118097
1.000000000003619
1.0000000000055151
1.0000000000016176
1.000000000057774
0.9999999999670174
1.0000000000015172
1.0000000000150573
1.0000000000047167
1.000000000003933
1.0000000000302713
1.000000000021815
1.0000000000106077
1.000000000028782
1.0000000000141036
0.9999999999782571
0.9999999999913016
0.9999999999980116
1.0000000000026874
1.0000000000329297
1.0000000000029337
1.000000000004812
1.0000000000040898
0.999999999995982
1.000000000000041
1.0000000000067477
0.9999999999955579
1.0000000000102431
1.000000000000723
1.0000000000262346
1.00000000002153
0.9999999999975473
1.0000000000013163
1.000000000015046
0.9999999999999897
0.9999999999758389
1.0000000000004714
0.9999999999398819
0.9999999999802666
1.000000000007954
1.0000000000009244
0.9999999999652576
0.9999999999738517
1.0000000000038838
1.0000000000045803
1.0000000000030236
1.0000000000022409
1.0000000000099714
1.0000000000111828
1.0000000000127502
1.0000000000007974
1.0000000000043026
1.0000000000000735
1.0000000000096123
0.9999999999743334
1.0000000000032883
1.000000000003412
1.0000000000016678
1.0000000000630096
1.0000000000215126
1.0000000000036724
1.0000000007298573
1.0000000000024578
1.0000000000087972
1.0000000000022644
1.0000000000036624
1.0000000000142326
1.0000000000132923
1.000000000096779
0.9999999999977568
0.999999999999985
1.0000000000036975
0.999999999865997
1.000000000016258
1.0000000000042795
1.0000000001015619
1.0000000000329428
0.99999999999879
0.9999999999987484
1.0000000000407883
1.000000000003684
1.0000000000035847
1.0000000000050628
1.0000000000050535
0.9999999999970159
1.0000000000033062
1.000000000005942
0.9999999999982891
0.9999999995599255
1.0000000000079383
1.0000000000028328
