1.0
1.0
1.0
1.0
1.0
1.0
1.0
1.0
1.0
1.0
1.0
1.0
1.0
1.0
1.0
1.0
1.0
1.0
1.0
1.0
1.0
1.0
1.0
1.0
1.0
1.0
1.0
1.0
1.0
1.0
1.0
1.0
1.0
1.0
1.0
1.0
1.0
1.0
1.0
1.0
1.0
1.0
0.9999999970924883
0.9999999925200485
0.9999999908843636
0.9999999856307633
0.9999999847753955
0.9999999790695043
0.9999999790733025
0.9999999730271552
0.9999999738619073
0.9999999676755611
0.9999999692759315
0.9999999631274382
0.9999999654489675
0.9999999594772874
0.9999999624882236
0.9999999568062798
0.9999999604719118
0.9999999551772701
0.9999999594510927
0.9999999546297877
0.9999999594510927
0.9999999551772698
0.9999999604719116
0.9999999568062793
0.9999999624882232
0.9999999594772869
0.999999965448967
0.9999999631274382
0.9999999692759308
0.9999999676755618
0.9999999738619063
0.999999973027156
0.9999999790733016
0.9999999790695053
0.9999999847753953
0.9999999856307641
0.9999999908843632
0.9999999925200491
0.9999999970924883
1.0
1.0
0.9999999925200491
0.9999999877049295
0.9999999786692171
0.9999999749052234
0.9999999655892537
0.9999999627797331
0.9999999532877102
0.9999999515685835
0.9999999421810463
0.9999999415005358
0.9999999325316481
0.999999932859678
0.9999999245377201
0.9999999258919375
0.9999999183717663
0.9999999207849002
0.9999999141761806
0.9999999176691676
0.9999999120522298
0.9999999166220338
0.9999999120522295
0.999999917669168
0.9999999141761804
0.9999999207849002
0.9999999183717662
0.9999999258919373
0.9999999245377198
0.9999999328596781
0.9999999325316473
0.999999941500536
0.9999999421810464
0.9999999515685839
0.9999999532877106
0.9999999627797335
0.999999965589254
0.9999999749052237
0.999999978669218
0.9999999877049295
0.9999999925200491
1.0
1.0
0.9999999908843628
0.9999999786692173
0.9999999715012418
0.999999959061167
0.9999999524632842
0.999999940365569
0.9999999347107161
0.9999999231300077
0.9999999185093731
0.9999999078526383
0.9999999042707405
0.9999998948599977
0.9999998923999036
0.9999998844265313
0.9999998832218937
0.9999998767883507
0.9999998769741439
0.9999998721284801
0.9999998738117933
0.9999998705621264
0.9999998738117938
0.9999998721284792
0.999999876974144
0.9999998767883501
0.9999998832218935
0.9999998844265304
0.9999998923999046
0.9999998948599967
0.999999904270741
0.9999999078526387
0.9999999185093736
0.9999999231300076
0.9999999347107164
0.9999999403655693
0.999999952463285
0.9999999590611671
0.9999999715012422
0.9999999786692176
0.9999999908843631
1.0
1.0
0.9999999856307644
0.999999974905223
0.9999999590611668
0.9999999488559947
0.9999999339542767
0.9999999242127083
0.9999999103007459
0.9999999014664742
0.9999998889131196
0.9999998810740508
0.9999998703084827
0.9999998635957006
0.9999998548802421
0.9999998495151718
0.9999998429709763
0.999999839201562
0.9999998348630835
0.999999832911999
0.999999830757279
0.9999998307986417
0.9999998307572787
0.9999998329119999
0.9999998348630832
0.999999839201562
0.9999998429709767
0.9999998495151716
0.9999998548802415
0.9999998635957008
0.9999998703084825
0.9999998810740504
0.9999998889131199
0.9999999014664744
0.9999999103007469
0.9999999242127084
0.9999999339542772
0.9999999488559954
0.999999959061168
0.9999999749052234
0.9999999856307643
1.0
1.0
0.9999999847753949
0.9999999655892541
0.9999999524632841
0.9999999339542769
0.9999999207840015
0.9999999037347852
0.9999998912996029
0.9999998758188133
0.9999998644458099
0.9999998510303567
0.9999998408851268
0.999999829918942
0.9999998212670835
0.9999998129480073
0.9999998061125763
0.999999800514715
0.9999997958024609
0.9999997929258858
0.999999790585684
0.9999997903744071
0.9999997905856843
0.9999997929258854
0.9999997958024609
0.9999998005147148
0.9999998061125754
0.9999998129480077
0.9999998212670836
0.9999998299189417
0.999999840885127
0.9999998510303576
0.9999998644458099
0.9999998758188139
0.9999998912996027
0.9999999037347866
0.9999999207840019
0.9999999339542772
0.9999999524632845
0.9999999655892544
0.9999999847753953
1.0
1.0
0.9999999790695054
0.9999999627797325
0.9999999403655697
0.9999999242127077
0.9999999037347858
0.9999998877998578
0.999999869145532
0.999999854265592
0.9999998378014285
0.9999998242617364
0.9999998104868913
0.9999997985846185
0.9999997878060168
0.999999777921183
0.9999997702826549
0.9999997627964949
0.9999997583457385
0.9999997535770541
0.9999997522989282
0.9999997504798944
0.9999997522989277
0.9999997535770547
0.9999997583457377
0.9999997627964948
0.9999997702826552
0.9999997779211828
0.9999997878060163
0.9999997985846195
0.9999998104868911
0.9999998242617364
0.9999998378014286
0.9999998542655927
0.9999998691455328
0.9999998877998578
0.9999999037347863
0.9999999242127089
0.9999999403655702
0.9999999627797329
0.9999999790695054
1.0
1.0
0.9999999790733018
0.999999953287711
0.9999999347107154
0.9999999103007468
0.999999891299603
0.9999998691455314
0.9999998509897745
0.9999998310362064
0.9999998143587986
0.9999997971263018
0.9999997822766113
0.9999997682023498
0.999999755595616
0.9999997449276413
0.9999997350012899
0.9999997278653573
0.9999997209970533
0.9999997174473196
0.9999997139130014
0.9999997139440082
0.9999997139130014
0.9999997174473191
0.9999997209970536
0.9999997278653572
0.9999997350012889
0.9999997449276419
0.9999997555956156
0.9999997682023496
0.9999997822766113
0.9999997971263029
0.9999998143587985
0.9999998310362069
0.9999998509897744
0.9999998691455327
0.9999998912996033
0.9999999103007466
0.9999999347107165
0.9999999532877113
0.9999999790733022
1.0
1.0
0.9999999730271563
0.9999999515685832
0.9999999231300077
0.9999999014664746
0.9999998758188133
0.9999998542655929
0.9999998310362064
0.9999998108983077
0.9999997903641633
0.9999997721724594
0.999999754860656
0.9999997390758504
0.9999997253477979
0.9999997124634905
0.9999997025317423
0.9999996929934786
0.9999996869841947
0.9999996811282523
0.999999679107039
0.9999996771427184
0.9999996791070391
0.9999996811282524
0.9999996869841941
0.9999996929934788
0.9999997025317425
0.9999997124634897
0.9999997253477971
0.9999997390758512
0.9999997548606558
0.9999997721724593
0.9999997903641636
0.9999998108983085
0.9999998310362067
0.999999854265593
0.9999998758188134
0.9999999014664755
0.9999999231300076
0.9999999515685837
0.999999973027156
1.0
1.0
0.9999999738619058
0.9999999421810466
0.9999999185093735
0.9999998889131195
0.9999998644458097
0.9999998378014284
0.999999814358798
0.9999997903641634
0.9999997689373307
0.999999748077184
0.9999997292146704
0.9999997119658437
0.9999996962074743
0.999999682890044
0.9999996707404225
0.9999996615696494
0.9999996534255559
0.9999996485504753
0.9999996446673385
0.9999996441723503
0.9999996446673383
0.9999996485504743
0.9999996534255562
0.9999996615696486
0.9999996707404223
0.9999996828900444
0.9999996962074749
0.9999997119658425
0.9999997292146716
0.9999997480771841
0.9999997689373319
0.999999790364163
0.9999998143587997
0.9999998378014285
0.9999998644458108
0.9999998889131196
0.9999999185093742
0.9999999421810469
0.9999999738619066
1.0
1.0
0.9999999676755618
0.9999999415005361
0.9999999078526379
0.9999998810740511
0.9999998510303573
0.9999998242617371
0.9999997971263024
0.9999997721724593
0.999999748077184
0.9999997257312307
0.9999997052077704
0.9999996860760894
0.9999996695507214
0.9999996542011544
0.9999996419803341
0.9999996308819535
0.9999996231937609
0.9999996166701367
0.9999996136762367
0.9999996118961388
0.9999996136762369
0.9999996166701373
0.9999996231937607
0.9999996308819538
0.9999996419803341
0.9999996542011536
0.9999996695507211
0.9999996860760901
0.9999997052077702
0.9999997257312312
0.9999997480771841
0.9999997721724603
0.9999997971263023
0.9999998242617374
0.999999851030358
0.9999998810740511
0.9999999078526385
0.9999999415005362
0.9999999676755617
1.0
1.0
0.9999999692759305
0.9999999325316477
0.9999999042707418
0.9999998703084818
0.9999998408851276
0.9999998104868907
0.9999997822766116
0.9999997548606556
0.9999997292146713
0.9999997052077702
0.9999996828550003
0.999999662779618
0.9999996443454355
0.9999996286147144
0.9999996146308427
0.9999996035671126
0.9999995944237902
0.999999588275296
0.9999995842007873
0.999999583133609
0.9999995842007867
0.9999995882752958
0.99999959442379
0.9999996035671121
0.9999996146308423
0.9999996286147151
0.9999996443454359
0.9999996627796184
0.9999996828550008
0.999999705207771
0.9999997292146715
0.9999997548606561
0.9999997822766123
0.9999998104868913
0.9999998408851276
0.9999998703084828
0.9999999042707416
0.9999999325316483
0.9999999692759314
1.0
1.0
0.9999999631274386
0.999999932859678
0.9999998948599972
0.9999998635957016
0.9999998299189422
0.99999979858462
0.99999976820235
0.9999997390758512
0.9999997119658437
0.9999996860760901
0.9999996627796183
0.9999996408375939
0.9999996218651687
0.9999996044698586
0.999999590238731
0.9999995778543423
0.9999995686964602
0.9999995616280343
0.9999995577859528
0.9999995561762578
0.9999995577859533
0.9999995616280346
0.9999995686964603
0.9999995778543421
0.9999995902387314
0.9999996044698577
0.9999996218651681
0.9999996408375946
0.999999662779618
0.9999996860760902
0.9999997119658435
0.9999997390758517
0.9999997682023494
0.9999997985846204
0.9999998299189419
0.999999863595702
0.9999998948599973
0.9999999328596779
0.9999999631274382
1.0
1.0
0.9999999654489671
0.9999999245377202
0.9999998923999047
0.9999998548802418
0.9999998212670843
0.9999997878060168
0.9999997555956159
0.999999725347798
0.9999996962074745
0.9999996695507213
0.9999996443454361
0.9999996218651684
0.9999996012601847
0.9999995834790889
0.9999995680002169
0.9999995553508065
0.9999995453710666
0.9999995381857447
0.9999995339186465
0.9999995324156208
0.999999533918646
0.9999995381857445
0.9999995453710664
0.9999995553508063
0.9999995680002163
0.9999995834790899
0.999999601260185
0.9999996218651689
0.9999996443454363
0.9999996695507223
0.9999996962074753
0.9999997253477982
0.9999997555956164
0.9999997878060164
0.9999998212670842
0.9999998548802416
0.9999998923999046
0.9999999245377201
0.9999999654489674
1.0
1.0
0.9999999594772877
0.9999999258919371
0.9999998844265308
0.999999849515173
0.9999998129480082
0.9999997779211839
0.9999997449276429
0.9999997124634907
0.9999996828900454
0.9999996542011546
0.9999996286147149
0.9999996044698584
0.9999995834790895
0.9999995644725381
0.9999995486089001
0.999999535183597
0.9999995248704983
0.9999995173185772
0.9999995128524511
0.9999995113145773
0.9999995128524516
0.999999517318577
0.9999995248704987
0.9999995351835973
0.9999995486089006
0.9999995644725374
0.9999995834790897
0.9999996044698586
0.9999996286147147
0.9999996542011546
0.9999996828900445
0.9999997124634911
0.9999997449276415
0.9999997779211842
0.9999998129480078
0.9999998495151728
0.999999884426531
0.9999999258919379
0.9999999594772874
1.0
1.0
0.999999962488223
0.999999918371767
0.9999998832218941
0.9999998429709769
0.9999998061125768
0.9999997702826555
0.9999997350012898
0.9999997025317431
0.9999996707404226
0.9999996419803345
0.9999996146308429
0.9999995902387318
0.9999995680002166
0.9999995486089001
0.9999995319818343
0.9999995181225089
0.9999995074615703
0.9999994995278896
0.9999994950470468
0.9999994932789521
0.999999495047046
0.99999949952789
0.9999995074615698
0.999999518122509
0.9999995319818343
0.9999995486089012
0.9999995680002168
0.9999995902387318
0.9999996146308435
0.9999996419803349
0.9999996707404235
0.999999702531743
0.9999997350012904
0.9999997702826555
0.9999998061125764
0.9999998429709772
0.9999998832218939
0.9999999183717668
0.9999999624882235
1.0
1.0
0.9999999568062801
0.9999999207849
0.9999998767883508
0.9999998392015629
0.9999998005147153
0.9999997627964958
0.9999997278653584
0.9999996929934792
0.9999996615696501
0.9999996308819539
0.9999996035671133
0.9999995778543419
0.9999995553508073
0.9999995351835975
0.9999995181225093
0.9999995039181913
0.9999994927930045
0.9999994848383144
0.999999479974351
0.9999994784243302
0.9999994799743519
0.9999994848383136
0.9999994927930054
0.9999995039181915
0.9999995181225095
0.9999995351835965
0.9999995553508078
0.9999995778543421
0.9999996035671127
0.9999996308819541
0.9999996615696496
0.9999996929934801
0.9999997278653574
0.9999997627964957
0.9999998005147156
0.9999998392015629
0.9999998767883511
0.9999999207849001
0.9999999568062803
1.0
1.0
0.999999960471911
0.9999999141761817
0.9999998769741444
0.9999998348630839
0.9999997958024617
0.999999758345738
0.9999997209970537
0.9999996869841946
0.9999996534255566
0.9999996231937605
0.9999995944237905
0.999999568696461
0.9999995453710661
0.9999995248704988
0.9999995074615695
0.999999492793005
0.9999994816409876
0.9999994732363269
0.9999994685636809
0.9999994666656091
0.9999994685636805
0.9999994732363279
0.9999994816409875
0.9999994927930055
0.9999995074615698
0.9999995248704997
0.9999995453710662
0.9999995686964618
0.999999594423791
0.9999996231937617
0.9999996534255565
0.999999686984195
0.9999997209970543
0.9999997583457391
0.9999997958024616
0.9999998348630845
0.9999998769741444
0.9999999141761815
0.9999999604719115
1.0
1.0
0.9999999551772707
0.9999999176691672
0.99999987212848
0.9999998329119999
0.9999997929258863
0.9999997535770554
0.9999997174473203
0.9999996811282528
0.9999996485504751
0.9999996166701375
0.9999995882752966
0.9999995616280342
0.9999995381857462
0.9999995173185772
0.9999994995278908
0.9999994848383134
0.9999994732363278
0.9999994650101887
0.9999994599344262
0.9999994583434231
0.9999994599344267
0.9999994650101889
0.9999994732363279
0.9999994848383136
0.9999994995278908
0.9999995173185771
0.9999995381857459
0.9999995616280342
0.999999588275296
0.9999996166701374
0.9999996485504756
0.9999996811282539
0.9999997174473199
0.9999997535770552
0.9999997929258861
0.9999998329119999
0.9999998721284801
0.9999999176691683
0.9999999551772705
1.0
1.0
0.9999999594510924
0.9999999120522307
0.9999998738117937
0.9999998307572795
0.9999997905856846
0.9999997522989287
0.9999997139130014
0.9999996791070396
0.999999644667339
0.9999996136762367
0.9999995842007874
0.9999995577859538
0.9999995339186462
0.9999995128524515
0.9999994950470462
0.9999994799743518
0.9999994685636806
0.9999994599344258
0.9999994551481421
0.9999994532022248
0.9999994551481421
0.9999994599344262
0.9999994685636809
0.9999994799743522
0.9999994950470461
0.9999995128524523
0.9999995339186459
0.9999995577859546
0.9999995842007876
0.9999996136762381
0.9999996446673383
0.9999996791070395
0.999999713913002
0.9999997522989291
0.9999997905856853
0.9999998307572799
0.9999998738117944
0.99999991205223
0.9999999594510927
1.0
1.0
0.9999999546297879
0.9999999166220335
0.999999870562127
0.9999998307986419
0.9999997903744079
0.9999997504798951
0.9999997139440093
0.9999996771427192
0.9999996441723505
0.9999996118961398
0.9999995831336093
0.9999995561762574
0.9999995324156216
0.9999995113145774
0.9999994932789529
0.9999994784243298
0.9999994666656095
0.9999994583434236
0.9999994532022253
0.9999994515912132
0.9999994532022253
0.9999994583434235
0.9999994666656088
0.9999994784243301
0.9999994932789522
0.9999995113145774
0.9999995324156212
0.9999995561762577
0.999999583133609
0.9999996118961396
0.9999996441723513
0.9999996771427201
0.9999997139440086
0.9999997504798951
0.9999997903744073
0.9999998307986422
0.9999998705621269
0.9999999166220342
0.999999954629788
1.0
1.0
0.9999999594510925
0.9999999120522305
0.9999998738117938
0.9999998307572802
0.9999997905856843
0.999999752298929
0.999999713913001
0.9999996791070397
0.999999644667339
0.999999613676237
0.999999584200787
0.9999995577859544
0.9999995339186456
0.9999995128524518
0.9999994950470457
0.9999994799743521
0.9999994685636803
0.999999459934426
0.9999994551481423
0.9999994532022252
0.9999994551481421
0.9999994599344258
0.9999994685636807
0.9999994799743517
0.9999994950470464
0.9999995128524521
0.9999995339186458
0.9999995577859544
0.9999995842007877
0.9999996136762375
0.9999996446673384
0.9999996791070394
0.9999997139130021
0.999999752298929
0.9999997905856851
0.9999998307572798
0.9999998738117943
0.9999999120522303
0.9999999594510928
1.0
1.0
0.9999999551772706
0.9999999176691675
0.9999998721284807
0.9999998329119995
0.9999997929258869
0.9999997535770553
0.9999997174473204
0.9999996811282535
0.9999996485504746
0.9999996166701378
0.9999995882752963
0.9999995616280343
0.9999995381857454
0.9999995173185774
0.9999994995278907
0.9999994848383138
0.9999994732363278
0.999999465010189
0.9999994599344258
0.9999994583434233
0.999999459934426
0.999999465010189
0.9999994732363271
0.9999994848383139
0.9999994995278901
0.9999995173185771
0.9999995381857454
0.9999995616280339
0.9999995882752956
0.9999996166701377
0.9999996485504755
0.9999996811282532
0.9999997174473199
0.9999997535770546
0.9999997929258866
0.9999998329119997
0.9999998721284803
0.9999999176691683
0.9999999551772706
1.0
1.0
0.9999999604719116
0.9999999141761816
0.9999998769741442
0.9999998348630851
0.9999997958024611
0.999999758345739
0.9999997209970537
0.9999996869841947
0.9999996534255572
0.9999996231937608
0.9999995944237904
0.999999568696461
0.9999995453710664
0.9999995248704988
0.9999995074615692
0.9999994927930053
0.9999994816409873
0.9999994732363274
0.9999994685636803
0.9999994666656093
0.99999946856368
0.9999994732363273
0.9999994816409874
0.999999492793005
0.9999995074615697
0.9999995248704995
0.9999995453710662
0.9999995686964617
0.9999995944237909
0.999999623193761
0.9999996534255555
0.9999996869841953
0.9999997209970533
0.9999997583457397
0.9999997958024608
0.9999998348630849
0.9999998769741445
0.9999999141761811
0.9999999604719115
1.0
1.0
0.9999999568062798
0.9999999207849004
0.9999998767883511
0.9999998392015624
0.9999998005147165
0.9999997627964958
0.9999997278653585
0.9999996929934793
0.9999996615696498
0.9999996308819538
0.9999996035671135
0.9999995778543413
0.9999995553508075
0.9999995351835964
0.99999951812251
0.9999995039181909
0.9999994927930056
0.9999994848383134
0.9999994799743523
0.9999994784243291
0.9999994799743528
0.9999994848383131
0.9999994927930055
0.9999995039181913
0.9999995181225094
0.9999995351835965
0.9999995553508073
0.9999995778543417
0.9999996035671124
0.9999996308819543
0.9999996615696501
0.9999996929934799
0.9999997278653578
0.9999997627964959
0.9999998005147153
0.9999998392015627
0.9999998767883509
0.9999999207849007
0.99999995680628
1.0
1.0
0.9999999624882241
0.9999999183717665
0.9999998832218948
0.9999998429709775
0.999999806112577
0.9999997702826556
0.9999997350012904
0.9999997025317431
0.9999996707404237
0.9999996419803343
0.9999996146308437
0.9999995902387315
0.9999995680002168
0.9999995486089005
0.9999995319818337
0.9999995181225094
0.9999995074615693
0.9999994995278907
0.9999994950470457
0.999999493278953
0.9999994950470454
0.9999994995278908
0.9999995074615693
0.9999995181225096
0.9999995319818347
0.999999548608901
0.9999995680002172
0.9999995902387321
0.9999996146308439
0.9999996419803345
0.999999670740423
0.999999702531743
0.9999997350012901
0.9999997702826556
0.9999998061125769
0.9999998429709773
0.9999998832218945
0.9999999183717664
0.9999999624882238
1.0
1.0
0.9999999594772874
0.9999999258919379
0.9999998844265313
0.9999998495151725
0.9999998129480089
0.9999997779211846
0.9999997449276427
0.9999997124634913
0.9999996828900444
0.9999996542011552
0.9999996286147145
0.999999604469859
0.999999583479089
0.9999995644725379
0.9999995486089006
0.9999995351835967
0.9999995248704988
0.9999995173185771
0.9999995128524526
0.999999511314577
0.9999995128524525
0.9999995173185767
0.9999995248704991
0.9999995351835974
0.9999995486089001
0.9999995644725383
0.9999995834790892
0.9999996044698588
0.9999996286147147
0.9999996542011546
0.9999996828900454
0.9999997124634914
0.9999997449276421
0.9999997779211843
0.9999998129480078
0.9999998495151728
0.9999998844265308
0.9999999258919384
0.9999999594772873
1.0
1.0
0.9999999654489675
0.9999999245377205
0.999999892399905
0.999999854880243
0.9999998212670843
0.9999997878060173
0.9999997555956168
0.9999997253477984
0.999999696207476
0.9999996695507215
0.9999996443454373
0.9999996218651688
0.9999996012601853
0.9999995834790896
0.9999995680002167
0.9999995553508071
0.9999995453710667
0.9999995381857456
0.9999995339186457
0.9999995324156218
0.9999995339186452
0.9999995381857463
0.9999995453710664
0.9999995553508072
0.9999995680002179
0.9999995834790898
0.9999996012601862
0.999999621865169
0.9999996443454374
0.9999996695507223
0.9999996962074749
0.9999997253477987
0.9999997555956168
0.9999997878060171
0.9999998212670846
0.9999998548802422
0.9999998923999049
0.9999999245377204
0.9999999654489672
1.0
1.0
0.999999963127438
0.9999999328596786
0.9999998948599976
0.9999998635957015
0.9999998299189431
0.9999997985846207
0.9999997682023508
0.9999997390758518
0.9999997119658439
0.9999996860760907
0.9999996627796182
0.9999996408375951
0.9999996218651686
0.9999996044698585
0.9999995902387318
0.9999995778543421
0.9999995686964613
0.9999995616280343
0.9999995577859546
0.9999995561762577
0.999999557785955
0.9999995616280345
0.9999995686964616
0.9999995778543425
0.9999995902387325
0.9999996044698589
0.9999996218651692
0.9999996408375947
0.9999996627796187
0.9999996860760905
0.9999997119658449
0.999999739075852
0.9999997682023507
0.9999997985846206
0.9999998299189421
0.9999998635957021
0.9999998948599974
0.9999999328596786
0.9999999631274383
1.0
1.0
0.9999999692759319
0.9999999325316483
0.9999999042707419
0.9999998703084838
0.999999840885128
0.9999998104868923
0.9999997822766123
0.9999997548606566
0.9999997292146726
0.9999997052077709
0.9999996828550017
0.9999996627796183
0.9999996443454365
0.9999996286147156
0.9999996146308429
0.9999996035671133
0.9999995944237903
0.9999995882752969
0.9999995842007866
0.9999995831336099
0.9999995842007864
0.9999995882752971
0.9999995944237907
0.9999996035671136
0.999999614630844
0.9999996286147157
0.9999996443454371
0.9999996627796192
0.999999682855002
0.9999997052077716
0.9999997292146721
0.999999754860657
0.9999997822766121
0.9999998104868919
0.9999998408851283
0.9999998703084828
0.9999999042707419
0.9999999325316481
0.9999999692759309
1.0
1.0
0.9999999676755612
0.9999999415005366
0.9999999078526388
0.9999998810740519
0.9999998510303582
0.9999998242617381
0.9999997971263035
0.9999997721724609
0.9999997480771845
0.999999725731232
0.9999997052077704
0.9999996860760908
0.9999996695507216
0.9999996542011548
0.9999996419803345
0.9999996308819543
0.9999996231937606
0.9999996166701375
0.9999996136762375
0.9999996118961397
0.9999996136762378
0.9999996166701376
0.9999996231937613
0.9999996308819549
0.999999641980335
0.9999996542011556
0.999999669550722
0.9999996860760912
0.9999997052077709
0.9999997257312327
0.9999997480771853
0.999999772172461
0.9999997971263035
0.9999998242617381
0.9999998510303578
0.9999998810740517
0.9999999078526384
0.9999999415005365
0.999999967675562
1.0
1.0
0.999999973861907
0.999999942181047
0.9999999185093748
0.9999998889131206
0.9999998644458113
0.9999998378014294
0.9999998143587998
0.999999790364164
0.9999997689373319
0.9999997480771848
0.9999997292146722
0.9999997119658438
0.9999996962074752
0.999999682890045
0.9999996707404228
0.9999996615696498
0.9999996534255562
0.9999996485504757
0.9999996446673382
0.9999996441723514
0.9999996446673382
0.9999996485504754
0.999999653425557
0.99999966156965
0.999999670740424
0.9999996828900451
0.9999996962074761
0.9999997119658445
0.999999729214673
0.999999748077185
0.9999997689373322
0.9999997903641642
0.9999998143587995
0.9999998378014295
0.9999998644458111
0.9999998889131202
0.9999999185093748
0.9999999421810468
0.9999999738619065
1.0
1.0
0.9999999730271558
0.9999999515685842
0.9999999231300075
0.9999999014664754
0.9999998758188139
0.9999998542655942
0.9999998310362074
0.9999998108983097
0.9999997903641638
0.9999997721724606
0.9999997548606561
0.9999997390758518
0.999999725347798
0.9999997124634908
0.9999997025317428
0.9999996929934796
0.9999996869841947
0.9999996811282532
0.9999996791070398
0.9999996771427198
0.99999967910704
0.9999996811282541
0.999999686984195
0.9999996929934802
0.9999997025317429
0.9999997124634922
0.9999997253477982
0.9999997390758526
0.9999997548606563
0.9999997721724615
0.9999997903641644
0.9999998108983096
0.9999998310362077
0.9999998542655933
0.9999998758188138
0.9999999014664755
0.9999999231300076
0.9999999515685845
0.999999973027156
1.0
1.0
0.9999999790733025
0.9999999532877109
0.9999999347107175
0.9999999103007472
0.9999998912996043
0.9999998691455328
0.9999998509897758
0.9999998310362069
0.9999998143587996
0.9999997971263028
0.999999782276612
0.9999997682023501
0.9999997555956163
0.9999997449276425
0.9999997350012898
0.9999997278653581
0.9999997209970541
0.9999997174473201
0.9999997139130015
0.9999997139440092
0.9999997139130016
0.9999997174473202
0.9999997209970539
0.9999997278653585
0.9999997350012909
0.999999744927643
0.9999997555956168
0.999999768202351
0.9999997822766128
0.9999997971263032
0.9999998143587994
0.9999998310362075
0.9999998509897748
0.9999998691455334
0.9999998912996036
0.9999999103007471
0.9999999347107172
0.9999999532877109
0.9999999790733024
1.0
1.0
0.9999999790695052
0.9999999627797334
0.9999999403655696
0.9999999242127087
0.9999999037347865
0.9999998877998584
0.9999998691455333
0.9999998542655932
0.9999998378014293
0.9999998242617375
0.999999810486892
0.9999997985846196
0.999999787806017
0.9999997779211831
0.999999770282656
0.9999997627964954
0.9999997583457383
0.9999997535770553
0.9999997522989291
0.9999997504798952
0.9999997522989293
0.9999997535770555
0.9999997583457391
0.9999997627964962
0.9999997702826557
0.9999997779211846
0.9999997878060175
0.9999997985846208
0.9999998104868919
0.9999998242617385
0.9999998378014294
0.9999998542655936
0.9999998691455333
0.9999998877998578
0.9999999037347863
0.9999999242127086
0.9999999403655697
0.9999999627797338
0.9999999790695052
1.0
1.0
0.9999999847753953
0.9999999655892545
0.9999999524632854
0.9999999339542783
0.9999999207840026
0.999999903734787
0.9999998912996035
0.9999998758188142
0.9999998644458102
0.9999998510303577
0.9999998408851268
0.9999998299189428
0.9999998212670836
0.9999998129480084
0.9999998061125759
0.9999998005147159
0.9999997958024613
0.9999997929258864
0.9999997905856844
0.999999790374408
0.9999997905856843
0.9999997929258864
0.9999997958024616
0.9999998005147159
0.9999998061125769
0.9999998129480087
0.9999998212670846
0.999999829918943
0.9999998408851283
0.9999998510303579
0.9999998644458107
0.9999998758188143
0.999999891299603
0.9999999037347871
0.9999999207840023
0.9999999339542777
0.9999999524632852
0.999999965589254
0.9999999847753954
1.0
1.0
0.9999999856307642
0.9999999749052237
0.9999999590611671
0.9999999488559954
0.9999999339542777
0.9999999242127088
0.9999999103007471
0.9999999014664755
0.9999998889131203
0.9999998810740515
0.9999998703084831
0.9999998635957011
0.9999998548802419
0.9999998495151724
0.9999998429709768
0.9999998392015625
0.999999834863084
0.999999832912
0.9999998307572797
0.9999998307986429
0.9999998307572798
0.9999998329120007
0.9999998348630842
0.9999998392015631
0.9999998429709772
0.9999998495151731
0.9999998548802422
0.9999998635957023
0.9999998703084826
0.9999998810740525
0.9999998889131196
0.9999999014664759
0.9999999103007473
0.9999999242127088
0.9999999339542774
0.9999999488559954
0.999999959061167
0.999999974905224
0.9999999856307641
1.0
1.0
0.999999990884363
0.9999999786692179
0.9999999715012424
0.9999999590611677
0.999999952463285
0.9999999403655704
0.9999999347107168
0.9999999231300079
0.9999999185093741
0.9999999078526388
0.9999999042707408
0.9999998948599981
0.9999998923999038
0.9999998844265312
0.9999998832218937
0.9999998767883511
0.9999998769741442
0.9999998721284804
0.999999873811794
0.9999998705621271
0.999999873811794
0.9999998721284805
0.9999998769741445
0.9999998767883509
0.9999998832218946
0.9999998844265314
0.999999892399905
0.9999998948599974
0.9999999042707421
0.999999907852638
0.9999999185093746
0.9999999231300077
0.9999999347107168
0.9999999403655698
0.9999999524632851
0.9999999590611675
0.9999999715012424
0.9999999786692174
0.9999999908843632
1.0
1.0
0.9999999925200495
0.999999987704929
0.9999999786692182
0.9999999749052233
0.9999999655892547
0.9999999627797332
0.9999999532877111
0.9999999515685845
0.9999999421810467
0.9999999415005364
0.9999999325316481
0.9999999328596776
0.9999999245377204
0.9999999258919372
0.9999999183717667
0.9999999207848999
0.9999999141761811
0.9999999176691678
0.9999999120522305
0.9999999166220345
0.9999999120522305
0.9999999176691683
0.9999999141761814
0.9999999207849004
0.999999918371767
0.9999999258919375
0.9999999245377207
0.9999999328596783
0.9999999325316485
0.9999999415005365
0.999999942181047
0.9999999515685841
0.9999999532877115
0.999999962779733
0.9999999655892543
0.9999999749052236
0.9999999786692177
0.9999999877049294
0.999999992520049
1.0
1.0
0.9999999970924875
0.9999999925200497
0.9999999908843623
0.9999999856307651
0.9999999847753946
0.9999999790695063
0.9999999790733017
0.9999999730271563
0.9999999738619061
0.9999999676755617
0.9999999692759305
0.9999999631274386
0.9999999654489669
0.9999999594772876
0.9999999624882232
0.9999999568062797
0.9999999604719119
0.9999999551772701
0.9999999594510929
0.9999999546297876
0.9999999594510927
0.9999999551772701
0.9999999604719118
0.9999999568062802
0.9999999624882238
0.9999999594772874
0.9999999654489676
0.9999999631274378
0.9999999692759315
0.9999999676755615
0.9999999738619068
0.9999999730271559
0.9999999790733024
0.9999999790695054
0.9999999847753954
0.9999999856307641
0.9999999908843629
0.9999999925200489
0.9999999970924882
1.0
1.0
1.0
1.0
1.0
1.0
1.0
1.0
1.0
1.0
1.0
1.0
1.0
1.0
1.0
1.0
1.0
1.0
1.0
1.0
1.0
1.0
1.0
1.0
1.0
1.0
1.0
1.0
1.0
1.0
1.0
1.0
1.0
1.0
1.0
1.0
1.0
1.0
1.0
1.0
1.0
1.0
