1.0
1.0
1.0
1.0
1.0
1.0
1.0
1.0
1.0
1.0
1.0
1.0
1.0
1.0
1.0
1.0
1.0
1.0
1.0
1.0
1.0
1.0
1.0
1.0
1.0
1.0
1.0
1.0
1.0
1.0
1.0
1.0
1.0
1.0
1.0
1.0
1.0
1.0
1.0
1.0
1.0
1.0
0.9999995042045127
0.9999990135002764
0.9999985308875625
0.9999980593044873
0.9999976016091765
0.9999971605624992
0.9999967388114671
0.9999963388734074
0.999995963120996
0.9999956137682442
0.9999952928575208
0.9999950022476805
0.9999947436033773
0.9999945183856113
0.9999943278435726
0.99999417300782
0.9999940546848354
0.9999939734529796
0.9999939296598699
0.9999939234211889
0.9999939546209242
0.9999940229130374
0.9999941277245392
0.9999942682599522
0.9999944435071202
0.9999946522443345
0.999994893048715
0.999995164305799
0.9999954642202687
0.999995790827748
0.9999961420075936
0.9999965154965921
0.9999969089034823
0.9999973197242034
0.9999977453577765
0.9999981831227165
0.9999986302738734
0.9999990840195954
0.9999995415391076
1.0
1.0
0.9999990155243438
0.9999980411581236
0.9999970828588244
0.9999961464605123
0.9999952376384218
0.9999943618746678
0.9999935244252869
0.9999927302888056
0.9999919841765254
0.9999912904846945
0.9999906532687388
0.9999900762196927
0.9999895626429729
0.9999891154396132
0.9999887370900655
0.9999884296406576
0.999988194692779
0.999988033394852
0.9999879464371221
0.9999879340492932
0.9999879960010066
0.9999881316051513
0.9999883397239725
0.9999886187779297
0.9999889667572385
0.9999893812360131
0.999989859388914
0.9999903980101852
0.9999909935349564
0.9999916420626672
0.9999923393824646
0.9999930810004023
0.9999938621682752
0.9999946779138985
0.9999955230726416
0.9999963923200174
0.9999972802051226
0.9999981811847171
0.9999990896577337
1.0
1.0
0.9999985369099302
0.9999970888441176
0.9999956646563485
0.9999942730169886
0.9999929223603549
0.9999916208337566
0.9999903762485142
0.9999891960332472
0.9999880871897107
0.9999870562514415
0.999986109245458
0.9999852516572348
0.9999844883991557
0.9999838237826258
0.999983261493998
0.9999828045744462
0.9999824554038951
0.9999822156890851
0.999982086455833
0.9999820680455157
0.9999821601157832
0.9999823616454773
0.9999826709437102
0.9999830856630295
0.9999836028165702
0.9999842187990736
0.9999849294116285
0.9999857298899625
0.9999866149361017
0.9999875787531832
0.9999886150831974
0.9999897172474134
0.9999908781892309
0.9999920905191783
0.9999933465617793
0.9999946384039851
0.9999959579448713
0.9999972969462867
0.9999986470841397
1.0
1.0
0.9999980712255576
0.9999961622574168
0.9999942847674202
0.9999924501856092
0.9999906696308442
0.9999889538436276
0.9999873131215312
0.9999857572576167
0.9999842954822158
0.9999829364084132
0.9999816879815566
0.9999805574330821
0.999979551238928
0.9999786750827688
0.9999779338242804
0.9999773314726063
0.9999768711651733
0.9999765551519574
0.9999763847852807
0.9999763605151762
0.9999764818903282
0.9999767475645556
0.9999771553087812
0.9999777020283854
0.9999783837858197
0.9999791958283142
0.9999801326204929
0.9999811878816719
0.9999823546275943
0.9999836252163241
0.9999849913980007
0.9999864443681318
0.9999879748240839
0.9999895730244036
0.9999912288506004
0.9999929318709957
0.9999946714062357
0.9999964365960627
0.999998216466924
1.0
1.0
0.999997621232432
0.9999952668920794
0.999992951373886
0.9999906887745812
0.9999884928071138
0.9999863767178014
0.9999843532066928
0.9999824343516222
0.9999806315364054
0.9999789553836052
0.9999774156922597
0.9999760213809371
0.9999747804364457
0.999973699868491
0.999972785670536
0.9999720427870794
0.9999714750875253
0.9999710853467804
0.9999708752326711
0.9999708453002256
0.9999709949928333
0.9999713226502425
0.9999718255233204
0.999972499795457
0.9999733406104526
0.9999743421066914
0.9999754974573655
0.9999767989164748
0.999978237870299
0.9999798048939981
0.9999814898129761
0.9999832817686076
0.9999851692879055
0.9999871403566847
0.9999891824957584
0.9999912828396825
0.999993428217555
0.9999956052353632
0.9999978003593673
1.0
1.0
0.9999971895725244
0.9999944080049163
0.9999916723042792
0.999988999125387
0.9999864046695903
0.9999839045869323
0.9999815138820595
0.999979246824494
0.9999771168638011
0.9999751365501527
0.9999733174607562
0.999971670132576
0.999970204001736
0.9999689273499485
0.999967847258273
0.9999669695684543
0.9999662988520531
0.999965838387521
0.9999655901453337
0.9999655547812374
0.9999657316376167
0.9999661187529444
0.9999667128792202
0.9999675095072579
0.9999685028996339
0.999969686131062
0.9999710511359164
0.9999725887625802
0.9999742888342548
0.9999761402158345
0.9999781308864037
0.9999802480168908
0.9999824780523782
0.999984806798543
0.9999872195116791
0.9999897009917317
0.9999922356777582
0.9999948077452194
0.9999974012044932
1.0
1.0
0.9999967787532803
0.9999935905850704
0.999990454988518
0.999987391052938
0.9999844173479425
0.9999815518112474
0.9999788116408301
0.999976213192086
0.999973771880594
0.99997150209107
0.9999694170930404
0.9999675289637292
0.9999658485186019
0.9999643852499659
0.9999631472739661
0.9999621412862754
0.9999613725267098
0.9999608447529552
0.9999605602235251
0.9999605196900199
0.9999607223986965
0.9999611661012978
0.9999618470750413
0.9999627601516023
0.9999638987548791
0.9999652549472698
0.9999668194841412
0.9999685818761221
0.9999705304588028
0.9999726524693834
0.9999749341297695
0.9999773607355769
0.9999799167504742
0.9999825859052578
0.9999853513010344
0.9999881955158537
0.999991100714125
0.9999940487581287
0.9999970213209313
1.0
1.0
0.999996391133285
0.9999928193254927
0.9999893064154259
0.9999858737894606
0.9999825422517327
0.9999793318984443
0.9999762619970457
0.9999733508710137
0.9999706157909195
0.9999680728724247
0.9999657369818081
0.9999636216495735
0.9999617389926369
0.9999600996455356
0.9999587127010496
0.9999575856605575
0.999956724394394
0.999956133112416
0.9999558143449092
0.9999557689339156
0.9999559960349924
0.9999564931293448
0.9999572560462192
0.9999582789953745
0.9999595546093917
0.9999610739955188
0.9999628267966951
0.999964801261339
0.9999669843214359
0.9999693616784091
0.999971917896214
0.9999746365010547
0.999977500087077
0.9999804904273671
0.9999835885895492
0.9999867750552499
0.9999900298426806
0.9999933326315689
0.9999966628896594
1.0
1.0
0.9999960289089616
0.9999920985964748
0.9999882330933167
0.9999844559324281
0.9999807900060702
0.9999772574275141
0.9999738793980957
0.999970676080432
0.9999676664785528
0.999964868325659
0.9999622979801678
0.9999599703306483
0.9999578987101994
0.9999560948207541
0.9999545686677405
0.9999533285054549
0.9999523807934423
0.9999517301641051
0.9999513794016954
0.9999513294327718
0.999951579328134
0.9999521263161743
0.9999529658075174
0.999954091430752
0.9999554950789864
0.9999571669668974
0.9999590956978793
0.9999612683408364
0.9999636705161089
0.9999662864899623
0.9999690992770267
0.9999720907500201
0.9999752417560511
0.9999785322387591
0.9999819413655125
0.9999854476588669
0.999989029131448
0.9999926634234245
0.9999963279417048
1.0
1.0
0.9999956941023773
0.9999914324213861
0.9999872410138619
0.9999831453968309
0.9999791703926231
0.9999753399789011
0.999971677144507
0.999968203751987
0.9999649404076196
0.9999619063397093
0.9999591192858674
0.9999565953899333
0.999954349109132
0.9999523931319982
0.9999507383075271
0.9999493935859434
0.9999483659714022
0.9999476604868685
0.999947280151337
0.9999472259694857
0.9999474969337725
0.9999480900389125
0.9999490003085959
0.9999502208342312
0.9999517428254269
0.9999535556718492
0.9999556470160336
0.9999580028366513
0.9999606075416786
0.999963444070855
0.9999664940067571
0.9999697376937737
0.999973154364215
0.9999767222707485
0.9999804188243233
0.9999842207367103
0.9999881041667583
0.9999920448694566
0.9999960183468678
1.0
1.0
0.9999953885502217
0.9999908244547454
0.9999863356194338
0.9999819493720348
0.9999776922963034
0.9999735900713894
0.9999696673174526
0.9999659474484347
0.9999624525328624
0.9999592031635061
0.9999562183366613
0.9999535153417556
0.9999511096619172
0.9999490148860766
0.9999472426330878
0.9999458024882945
0.9999447019528763
0.9999439464062343
0.9999435390815954
0.99994348105493
0.9999437712472005
0.9999444064398619
0.9999453813034794
0.9999466884392192
0.9999483184329112
0.9999502599212989
0.9999524996700156
0.9999550226627606
0.9999578122010799
0.9999608500140943
0.9999641163774559
0.9999675902407656
0.9999712493626306
0.9999750704524994
0.999979029318373
0.9999831010194576
0.9999872600228038
0.9999914803629426
0.999995735803531
1.0
1.0
0.999995113894018
0.9999902779627421
0.9999855217740984
0.9999808742834646
0.9999763636579143
0.9999720171060374
0.9999678607143616
0.9999639192913538
0.9999602162199337
0.9999567733193697
0.9999536107173692
0.9999507467331114
0.9999481977718941
0.9999459782319989
0.9999441004242946
0.9999425745050244
0.999941408422135
0.9999406078754228
0.9999401762906841
0.9999401148079745
0.999940422283988
0.9999410953084853
0.9999421282346121
0.9999435132228626
0.9999452402983627
0.9999472974210644
0.9999496705683668
0.9999523438296044
0.9999552995117696
0.9999585182557763
0.9999619791625022
0.9999656599277942
0.9999695369855708
0.9999735856581039
0.9999777803125276
0.9999820945225854
0.9999865012345936
0.9999909729365906
0.9999954818296065
1.0
1.0
0.9999948715716152
0.9999897958063101
0.9999848037384075
0.9999799257593032
0.9999751914329938
0.9999706293174568
0.9999662667929595
0.9999621298983244
0.9999582431761282
0.9999546295277474
0.9999513100791068
0.9999483040579098
0.9999456286830619
0.9999432990669154
0.9999413281308863
0.9999397265349086
0.9999385026211007
0.9999376623719355
0.999937209383109
0.9999371448512168
0.9999374675762513
0.9999381739788458
0.9999392581320944
0.9999407118076975
0.9999425245360853
0.9999446836800936
0.9999471745216822
0.9999499803611089
0.9999530826278964
0.9999564610028603
0.9999600935504035
0.9999639568602172
0.9999680261974793
0.99997227566059
0.9999766783454429
0.9999812065151924
0.9999858317744506
0.9999905252468221
0.9999952577546705
1.0
1.0
0.9999946628100055
0.9999893804268332
0.9999841851481122
0.9999791086023729
0.999974181557066
0.999969433732671
0.9999648936240169
0.9999605883298818
0.9999565433918904
0.9999527826436599
0.9999493280710827
0.9999461996845593
0.9999434154039207
0.9999409909566934
0.9999389397902827
0.9999372729985534
0.9999359992632044
0.9999351248102358
0.999934653381712
0.9999345862229385
0.9999349220850594
0.9999356572430034
0.9999367855285993
0.9999382983786006
0.9999401848972552
0.9999424319329812
0.9999450241686147
0.9999479442246217
0.9999511727745809
0.9999546886721807
0.9999584690888969
0.9999624896614631
0.9999667246481836
0.9999711470930889
0.9999757289968938
0.9999804414936763
0.9999852550321647
0.9999901395605
0.9999950647133189
1.0
1.0
0.9999944886194966
0.9999890338345523
0.9999836689968977
0.9999784267673277
0.9999733389174538
0.9999684361377464
0.9999637478530238
0.9999593020464898
0.9999551250933745
0.9999512416051554
0.9999476742852812
0.9999444437972345
0.9999415686456973
0.9999390650714978
0.9999369469609254
0.9999352257699171
0.9999339104635174
0.9999330074709246
0.9999325206563339
0.9999324513056933
0.9999327981293884
0.9999335572807715
0.9999347223903609
0.9999362846154298
0.9999382327046202
0.9999405530771204
0.9999432299158586
0.9999462452740824
0.9999495791946121
0.9999532098409816
0.9999571136396089
0.9999612654320814
0.9999656386365681
0.9999702054173343
0.9999749368612791
0.99997980316038
0.9999847737988968
0.9999898177441641
0.9999949036397809
1.0
1.0
0.999994349789267
0.9999887575997208
0.999983257623213
0.9999778833432555
0.9999726673317785
0.9999676410523372
0.9999628346709531
0.99995827687572
0.9999539947062529
0.999950013393986
0.999946356214262
0.9999430443510706
0.9999400967752227
0.999937530136648
0.9999353586714281
0.9999335941240723
0.9999322456854517
0.9999313199467145
0.9999308208693939
0.999930749771831
0.9999311053319258
0.9999318836061346
0.9999330780645302
0.9999346796416398
0.9999366768026866
0.9999390556247617
0.9999417998923653
0.9999448912066714
0.999948309107784
0.9999520312091816
0.9999560333434707
0.9999602897185044
0.9999647730828624
0.9999694548996355
0.9999743055274091
0.9999792944073043
0.9999843902548976
0.9999895612558192
0.9999947752638082
1.0
1.0
0.9999942468843204
0.9999885528465434
0.999982952701243
0.9999774805417523
0.9999721695332204
0.9999670517122355
0.9999621577942204
0.9999575169897529
0.9999531568309095
0.999949103008654
0.999945379222233
0.9999420070414521
0.9999390057826292
0.9999363923989323
0.9999341813857187
0.9999323847013953
0.9999310117042234
0.9999300691053924
0.9999295609385858
0.9999294885461544
0.9999298505819195
0.9999306430305156
0.9999318592430884
0.9999334899890591
0.999935523523573
0.9999379456701489
0.9999407399179611
0.9999438875330929
0.999947367683021
0.9999511575735074
0.9999552325970079
0.9999595664916341
0.9999641315096464
0.9999688985944052
0.9999738375646489
0.9999789173049424
0.9999841059610923
0.9999893711393064
0.9999946801078577
1.0
1.0
0.9999941802438422
0.9999884202499084
0.9999827552360432
0.999977219690495
0.9999718471625773
0.9999666700599701
0.999961719453884
0.9999570248932544
0.9999526142290717
0.9999485134498877
0.9999447465294662
0.9999413352874635
0.9999382992639458
0.9999356556084562
0.999933418984257
0.9999316014882738
0.9999302125871673
0.9999292590698659
0.9999287450167765
0.9999286717857987
0.9999290380151606
0.9999298396429851
0.9999310699434014
0.99993271957891
0.9999347766686109
0.9999372268718114
0.9999400534864347
0.9999432375615624
0.99994675802336
0.9999505918135555
0.9999547140395666
0.9999590981353033
0.9999637160316143
0.999968538335285
0.9999735345154539
0.9999786730962642
0.9999839218545434
0.9999892480212702
0.9999946184855738
1.0
1.0
0.9999941499809633
0.9999883600349156
0.9999826655628357
0.9999771012323114
0.9999717007671137
0.9999664967434432
0.9999615203940817
0.9999568014216198
0.9999523678218737
0.9999482457185364
0.9999444592100355
0.9999410302294908
0.9999379784185763
0.9999353210160138
0.9999330727613148
0.9999312458143088
0.9999298496908842
0.9999288912152711
0.9999283744890948
0.9999283008773161
0.9999286690110817
0.9999294748073927
0.9999307115054035
0.9999323697190593
0.9999344375056792
0.9999369004499984
0.9999397417630891
0.9999429423954871
0.999946481163774
0.9999503348897739
0.9999544785514624
0.9999588854446052
0.9999635273540907
0.9999683747338592
0.9999733968942878
0.9999785621958442
0.9999838382477948
0.9999891921107187
0.9999945905015677
1.0
1.0
0.9999941559839142
0.9999883719791749
0.9999826833504332
0.9999771247297038
0.9999717298061519
0.9999665311225507
0.9999615598796325
0.9999568457495087
0.9999524166992679
0.9999482988257967
0.999944516202794
0.999941090740873
0.9999380420615529
0.9999353873858656
0.9999331414381981
0.9999313163659018
0.9999299216751008
0.9999289641830224
0.9999284479870827
0.9999283744508422
0.999928742206852
0.9999295471763029
0.9999307826052869
0.9999324391173806
0.9999345047821581
0.9999369651991467
0.9999398035966458
0.9999430009447393
0.9999465360817458
0.9999503858532734
0.999954525262974
0.9999589276340156
0.9999635647802392
0.9999684071859039
0.999973424192878
0.9999785841940969
0.999983854832064
0.9999892032011588
0.9999945960524869
1.0
1.0
0.9999941979185586
0.999988455417843
0.9999828076087398
0.9999772888747568
0.999971932663317
0.9999667712836776
0.9999618357126856
0.9999571554095354
0.9999527581406338
0.9999486698156044
0.9999449143354022
0.9999415134534168
0.9999384866503707
0.9999358510237232
0.9999336211922039
0.9999318092159997
0.9999304245330213
0.9999294739115782
0.9999289614196847
0.999928888411117
0.9999292535282382
0.9999300527215074
0.9999312792854803
0.9999329239110154
0.9999349747532952
0.99993741751518
0.9999402355453172
0.9999434099503427
0.9999469197204239
0.999950741867317
0.9999548515740388
0.9999592223551818
0.9999638262268403
0.9999686338850685
0.9999736148917274
0.999978737866553
0.9999839706842354
0.9999892806752736
0.9999946348293555
1.0
1.0
0.9999942752322698
0.9999886092513423
0.9999830367002459
0.999977591504322
0.9999723066653016
0.9999672140619152
0.9999623442582379
0.9999577263209161
0.9999533876463638
0.999949353798955
0.9999456483611601
0.9999422927965013
0.999939306326117
0.9999367058196402
0.9999345057010036
0.9999327178696896
0.9999313516378472
0.9999304136835967
0.9999299080207461
0.9999298359850318
0.9999301962369077
0.9999309847807936
0.9999321950005964
0.9999338177112205
0.9999358412256827
0.9999382514373545
0.9999410319167658
0.9999441640223099
0.9999476270241133
0.9999513982402548
0.9999554531844413
0.999959765724188
0.9999643082484796
0.9999690518438503
0.999973966477754
0.9999790211880748
0.9999841842775774
0.9999894235120876
0.9999947063211614
1.0
1.0
0.9999943871591257
0.9999888319556937
0.999983368355415
0.9999780296203451
0.9999728481069872
0.9999678550708003
0.999963080478291
0.9999585528278133
0.9999542989801455
0.9999503439998433
0.9999467110083087
0.9999434210494232
0.9999404929685263
0.999937943305427
0.9999357862020506
0.999934033325229
0.9999326938050463
0.9999317741890564
0.999931278412592
0.999931207785274
0.9999315609937461
0.9999323341205473
0.9999335206789377
0.9999351116634025
0.9999370956154544
0.999939458704269
0.9999421848215936
0.99994525569029
0.9999486509857818
0.9999523484696088
0.9999563241342185
0.9999605523580506
0.9999650060699223
0.9999696569216643
0.9999744754679076
0.9999794313518862
0.9999844934960888
0.9999896302965621
0.9999948098196577
1.0
1.0
0.9999945327263713
0.9999891215953762
0.9999837996918359
0.9999785994151654
0.9999735522827117
0.9999686887393336
0.9999640379743661
0.9999596277470671
0.999955484221589
0.9999516318124466
0.9999480930413956
0.9999448884065509
0.9999420362645043
0.9999395527261098
0.9999374515665267
0.9999357441500112
0.999934439369861
0.999933543603822
0.9999330606851647
0.9999329918895455
0.9999333359376696
0.9999340890136741
0.9999352447990506
0.9999367945218395
0.9999387270207255
0.9999410288235823
0.9999436842399196
0.999946675466611
0.9999499827061913
0.9999535842969484
0.9999574568539574
0.9999615754201449
0.9999659136264111
0.9999704438597872
0.9999751374385607
0.9999799647932589
0.9999848956523555
0.999989899231536
0.999994944425341
1.0
1.0
0.9999947107621033
0.9999894758386175
0.9999843272369932
0.9999792963015938
0.9999744135234392
0.9999697083559848
0.9999652090380465
0.9999609424249338
0.9999569338287915
0.9999532068691029
0.9999497833342275
0.9999466830547818
0.9999439237895952
0.9999415211248898
0.9999394883872519
0.9999378365708727
0.9999365742794503
0.9999357076830456
0.9999352404901034
0.9999351739347392
0.9999355067793175
0.9999362353322343
0.9999373534807365
0.9999388527385138
0.9999407223077068
0.9999429491548939
0.9999455181005287
0.9999484119212234
0.9999516114641958
0.9999550957731232
0.9999588422245854
0.9999628266742083
0.9999670236115727
0.999971406322896
0.9999759470604537
0.9999806172176704
0.9999853875087789
0.9999902281519216
0.9999951090545544
1.0
1.0
0.9999949199041169
0.9999898919749961
0.9999849469544799
0.999980114947543
0.9999754252395582
0.9999709061193602
0.9999665847091729
0.9999624868024185
0.999958636710373
0.9999550571185808
0.9999517689538665
0.9999487912627233
0.9999461411017777
0.9999438334409566
0.9999418810798986
0.9999402945780732
0.9999390821989794
0.9999382498687074
0.9999378011490657
0.999937737225372
0.9999380569089282
0.9999387566540997
0.9999398305898386
0.9999412705653916
0.9999430662098585
0.9999452050051725
0.9999476723720024
0.9999504517679915
0.9999535247976784
0.9999568713333755
0.999960469646216
0.9999642965465204
0.9999683275325777
0.9999725369468964
0.9999768981389261
0.9999813836332255
0.9999859653020174
0.9999906145410502
0.9999953024476704
1.0
1.0
0.9999951586098521
0.9999903669352324
0.9999856542734723
0.9999810493149606
0.9999765799689966
0.9999722731951673
0.9999681548412659
0.9999642494887214
0.9999605803064621
0.9999571689140734
0.9999540352550615
0.9999511974809551
0.9999486718469162
0.999946472619458
0.9999446119967846
0.9999431000421929
0.9999419446308924
0.9999411514105156
0.9999407237755077
0.9999406628554894
0.9999409675176182
0.9999416343828631
0.9999426578560474
0.9999440301694092
0.9999457414393601
0.9999477797360381
0.9999501311651718
0.9999527799617035
0.9999557085945459
0.9999588978817799
0.9999623271155443
0.9999659741958058
0.9999698157721505
0.9999738273926924
0.9999779836591484
0.9999822583871053
0.999986624770466
0.9999910555490477
0.9999955231782877
1.0
1.0
0.9999954251673692
0.9999908973130267
0.9999864441212496
0.9999820927027898
0.999977869430315
0.9999737997790697
0.9999699081737181
0.9999662178422837
0.9999627506780581
0.9999595271102946
0.9999565659844494
0.9999538844526624
0.9999514978751188
0.999949419732845
0.9999476615524359
0.9999462328431225
0.9999451410465203
0.9999443914993152
0.9999439874090597
0.9999439298431805
0.9999442177312067
0.9999448478801505
0.9999458150028945
0.9999471117593545
0.9999487288101135
0.9999506548821443
0.9999528768461671
0.9999553798051175
0.9999581471931358
0.9999611608844221
0.9999644013112496
0.9999678475903698
0.9999714776569972
0.999975268405519
0.9999791958360325
0.9999832352057867
0.9999873611845765
0.9999915480131117
0.9999957696633797
1.0
1.0
0.999995717707277
0.9999914793887926
0.9999873109585397
0.9999832377936596
0.9999792845804073
0.9999754751649998
0.9999718324102544
0.9999683780588674
0.9999651326041531
0.9999621151690066
0.9999593433938012
0.9999568333338759
0.9999545993672008
0.9999526541127514
0.999951008360049
0.9999496710102521
0.9999486490291185
0.999947947412077
0.9999475691615716
0.9999475152767721
0.999947784755659
0.9999483746094215
0.9999492798890298
0.999950493723765
0.9999520073714238
0.9999538102798377
0.9999558901592852
0.9999582330653023
0.9999608234913411
0.9999636444706648
0.9999666776868145
0.9999699035919309
0.9999733015321728
0.9999768498794264
0.9999805261684745
0.9999843072387542
0.9999881693798118
0.9999920884795485
0.9999960401743245
1.0
1.0
0.9999960342155321
0.9999921091551259
0.9999882488174465
0.9999844767039877
0.9999808156764197
0.999977287818464
0.9999739143031251
0.9999707152660765
0.9999677096859523
0.999964915272257
0.9999623483615471
0.9999600238224965
0.9999579549703862
0.9999561534915115
0.9999546293779299
0.9999533908729068
0.9999524444273548
0.9999517946674854
0.9999514443738294
0.9999513944717067
0.9999516440331583
0.999952190290279
0.9999530286598268
0.9999541527789035
0.9999555545514501
0.9999572242052193
0.9999591503588341
0.9999613200984787
0.9999637190637088
0.9999663315418148
0.9999691405701246
0.9999721280455796
0.9999752748408828
0.9999785609264749
0.9999819654975637
0.9999854671054051
0.9999890437920077
0.9999926732274197
0.9999963328487415
1.0
1.0
0.9999963725470249
0.9999927823438352
0.9999892513417064
0.9999858010371582
0.9999824523414717
0.9999792254543479
0.999976139742467
0.9999732136236751
0.9999704644574893
0.9999679084425692
0.9999655605217576
0.9999634342952421
0.9999615419423422
0.9999598941523649
0.9999585000649185
0.9999573672200142
0.9999565015182202
0.9999559071910735
0.9999555867818908
0.9999555411370503
0.9999557694077593
0.9999562690622508
0.9999570359082902
0.9999580641258153
0.999959346309463
0.9999608735206823
0.9999626353490711
0.9999646199825256
0.9999668142857282
0.999969203886462
0.9999717732691851
0.9999745058752584
0.9999773842091848
0.9999803899501793
0.9999835040683616
0.999986706944836
0.999989978494905
0.9999932982936436
0.9999966457030527
1.0
1.0
0.9999967304398615
0.9999934944543586
0.9999903118290044
0.9999872019394226
0.9999841836337389
0.9999812751187055
0.9999784938502417
0.9999758564290464
0.9999733785019069
0.9999710746692865
0.9999689583997319
0.9999670419516056
0.9999653363025869
0.9999638510873518
0.9999625945437736
0.9999615734679487
0.9999607931782818
0.9999602574888165
0.9999599686919399
0.999959927550525
0.9999601332995227
0.9999605836569557
0.9999612748442054
0.9999622016154298
0.9999633572958961
0.9999647338289512
0.9999663218313075
0.9999681106562699
0.9999700884644815
0.9999722423017219
0.9999745581832473
0.9999770211841323
0.999979615535026
0.9999823247227141
0.9999851315948476
0.9999880184681761
0.9999909672396046
0.9999939594993783
0.9999969766456902
1.0
1.0
0.9999971055302447
0.999994240783377
0.9999914232750765
0.9999886701581571
0.9999859981184507
0.999983423273995
0.9999809610781315
0.9999786262270945
0.9999764325726411
0.9999743930402402
0.9999725195533007
0.9999708229638813
0.9999693129902807
0.9999679981618655
0.9999668857714441
0.9999659818354512
0.9999652910621536
0.9999648168280403
0.9999645611625114
0.9999645247409215
0.9999647068859894
0.9999651055775305
0.9999657174704168
0.9999665379206202
0.999967561019146
0.9999687796336159
0.9999701854572117
0.9999717690646484
0.9999735199748034
0.9999754267195898
0.9999774769186216
0.9999796573591898
0.9999819540810346
0.9999843524653702
0.999986837327599
0.9999893930131282
0.9999920034956851
0.9999946524775184
0.9999973234908571
1.0
1.0
0.9999974953678653
0.9999950164554329
0.999992578419307
0.9999901961020989
0.9999878839423328
0.9999856558872106
0.999983525308762
0.9999815049238797
0.9999796067187164
0.9999778418778917
0.9999762207189273
0.9999747526322875
0.9999734460273753
0.9999723082847913
0.9999713457151225
0.9999705635244884
0.9999699657870293
0.9999695554244765
0.9999693341929033
0.9999693026767051
0.9999694602898191
0.9999698052841469
0.9999703347650938
0.9999710447141065
0.9999719300180347
0.9999729845051152
0.9999742009873213
0.9999755713087994
0.9999770864000628
0.9999787363375874
0.9999805104084224
0.9999823971793942
0.9999843845704609
0.9999864599317476
0.9999886101237729
0.9999908216003611
0.9999930804937157
0.9999953727011256
0.999997683972758
1.0
1.0
0.9999978974316959
0.999995816454359
0.9999937697915332
0.9999917699031732
0.9999898289100145
0.9999879585203415
0.9999861699595972
0.9999844739032557
0.9999828804133553
0.9999813988790702
0.9999800379616698
0.9999788055441851
0.9999777086860735
0.9999767535831421
0.999975945532951
0.9999752889058915
0.9999747871220896
0.9999744426342572
0.9999742569165679
0.9999742304596054
0.9999743627713867
0.9999746523844317
0.9999750968688103
0.9999756928510589
0.9999764360388327
0.9999773212511085
0.999978342453741
0.9999794928001198
0.9999807646766655
0.9999821497528587
0.9999836390354779
0.9999852229266956
0.9999868912856555
0.9999886334931434
0.9999904385189339
0.9999922949913927
0.9999941912688949
0.9999961155126103
0.999998055760205
1.0
1.0
0.9999983091460916
0.9999966356553149
0.999994989759754
0.9999933814795173
0.9999918205619185
0.9999903164225844
0.9999888780888481
0.9999875141457656
0.9999862326850775
0.9999850412574169
0.9999839468280466
0.9999829557363821
0.9999820736595332
0.9999813055800749
0.999980655758226
0.9999801277085894
0.999979724181579
0.999979447149629
0.9999792977982479
0.9999792765219556
0.9999793829251069
0.9999796158275762
0.9999799732752499
0.9999804525552395
0.9999810502157052
0.9999817620901466
0.9999825833259937
0.9999835084173055
0.9999845312413554
0.9999856450988648
0.9999868427576196
0.9999881164991908
0.999989458168454
0.999990859225596
0.9999923108002753
0.999993803747594
0.9999953287055318
0.9999968761534787
0.9999984364715055
1.0
1.0
0.9999987278970963
0.9999974688572316
0.9999962305784472
0.9999950205993067
0.9999938462531377
0.9999927146237257
0.9999916325027257
0.9999906063490487
0.9999896422504628
0.9999887458876376
0.9999879225008431
0.9999871768594973
0.9999865132347368
0.999985935375169
0.9999854464859419
0.9999850492112439
0.9999847456203315
0.9999845371971521
0.9999844248336155
0.9999844088265359
0.9999844888782525
0.9999846641009056
0.9999849330243303
0.999985293607503
0.9999857432534542
0.9999862788275445
0.9999868966789747
0.9999875926653861
0.9999883621803851
0.9999892001838132
0.9999901012345614
0.99999105952572
0.9999920689218343
0.9999931229980317
0.9999942150807682
0.9999953382899404
0.9999964855820926
0.9999976497944566
0.9999988236895411
1.0
1.0
0.9999991510488506
0.9999983108154566
0.9999974844371865
0.9999966769449788
0.9999958932328067
0.9999951380281082
0.9999944158633651
0.9999937310489995
0.9999930876477462
0.9999924894506599
0.9999919399548892
0.9999914423433551
0.9999909994664453
0.999990613825832
0.999990287560504
0.9999900224350882
0.9999898198305245
0.9999896807371407
0.999989605750162
0.9999895950676706
0.9999896484910192
0.9999897654276856
0.9999899448965398
0.9999901855354834
0.9999904856114018
0.9999908430323607
0.999991255361961
0.9999917198357564
0.9999922333796222
0.9999927926299557
0.9999933939555764
0.9999940334811823
0.9999947071122137
0.9999954105609649
0.9999961393737766
0.9999968889591401
0.9999976546165315
0.9999984315658027
0.9999992149769388
1.0
1.0
0.9999995759599994
0.9999991562744039
0.9999987435092617
0.9999983401774606
0.9999979487234762
0.9999975715086025
0.9999972107967545
0.9999968687409317
0.9999965473704172
0.9999962485787932
0.9999959741128396
0.9999957255623837
0.9999955043511572
0.9999953117287126
0.9999951487634466
0.9999950163367677
0.9999949151384371
0.9999948456631103
0.9999948082080948
0.99999480287233
0.9999948295565944
0.9999948879649305
0.9999949776072768
0.9999950978032833
0.9999952476872815
0.9999954262143779
0.9999956321676227
0.9999958641662112
0.9999961206746584
0.9999964000128887
0.9999967003671748
0.9999970198018541
0.9999973562717475
0.9999977076352022
0.9999980716676736
0.9999984460757627
0.9999988285116199
0.9999992165876235
0.9999996078912439
1.0
1.0
1.0
1.0
1.0
1.0
1.0
1.0
1.0
1.0
1.0
1.0
1.0
1.0
1.0
1.0
1.0
1.0
1.0
1.0
1.0
1.0
1.0
1.0
1.0
1.0
1.0
1.0
1.0
1.0
1.0
1.0
1.0
1.0
1.0
1.0
1.0
1.0
1.0
1.0
1.0
1.0
