1.0
1.0
1.0
1.0
1.0
1.0
1.0
1.0
1.0
1.0
1.0
1.0
1.0
1.0
1.0
1.0
1.0
1.0
1.0
1.0
1.0
1.0
1.0
1.0
1.0
1.0
1.0
1.0
1.0
1.0
1.0
1.0
1.0
1.0
1.0
1.0
1.0
1.0
1.0
1.0
1.0
1.0
0.9999999999506798
0.9999999999018663
0.9999999998538573
0.9999999998069458
0.9999999997614155
0.9999999997175418
0.9999999996755874
0.9999999996358029
0.9999999995984242
0.9999999995636719
0.999999999531749
0.9999999995028401
0.9999999994771108
0.9999999994547069
0.9999999994357525
0.9999999994203499
0.9999999994085795
0.9999999994004988
0.9999999993961424
0.9999999993955216
0.9999999993986254
0.9999999994054187
0.9999999994158449
0.999999999429825
0.999999999447258
0.9999999994680225
0.9999999994919769
0.9999999995189607
0.9999999995487955
0.9999999995812855
0.9999999996162197
0.9999999996533729
0.9999999996925076
0.9999999997333748
0.9999999997757157
0.9999999998192631
0.9999999998637442
0.9999999999088813
0.9999999999543937
1.0
1.0
0.9999999999020673
0.9999999998051406
0.9999999997098121
0.9999999996166622
0.9999999995262554
0.9999999994391373
0.9999999993558306
0.9999999992768325
0.9999999992026117
0.9999999991336056
0.9999999990702176
0.9999999990128148
0.9999999989617258
0.9999999989172396
0.9999999988796024
0.9999999988490185
0.9999999988256465
0.9999999988096011
0.9999999988009507
0.9999999987997185
0.9999999988058812
0.9999999988193706
0.9999999988400735
0.999999998867833
0.9999999989024486
0.9999999989436797
0.9999999989912448
0.9999999990448252
0.9999999991040661
0.9999999991685796
0.9999999992379468
0.9999999993117206
0.9999999993894284
0.9999999994705763
0.9999999995546498
0.99999999964112
0.9999999997294439
0.9999999998190702
0.9999999999094422
1.0
1.0
0.9999999998544562
0.9999999997104075
0.9999999995687339
0.999999999430298
0.9999999992959392
0.9999999991664674
0.9999999990426601
0.9999999989252562
0.999999998814952
0.9999999987123978
0.9999999986181929
0.9999999985328829
0.9999999984569565
0.9999999983908426
0.9999999983349082
0.9999999982894552
0.9999999982547207
0.9999999982308747
0.9999999982180189
0.9999999982161875
0.9999999982253465
0.9999999982453938
0.9999999982761618
0.9999999983174166
0.9999999983688613
0.9999999984301372
0.9999999985008268
0.9999999985804557
0.9999999986684973
0.9999999987643747
0.9999999988674656
0.9999999989771053
0.9999999990925921
0.9999999992131906
0.9999999993381378
0.9999999994666461
0.9999999995979096
0.9999999997311091
0.9999999998654164
1.0
1.0
0.9999999998081317
0.9999999996182336
0.999999999431467
0.9999999992489688
0.999999999071845
0.9999999989011641
0.9999999987379503
0.999999998583178
0.9999999984377654
0.9999999983025691
0.9999999981783798
0.9999999980659167
0.9999999979658238
0.9999999978786667
0.9999999978049288
0.9999999977450088
0.9999999976992189
0.999999997667783
0.9999999976508354
0.999999997648421
0.999999997660495
0.9999999976869233
0.9999999977274844
0.9999999977818702
0.9999999978496892
0.9999999979304686
0.9999999980236577
0.9999999981286316
0.9999999982446957
0.9999999983710898
0.9999999985069932
0.9999999986515301
0.9999999988037749
0.9999999989627586
0.9999999991274747
0.9999999992968857
0.999999999469929
0.9999999996455243
0.99999999982258
1.0
1.0
0.9999999997633678
0.9999999995291656
0.9999999992988254
0.9999999990737494
0.9999999988553018
0.9999999986448
0.9999999984435077
0.9999999982526263
0.999999998073288
0.9999999979065499
0.9999999977533863
0.9999999976146849
0.99999999749124
0.9999999973837486
0.9999999972928072
0.9999999972189076
0.9999999971624347
0.9999999971236645
0.9999999971027631
0.9999999970997855
0.9999999971146764
0.9999999971472706
0.9999999971972946
0.9999999972643691
0.9999999973480107
0.9999999974476362
0.9999999975625669
0.9999999976920317
0.9999999978351742
0.9999999979910567
0.9999999981586669
0.9999999983369251
0.9999999985246895
0.999999998720765
0.9999999989239102
0.9999999991328454
0.9999999993462607
0.9999999995628234
0.999999999781187
1.0
1.0
0.9999999997204277
0.9999999994437263
0.9999999991715878
0.9999999989056686
0.9999999986475806
0.9999999983988805
0.999999998161061
0.9999999979355415
0.9999999977236599
0.9999999975266648
0.9999999973457078
0.999999997181837
0.9999999970359912
0.999999996908994
0.9999999968015502
0.9999999967142404
0.9999999966475197
0.9999999966017141
0.9999999965770199
0.9999999965735019
0.9999999965910951
0.9999999966296039
0.9999999966887055
0.9999999967679514
0.9999999968667709
0.9999999969844748
0.9999999971202612
0.9999999972732194
0.9999999974423373
0.9999999976265066
0.999999997824532
0.9999999980351374
0.9999999982569742
0.9999999984886302
0.999999998728639
0.9999999989754885
0.9999999992276307
0.9999999994834917
0.9999999997414803
1.0
1.0
0.9999999996795607
0.999999999362412
0.9999999990504931
0.9999999987457029
0.9999999984498885
0.9999999981648342
0.9999999978922509
0.9999999976337656
0.9999999973909119
0.9999999971651208
0.9999999969577119
0.9999999967698872
0.9999999966027221
0.9999999964571609
0.999999996334011
0.9999999962339386
0.999999996157465
0.9999999961049638
0.9999999960766598
0.9999999960726277
0.9999999960927924
0.9999999961369304
0.9999999962046714
0.9999999962955012
0.9999999964087657
0.9999999965436753
0.9999999966993104
0.9999999968746275
0.9999999970684662
0.999999997279557
0.9999999975065291
0.9999999977479199
0.9999999980021842
0.999999998267703
0.9999999985427954
0.9999999988257287
0.9999999991147283
0.99999999940799
0.9999999997036908
1.0
1.0
0.9999999996410015
0.9999999992856897
0.9999999989362367
0.9999999985947705
0.9999999982633601
0.9999999979440044
0.9999999976386206
0.9999999973490313
0.9999999970769545
0.9999999968239933
0.9999999965916267
0.9999999963812004
0.9999999961939199
0.999999996030843
0.9999999958928742
0.9999999957807602
0.9999999956950842
0.9999999956362653
0.9999999956045554
0.9999999956000379
0.9999999956226293
0.9999999956720784
0.999999995747971
0.9999999958497305
0.9999999959766245
0.999999996127768
0.9999999963021309
0.9999999964985443
0.9999999967157082
0.9999999969522
0.9999999972064841
0.9999999974769221
0.9999999977617824
0.9999999980592517
0.9999999983674468
0.9999999986844258
0.9999999990082015
0.9999999993367521
0.9999999996680354
1.0
1.0
0.9999999996049687
0.999999999213994
0.9999999988294663
0.9999999984537267
0.9999999980890524
0.9999999977376429
0.9999999974016075
0.999999997082952
0.9999999967835667
0.9999999965052156
0.9999999962495262
0.9999999960179792
0.9999999958119011
0.9999999956324562
0.9999999954806397
0.9999999953572722
0.9999999952629971
0.9999999951982746
0.9999999951633819
0.999999995158411
0.9999999951832698
0.9999999952376825
0.9999999953211921
0.9999999954331654
0.9999999955727956
0.9999999957391096
0.9999999959309736
0.9999999961471011
0.9999999963860617
0.9999999966462904
0.9999999969260973
0.9999999972236793
0.9999999975371311
0.9999999978644576
0.9999999982035863
0.9999999985523809
0.999999998908654
0.9999999992701815
0.9999999996347158
1.0
1.0
0.9999999995716632
0.9999999991477251
0.9999999987307774
0.9999999983233587
0.9999999979279386
0.9999999975469015
0.9999999971825346
0.999999996837013
0.9999999965123861
0.999999996210567
0.9999999959333199
0.9999999956822511
0.9999999954587985
0.9999999952642246
0.9999999950996079
0.9999999949658395
0.9999999948636159
0.9999999947934366
0.9999999947556021
0.999999994750212
0.9999999947771667
0.9999999948361669
0.9999999949267173
0.9999999950481311
0.9999999951995338
0.9999999953798698
0.9999999955879101
0.9999999958222596
0.9999999960813671
0.9999999963635359
0.9999999966669336
0.999999996989605
0.9999999973294842
0.9999999976844078
0.9999999980521289
0.9999999984303307
0.9999999988166415
0.9999999992086498
0.9999999996039183
1.0
1.0
0.999999999541268
0.9999999990872466
0.9999999986407119
0.9999999982043825
0.9999999977809024
0.9999999973728265
0.9999999969826038
0.9999999966125636
0.9999999962649007
0.999999995941664
0.9999999956447432
0.9999999953758579
0.9999999951365488
0.9999999949281677
0.9999999947518697
0.9999999946086089
0.9999999944991314
0.9999999944239721
0.9999999943834528
0.9999999943776803
0.9999999944065477
0.9999999944697344
0.9999999945667105
0.9999999946967402
0.9999999948588866
0.9999999950520195
0.9999999952748226
0.9999999955258019
0.999999995803296
0.9999999961054877
0.9999999964304149
0.9999999967759834
0.9999999971399809
0.9999999975200904
0.9999999979139054
0.9999999983189448
0.9999999987326688
0.9999999991524944
0.9999999995758116
1.0
1.0
0.999999999513946
0.9999999990328835
0.9999999985597534
0.9999999980974363
0.9999999976487342
0.9999999972163534
0.9999999968028891
0.9999999964108093
0.9999999960424398
0.9999999956999515
0.9999999953853459
0.999999995100446
0.9999999948468837
0.9999999946260912
0.9999999944392932
0.9999999942874999
0.9999999941715018
0.999999994091866
0.9999999940489332
0.9999999940428171
0.9999999940734038
0.999999994140354
0.999999994243106
0.9999999943808802
0.9999999945526841
0.9999999947573198
0.9999999949933928
0.9999999952593202
0.9999999955533418
0.9999999958735323
0.9999999962178119
0.9999999965839622
0.9999999969696391
0.9999999973723879
0.9999999977896583
0.9999999982188218
0.999999998657187
0.9999999991020173
0.9999999995505471
1.0
1.0
0.9999999994898406
0.9999999989849201
0.9999999984883254
0.9999999980030804
0.9999999975321251
0.9999999970783008
0.9999999966443311
0.9999999962328064
0.999999995846168
0.9999999954866942
0.9999999951564862
0.9999999948574568
0.9999999945913194
0.9999999943595768
0.9999999941635146
0.9999999940041931
0.9999999938824422
0.9999999937988571
0.9999999937537951
0.9999999937473756
0.9999999937794791
0.9999999938497497
0.9999999939575979
0.9999999941022047
0.9999999942825291
0.9999999944973136
0.9999999947450943
0.9999999950242102
0.9999999953328137
0.9999999956688834
0.9999999960302375
0.9999999964145466
0.9999999968193511
0.9999999972420738
0.9999999976800382
0.9999999981304857
0.9999999985905913
0.9999999990574826
0.9999999995282569
1.0
1.0
0.9999999994690736
0.9999999989435995
0.9999999984267902
0.9999999979217922
0.999999997431666
0.999999996959368
0.9999999965077329
0.9999999960794562
0.9999999956770791
0.9999999953029721
0.9999999949593226
0.9999999946481207
0.9999999943711497
0.9999999941299736
0.9999999939259304
0.9999999937601234
0.9999999936334164
0.9999999935464287
0.9999999934995325
0.9999999934928517
0.9999999935262621
0.9999999935993932
0.9999999937116315
0.999999993862125
0.9999999940497896
0.9999999942733174
0.9999999945311844
0.9999999948216621
0.9999999951428278
0.9999999954925778
0.9999999958686413
0.9999999962685946
0.9999999966898772
0.9999999971298075
0.9999999975856002
0.9999999980543839
0.999999998533219
0.9999999990191157
0.9999999995090539
1.0
1.0
0.9999999994517458
0.9999999989091216
0.9999999983754451
0.9999999978539654
0.9999999973478428
0.9999999968601305
0.9999999963937553
0.9999999959515011
0.9999999955359915
0.9999999951496747
0.9999999947948095
0.999999994473451
0.9999999941874403
0.999999993938393
0.9999999937276903
0.9999999935564717
0.9999999934256294
0.9999999933358027
0.999999993287376
0.9999999932804772
0.999999993314978
0.9999999933904961
0.9999999935063975
0.9999999936618025
0.999999993855592
0.9999999940864152
0.9999999943526984
0.9999999946526563
0.9999999949843038
0.9999999953454687
0.9999999957338057
0.9999999961468123
0.9999999965818444
0.9999999970361327
0.9999999975068011
0.9999999979908847
0.9999999984853475
0.9999999989871027
0.999999999493031
1.0
1.0
0.9999999994379354
0.9999999988816427
0.999999998334523
0.9999999977999072
0.9999999972810356
0.9999999967810379
0.9999999963029148
0.9999999958495203
0.9999999954235441
0.9999999950274964
0.999999994663692
0.9999999943342388
0.9999999940410236
0.9999999937857027
0.9999999935696926
0.9999999933941612
0.9999999932600228
0.9999999931679333
0.9999999931182867
0.9999999931112142
0.9999999931465843
0.9999999932240045
0.9999999933428254
0.9999999935021451
0.9999999937008164
0.9999999939374536
0.9999999942104444
0.9999999945179582
0.9999999948579598
0.9999999952282222
0.9999999956263415
0.9999999960497516
0.9999999964957419
0.9999999969614737
0.9999999974439983
0.9999999979402756
0.9999999984471939
0.9999999989615881
0.9999999994802605
1.0
1.0
0.9999999994276988
0.9999999988612744
0.9999999983041904
0.9999999977598379
0.9999999972315163
0.9999999967224122
0.9999999962355812
0.9999999957739293
0.999999995340195
0.9999999949369341
0.9999999945665041
0.9999999942310506
0.9999999939324953
0.9999999936725243
0.9999999934525801
0.9999999932738519
0.9999999931372705
0.9999999930435037
0.9999999929929531
0.9999999929857518
0.999999993021766
0.9999999931005963
0.9999999932215812
0.9999999933838025
0.9999999935860919
0.9999999938270391
0.9999999941050016
0.999999994418116
0.9999999947643099
0.9999999951413158
0.9999999955466857
0.9999999959778073
0.9999999964319204
0.9999999969061343
0.9999999973974467
0.9999999979027627
0.9999999984189133
0.999999998942676
0.9999999994707948
1.0
1.0
0.9999999994210698
0.9999999988480842
0.9999999982845471
0.9999999977338893
0.9999999971994479
0.9999999966844467
0.9999999961919765
0.9999999957249772
0.9999999952862186
0.9999999948782867
0.9999999945035658
0.9999999941642267
0.999999993862213
0.9999999935992311
0.999999993376739
0.9999999931959404
0.9999999930577768
0.9999999929629241
0.9999999929117879
0.9999999929045033
0.9999999929409347
0.999999993020678
0.9999999931430642
0.9999999933071645
0.9999999935117971
0.9999999937555354
0.9999999940367176
0.999999994353459
0.9999999947036631
0.9999999950850359
0.9999999954951014
0.9999999959312168
0.99999999639059
0.999999996870297
0.9999999973673005
0.9999999978784696
0.9999999984005988
0.9999999989304286
0.9999999994646647
1.0
1.0
0.9999999994180593
0.9999999988420942
0.9999999982756268
0.9999999977221055
0.999999997184885
0.9999999966672058
0.9999999961721748
0.9999999957027469
0.9999999952617069
0.9999999948516537
0.9999999944749841
0.9999999941338805
0.9999999938302965
0.9999999935659468
0.9999999933422978
0.999999993160559
0.9999999930216771
0.9999999929263311
0.9999999928749289
0.9999999928676064
0.9999999929042271
0.9999999929843852
0.999999993107408
0.9999999932723616
0.9999999934780582
0.9999999937230639
0.9999999940057084
0.9999999943240968
0.9999999946761219
0.9999999950594779
0.9999999954716757
0.9999999959100588
0.9999999963718209
0.9999999968540223
0.9999999973536103
0.9999999978674375
0.9999999983922818
0.9999999989248667
0.9999999994618809
1.0
1.0
0.9999999994186564
0.9999999988432825
0.9999999982773964
0.9999999977244431
0.9999999971877739
0.9999999966706259
0.9999999961761027
0.9999999957071565
0.9999999952665691
0.9999999948569366
0.9999999944806537
0.9999999941398999
0.9999999938366273
0.999999993572549
0.9999999933491296
0.9999999931675773
0.999999993028838
0.9999999929335899
0.9999999928822403
0.9999999928749251
0.9999999929115084
0.9999999929915842
0.9999999931144805
0.9999999932792649
0.9999999934847505
0.9999999937295048
0.9999999940118593
0.999999994329921
0.9999999946815848
0.9999999950645475
0.9999999954763225
0.9999999959142558
0.9999999963755438
0.9999999968572504
0.9999999973563258
0.9999999978696258
0.9999999983939316
0.9999999989259698
0.999999999462433
1.0
1.0
0.9999999994228279
0.9999999988515826
0.9999999982897573
0.9999999977407719
0.9999999972079536
0.9999999966945164
0.9999999962035417
0.9999999957379605
0.9999999953005347
0.9999999948938415
0.9999999945202586
0.9999999941819501
0.9999999938808536
0.9999999936186702
0.9999999933968539
0.9999999932166045
0.9999999930788607
0.999999992984296
0.9999999929333149
0.9999999929260522
0.999999992962373
0.999999993041874
0.9999999931638887
0.9999999933274905
0.9999999935315017
0.9999999937744998
0.9999999940548281
0.9999999943706075
0.999999994719748
0.9999999950999626
0.9999999955087827
0.9999999959435737
0.9999999964015517
0.9999999968798017
0.9999999973752959
0.9999999978849126
0.9999999984054562
0.9999999989336767
0.9999999994662904
1.0
1.0
0.9999999994305189
0.9999999988668856
0.9999999983125466
0.9999999977708766
0.9999999972451582
0.9999999967385628
0.9999999962541305
0.9999999957947531
0.999999995363156
0.999999994961882
0.9999999945932772
0.9999999942594766
0.9999999939623923
0.9999999937037024
0.9999999934848419
0.9999999933069943
0.9999999931710861
0.9999999930777814
0.9999999930274797
0.9999999930203138
0.9999999930561505
0.9999999931345922
0.9999999932549808
0.9999999934164028
0.9999999936176954
0.9999999938574554
0.9999999941340485
0.9999999944456203
0.9999999947901081
0.9999999951652564
0.9999999955686288
0.9999999959976262
0.9999999964495015
0.9999999969213788
0.9999999974102706
0.9999999979130966
0.9999999984267038
0.9999999989478857
0.9999999994734021
1.0
1.0
0.9999999994416531
0.9999999988890397
0.9999999983455387
0.999999997814459
0.9999999972990191
0.9999999968023284
0.9999999963273674
0.9999999958769714
0.9999999954538127
0.9999999950603842
0.9999999946989859
0.9999999943717115
0.9999999940804356
0.9999999938268036
0.999999993612222
0.9999999934378516
0.9999999933046005
0.9999999932131202
0.9999999931638018
0.999999993156776
0.999999993191912
0.99999999326882
0.999999993386855
0.9999999935451209
0.999999993742478
0.9999999939775505
0.9999999942487358
0.9999999945542158
0.9999999948919686
0.9999999952597821
0.9999999956552681
0.999999996075878
0.9999999965189187
0.9999999969815699
0.9999999974609033
0.9999999979538984
0.9999999984574639
0.9999999989684559
0.9999999994836979
1.0
1.0
0.9999999994561335
0.9999999989178521
0.9999999983884468
0.9999999978711405
0.9999999973690684
0.999999996885259
0.999999996422616
0.9999999959839011
0.9999999955717166
0.9999999951884915
0.9999999948364662
0.9999999945176796
0.9999999942339578
0.9999999939869033
0.999999993777887
0.9999999936080388
0.9999999934782436
0.9999999933891357
0.9999999933410966
0.9999999933342529
0.9999999933684779
0.9999999934433914
0.9999999935583651
0.9999999937125263
0.999999993904765
0.999999994133741
0.9999999943978931
0.9999999946954506
0.999999995024444
0.9999999953827184
0.9999999957679476
0.999999996177649
0.9999999966091994
0.9999999970598522
0.999999997526754
0.9999999980069634
0.999999998497469
0.9999999989952086
0.9999999994970881
1.0
1.0
0.9999999994738441
0.9999999989530911
0.9999999984409252
0.9999999979404645
0.9999999974547418
0.9999999969866872
0.9999999965391098
0.9999999961146809
0.9999999957159189
0.9999999953451731
0.999999995004611
0.9999999946962054
0.9999999944217227
0.9999999941827132
0.9999999939805032
0.999999993816186
0.9999999936906174
0.9999999936044113
0.9999999935579365
0.9999999935513157
0.9999999935844262
0.9999999936569001
0.9999999937681299
0.9999999939172712
0.9999999941032499
0.9999999943247694
0.9999999945803196
0.9999999948681876
0.9999999951864675
0.9999999955330752
0.9999999959057597
0.9999999963021198
0.9999999967196173
0.9999999971555948
0.9999999976072924
0.9999999980718645
0.9999999985463974
0.9999999990279288
0.9999999995134649
1.0
1.0
0.9999999994946488
0.9999999989944871
0.9999999985025727
0.9999999980219006
0.999999997555384
0.9999999971058369
0.999999996675957
0.9999999962683105
0.9999999958853161
0.9999999955292299
0.999999995202134
0.9999999949059231
0.9999999946422936
0.9999999944127349
0.9999999942185205
0.9999999940607006
0.9999999939400971
0.9999999938572995
0.9999999938126626
0.9999999938063037
0.9999999938381048
0.999999993907713
0.9999999940145446
0.9999999941577887
0.9999999943364137
0.999999994549174
0.9999999947946198
0.9999999950711048
0.9999999953767997
0.9999999957097021
0.9999999960676503
0.9999999964483378
0.999999996849327
0.9999999972680658
0.9999999977019027
0.9999999981481049
0.9999999986038745
0.9999999990663655
0.999999999532703
1.0
1.0
0.9999999995183946
0.9999999990417345
0.9999999985729345
0.9999999981148486
0.9999999976702527
0.999999997241829
0.9999999968321487
0.999999996443657
0.9999999960786586
0.9999999957393045
0.9999999954275783
0.9999999951452857
0.9999999948940438
0.9999999946752718
0.9999999944901833
0.9999999943397792
0.9999999942248428
0.9999999941459357
0.9999999941033959
0.9999999940973358
0.9999999941276425
0.9999999941939801
0.9999999942957919
0.9999999944323053
0.9999999946025367
0.9999999948053001
0.9999999950392126
0.999999995302706
0.9999999955940366
0.9999999959112966
0.9999999962524255
0.999999996615225
0.9999999969973725
0.9999999973964352
0.9999999978098868
0.9999999982351226
0.9999999986694762
0.9999999991102354
0.9999999995546606
1.0
1.0
0.9999999995449107
0.9999999990944949
0.9999999986515061
0.9999999982186414
0.9999999977985242
0.9999999973936887
0.9999999970065645
0.9999999966394623
0.99999999629456
0.9999999959738901
0.999999995679327
0.9999999954125769
0.9999999951751679
0.9999999949684412
0.9999999947935432
0.9999999946514201
0.9999999945428117
0.9999999944682492
0.9999999944280517
0.9999999944223251
0.9999999944509633
0.9999999945136485
0.9999999946098549
0.9999999947388519
0.9999999948997109
0.9999999950913103
0.9999999953123438
0.9999999955613299
0.9999999958366207
0.9999999961364128
0.9999999964587599
0.9999999968015844
0.9999999971626915
0.9999999975397825
0.9999999979304702
0.9999999983322935
0.9999999987427324
0.9999999991592242
0.9999999995791801
1.0
1.0
0.9999999995740118
0.9999999991523978
0.9999999987377363
0.9999999983325514
0.9999999979392987
0.9999999975603506
0.9999999971979814
0.9999999968543536
0.9999999965315063
0.9999999962313417
0.9999999959556146
0.999999995705922
0.9999999954836943
0.9999999952901868
0.9999999951264728
0.9999999949934376
0.9999999948917743
0.9999999948219797
0.9999999947843525
0.9999999947789924
0.9999999948057993
0.999999994864476
0.9999999949545304
0.9999999950752787
0.9999999952258516
0.999999995405199
0.9999999956120985
0.9999999958451631
0.9999999961028501
0.9999999963834719
0.9999999966852062
0.9999999970061088
0.9999999973441246
0.9999999976971025
0.9999999980628075
0.9999999984389359
0.9999999988231288
0.999999999212988
0.9999999996060897
1.0
1.0
0.9999999996054969
0.9999999992150449
0.9999999988310313
0.9999999984557941
0.9999999980916071
0.9999999977406675
0.9999999974050813
0.9999999970868515
0.9999999967878661
0.9999999965098868
0.9999999962545388
0.9999999960233013
0.9999999958174988
0.9999999956382936
0.9999999954866797
0.9999999953634773
0.999999995269328
0.9999999952046921
0.9999999951698462
0.999999995164882
0.9999999951897074
0.9999999952440473
0.9999999953274458
0.9999999954392697
0.9999999955787134
0.999999995744805
0.9999999959364126
0.9999999961522512
0.9999999963908923
0.999999996650773
0.9999999969302059
0.9999999972273902
0.9999999975404229
0.9999999978673118
0.9999999982059872
0.9999999985543158
0.9999999989101127
0.9999999992711568
0.9999999996352039
1.0
1.0
0.999999999639153
0.9999999992820116
0.9999999989307591
0.9999999985875344
0.9999999982544172
0.9999999979334172
0.9999999976264605
0.9999999973353798
0.9999999970619017
0.9999999968076376
0.999999996574074
0.999999996362564
0.9999999961743189
0.9999999960104021
0.999999995871723
0.9999999957590312
0.9999999956729139
0.9999999956137923
0.9999999955819191
0.9999999955773785
0.999999995600086
0.9999999956497903
0.9999999957260737
0.9999999958283575
0.999999995955905
0.9999999961078271
0.999999996283088
0.9999999964805129
0.999999996698795
0.9999999969365045
0.9999999971920982
0.9999999974639288
0.9999999977502558
0.9999999980492569
0.9999999983590392
0.9999999986776508
0.9999999990030939
0.9999999993333365
0.9999999996663257
1.0
1.0
0.999999999674755
0.9999999993528499
0.9999999990362529
0.9999999987268915
0.9999999984266404
0.9999999981373109
0.9999999978606394
0.9999999975982773
0.9999999973517811
0.9999999971226035
0.9999999969120839
0.9999999967214417
0.9999999965517692
0.9999999964040249
0.9999999962790282
0.9999999961774548
0.9999999960998341
0.9999999960465455
0.9999999960178171
0.9999999960137245
0.9999999960341918
0.9999999960789919
0.9999999961477491
0.9999999962399414
0.9999999963549048
0.9999999964918378
0.9999999966498071
0.9999999968277535
0.9999999970244995
0.999999997238756
0.9999999974691323
0.9999999977141434
0.9999999979722208
0.9999999982417218
0.9999999985209402
0.9999999988081169
0.9999999991014508
0.999999999399111
0.9999999996992467
1.0
1.0
0.9999999997120677
0.9999999994270923
0.9999999991468159
0.9999999988729451
0.9999999986071394
0.9999999983510024
0.9999999981060711
0.9999999978738077
0.99999999765559
0.9999999974527041
0.9999999972663356
0.9999999970975644
0.9999999969473571
0.9999999968165622
0.9999999967059052
0.9999999966159846
0.9999999965472689
0.9999999965000937
0.999999996474661
0.999999996471038
0.9999999964891573
0.9999999965288178
0.9999999965896871
0.9999999966713027
0.9999999967730773
0.9999999968943012
0.9999999970341479
0.9999999971916799
0.9999999973658548
0.9999999975555314
0.9999999977594783
0.9999999979763814
0.9999999982048516
0.999999998443435
0.9999999986906208
0.999999998944852
0.9999999992045343
0.9999999994680462
0.9999999997337498
1.0
1.0
0.9999999997508474
0.9999999995042536
0.9999999992617259
0.9999999990247409
0.9999999987947351
0.9999999985730954
0.9999999983611524
0.999999998160171
0.9999999979713436
0.999999997795783
0.9999999976345153
0.9999999974884749
0.9999999973584981
0.9999999972453191
0.9999999971495658
0.9999999970717559
0.9999999970122951
0.9999999969714736
0.9999999969494663
0.9999999969463313
0.9999999969620103
0.9999999969963292
0.9999999970490003
0.9999999971196238
0.999999997207691
0.9999999973125878
0.9999999974335996
0.9999999975699146
0.9999999977206309
0.9999999978847612
0.9999999980612398
0.9999999982489296
0.9999999984466287
0.9999999986530788
0.9999999988669728
0.9999999990869631
0.9999999993116703
0.9999999995396917
0.9999999997696093
1.0
1.0
0.9999999997908434
0.9999999995838349
0.9999999993802395
0.9999999991812974
0.9999999989882139
0.9999999988021536
0.9999999986242334
0.9999999984555152
0.999999998297
0.9999999981496217
0.999999998014242
0.9999999978916452
0.9999999977825332
0.9999999976875226
0.9999999976071404
0.9999999975418213
0.9999999974919056
0.9999999974576372
0.9999999974391627
0.999999997436531
0.999999997449693
0.9999999974785028
0.9999999975227187
0.9999999975820051
0.9999999976559351
0.9999999977439931
0.999999997845579
0.9999999979600116
0.9999999980865337
0.9999999982243165
0.9999999983724654
0.9999999985300256
0.9999999986959884
0.9999999988692974
0.9999999990488555
0.999999999233531
0.9999999994221664
0.9999999996135839
0.9999999998065935
1.0
1.0
0.9999999998317994
0.9999999996653262
0.9999999995015981
0.9999999993416117
0.9999999991863368
0.99999999903671
0.9999999988936292
0.9999999987579485
0.999999998630473
0.9999999985119534
0.9999999984030832
0.9999999983044926
0.9999999982167465
0.9999999981403404
0.9999999980756984
0.9999999980231696
0.9999999979830281
0.99999999795547
0.9999999979406131
0.9999999979384966
0.9999999979490813
0.9999999979722498
0.9999999980078075
0.9999999980554848
0.9999999981149381
0.999999998185753
0.9999999982674469
0.999999998359472
0.999999998461219
0.9999999985720219
0.9999999986911612
0.9999999988178688
0.9999999989513335
0.9999999990907059
0.9999999992351037
0.999999999383617
0.9999999995353149
0.99999999968925
0.9999999998444652
1.0
1.0
0.9999999998734553
0.9999999997482102
0.9999999996250304
0.9999999995046657
0.9999999993878458
0.999999999275275
0.999999999167629
0.9999999990655507
0.9999999989696453
0.999999998880478
0.99999999879857
0.999999998724396
0.9999999986583807
0.9999999986008973
0.9999999985522643
0.9999999985127446
0.9999999984825444
0.9999999984618112
0.9999999984506337
0.9999999984490413
0.9999999984570047
0.9999999984744354
0.9999999985011869
0.9999999985370567
0.9999999985817859
0.9999999986350631
0.9999999986965249
0.9999999987657592
0.9999999988423082
0.9999999989256699
0.9999999990153036
0.9999999991106313
0.9999999992110427
0.9999999993158986
0.9999999994245352
0.9999999995362683
0.9999999996503971
0.9999999997662092
0.9999999998829843
1.0
1.0
0.9999999999155491
0.9999999998319654
0.9999999997497601
0.9999999996694334
0.9999999995914725
0.9999999995163472
0.9999999994445087
0.9999999993763855
0.999999999312382
0.9999999992528753
0.9999999991982131
0.9999999991487123
0.9999999991046564
0.9999999990662942
0.9999999990338383
0.9999999990074645
0.9999999989873101
0.9999999989734736
0.9999999989660142
0.9999999989649515
0.9999999989702659
0.9999999989818985
0.9999999989997514
0.9999999990236894
0.99999999905354
0.9999999990890951
0.9999999991301123
0.9999999991763165
0.9999999992274023
0.9999999992830346
0.9999999993428526
0.9999999994064706
0.9999999994734811
0.9999999995434576
0.9999999996159575
0.999999999690524
0.9999999997666889
0.9999999998439771
0.9999999999219082
1.0
1.0
0.9999999999578179
0.9999999999160688
0.9999999998750083
0.9999999998348864
0.9999999997959459
0.9999999997584219
0.9999999997225394
0.9999999996885127
0.9999999996565437
0.9999999996268208
0.9999999995995179
0.9999999995747929
0.9999999995527876
0.9999999995336261
0.9999999995174148
0.9999999995042416
0.9999999994941747
0.9999999994872635
0.9999999994835375
0.9999999994830068
0.9999999994856612
0.9999999994914716
0.9999999995003889
0.9999999995123455
0.9999999995272556
0.999999999545015
0.9999999995655023
0.9999999995885809
0.9999999996140975
0.9999999996418851
0.9999999996717633
0.9999999997035397
0.9999999997370106
0.9999999997719631
0.9999999998081758
0.9999999998454205
0.9999999998834641
0.9999999999220687
0.9999999999609942
1.0
1.0
1.0
1.0
1.0
1.0
1.0
1.0
1.0
1.0
1.0
1.0
1.0
1.0
1.0
1.0
1.0
1.0
1.0
1.0
1.0
1.0
1.0
1.0
1.0
1.0
1.0
1.0
1.0
1.0
1.0
1.0
1.0
1.0
1.0
1.0
1.0
1.0
1.0
1.0
1.0
1.0
