1.0
1.0
1.0
1.0
1.0
1.0
1.0
1.0
1.0
1.0
1.0
1.0
1.0
1.0
1.0
1.0
1.0
1.0
1.0
1.0
1.0
1.0
1.0
1.0
1.0
1.0
1.0
1.0
1.0
1.0
1.0
1.0
1.0
1.0
1.0
1.0
1.0
1.0
1.0
1.0
1.0
1.0
0.9999995550969594
0.9999991129368938
0.9999986762458672
0.9999982477162255
0.9999978299899955
0.9999974256425992
0.999997037166972
0.9999966669581958
0.9999963172987305
0.9999959903443434
0.9999956881108167
0.9999954124615208
0.999995165095925
0.9999949475391203
0.9999947611324173
0.999994607025075
0.9999944861672165
0.9999943993039706
0.9999943469708782
0.9999943294905901
0.9999943469708782
0.9999943993039706
0.9999944861672162
0.9999946070250748
0.999994761132417
0.9999949475391201
0.9999951650959246
0.9999954124615205
0.9999956881108168
0.9999959903443435
0.9999963172987308
0.9999966669581959
0.9999970371669722
0.9999974256425994
0.999997829989996
0.9999982477162259
0.9999986762458678
0.9999991129368941
0.9999995550969595
1.0
1.0
0.9999991129368939
0.999998231342827
0.9999973606531192
0.9999965062358631
0.9999956733588246
0.9999948671569676
0.9999940926007947
0.9999933544657026
0.9999926573025391
0.9999920054095472
0.9999914028058641
0.9999908532067415
0.9999903600006409
0.9999899262283422
0.9999895545641954
0.9999892472996339
0.9999890063290455
0.9999888331380946
0.9999887287945605
0.9999886939417564
0.9999887287945606
0.9999888331380945
0.9999890063290453
0.9999892472996335
0.999989554564195
0.9999899262283418
0.9999903600006408
0.9999908532067414
0.9999914028058641
0.9999920054095475
0.9999926573025395
0.999993354465703
0.9999940926007952
0.999994867156968
0.999995673358825
0.9999965062358634
0.9999973606531197
0.999998231342827
0.9999991129368939
1.0
1.0
0.9999986762458676
0.9999973606531194
0.9999960613328224
0.9999947862957185
0.9999935434028351
0.9999923403170204
0.9999911844556983
0.9999900829451384
0.9999890425765193
0.9999880697640599
0.9999871705054721
0.9999863503449843
0.9999856143391588
0.999984967025716
0.9999844123955585
0.999983953868166
0.999983594270512
0.9999833358196356
0.9999831801089727
0.9999831280985312
0.9999831801089727
0.9999833358196355
0.9999835942705118
0.9999839538681655
0.9999844123955584
0.9999849670257157
0.9999856143391586
0.9999863503449844
0.9999871705054721
0.9999880697640601
0.9999890425765197
0.9999900829451386
0.9999911844556988
0.9999923403170209
0.9999935434028355
0.9999947862957188
0.9999960613328229
0.9999973606531196
0.9999986762458677
1.0
1.0
0.9999982477162255
0.9999965062358631
0.9999947862957185
0.9999930984997945
0.9999914532539144
0.9999898607015659
0.999988330661364
0.9999868725665152
0.999985495406659
0.9999842076724441
0.9999830173031802
0.9999819316378894
0.9999809573700593
0.9999801005063752
0.9999793663296866
0.9999787593664368
0.9999782833587559
0.9999779412413902
0.9999777351236063
0.9999776662761892
0.9999777351236061
0.99997794124139
0.9999782833587558
0.9999787593664364
0.9999793663296863
0.999980100506375
0.9999809573700593
0.9999819316378894
0.9999830173031802
0.9999842076724442
0.9999854954066593
0.9999868725665154
0.9999883306613644
0.9999898607015664
0.9999914532539148
0.999993098499795
0.9999947862957189
0.9999965062358634
0.9999982477162257
1.0
1.0
0.9999978299899954
0.9999956733588246
0.9999935434028351
0.9999914532539144
0.9999894157985253
0.9999874435982581
0.9999855488123828
0.9999837431228847
0.9999820376624401
0.9999804429457794
0.9999789688048615
0.9999776243282551
0.9999764178051059
0.9999753566740301
0.9999744474772536
0.9999736958202767
0.9999731063373148
0.9999726826627264
0.9999724274086065
0.9999723421486812
0.9999724274086066
0.9999726826627264
0.9999731063373147
0.9999736958202764
0.9999744474772533
0.9999753566740299
0.9999764178051059
0.9999776243282553
0.9999789688048615
0.9999804429457796
0.9999820376624401
0.9999837431228851
0.9999855488123831
0.9999874435982584
0.9999894157985257
0.9999914532539149
0.9999935434028357
0.9999956733588251
0.9999978299899959
1.0
1.0
0.9999974256425991
0.9999948671569676
0.9999923403170204
0.999989860701566
0.9999874435982581
0.9999851039093424
0.9999828560597787
0.9999807139083075
0.999978690662005
0.9999767987948573
0.9999750499708545
0.999973454972078
0.9999720236322259
0.9999707647759841
0.9999696861646202
0.9999687944481318
0.9999680951242473
0.9999675925045314
0.9999672896878016
0.9999671885410238
0.9999672896878017
0.9999675925045313
0.9999680951242471
0.9999687944481314
0.99996968616462
0.999970764775984
0.9999720236322259
0.999973454972078
0.9999750499708546
0.9999767987948575
0.9999786906620052
0.9999807139083078
0.999982856059779
0.9999851039093426
0.9999874435982584
0.9999898607015665
0.999992340317021
0.9999948671569681
0.9999974256425993
1.0
1.0
0.999997037166972
0.9999940926007951
0.9999911844556985
0.9999883306613642
0.9999855488123829
0.9999828560597787
0.9999802690052669
0.999977803598899
0.9999754750407248
0.9999732976870801
0.9999712849620738
0.9999694492748252
0.9999678019429563
0.999966353122816
0.9999651117468623
0.9999640854685908
0.9999632806153482
0.9999627021493224
0.9999623536369486
0.9999622372269219
0.9999623536369486
0.9999627021493224
0.9999632806153481
0.9999640854685906
0.9999651117468622
0.9999663531228159
0.9999678019429562
0.9999694492748252
0.999971284962074
0.9999732976870804
0.9999754750407251
0.9999778035988993
0.9999802690052673
0.999982856059779
0.9999855488123832
0.9999883306613645
0.999991184455699
0.9999940926007953
0.9999970371669721
1.0
1.0
0.9999966669581957
0.9999933544657027
0.9999900829451384
0.9999868725665152
0.9999837431228847
0.9999807139083075
0.999977803598899
0.9999750301376842
0.9999724106239739
0.9999699612079413
0.9999676969910506
0.9999656319329522
0.9999637787654154
0.9999621489138347
0.999960752426787
0.9999595979140791
0.999958692493666
0.9999580417477656
0.9999576496884427
0.9999575187328734
0.9999576496884427
0.9999580417477654
0.9999586924936658
0.9999595979140787
0.9999607524267865
0.9999621489138343
0.9999637787654152
0.9999656319329521
0.9999676969910509
0.9999699612079418
0.9999724106239744
0.9999750301376846
0.9999778035988994
0.999980713908308
0.9999837431228852
0.9999868725665156
0.9999900829451389
0.999993354465703
0.999996666958196
1.0
1.0
0.9999963172987305
0.9999926573025393
0.9999890425765194
0.9999854954066592
0.9999820376624401
0.9999786906620052
0.9999754750407247
0.9999724106239739
0.9999695163049007
0.9999668099279447
0.9999643081788198
0.999962026481641
0.9999599789038306
0.9999581780693861
0.9999566350810513
0.999955359451862
0.9999543590464965
0.9999536400327864
0.9999532068436904
0.9999530621499634
0.9999532068436903
0.9999536400327862
0.9999543590464962
0.9999553594518616
0.9999566350810508
0.9999581780693857
0.9999599789038303
0.999962026481641
0.99996430817882
0.9999668099279452
0.9999695163049012
0.9999724106239745
0.9999754750407253
0.9999786906620055
0.9999820376624405
0.9999854954066597
0.9999890425765198
0.9999926573025396
0.9999963172987307
1.0
1.0
0.9999959903443435
0.9999920054095472
0.99998806976406
0.9999842076724442
0.9999804429457796
0.9999767987948575
0.9999732976870801
0.9999699612079415
0.9999668099279447
0.9999638632757789
0.9999611394185348
0.999958655149698
0.9999564257856116
0.9999544650710471
0.9999527850944613
0.9999513962134686
0.9999503069909824
0.9999495241424214
0.999949052494307
0.9999488949545071
0.9999490524943069
0.9999495241424211
0.9999503069909822
0.9999513962134684
0.9999527850944608
0.9999544650710467
0.9999564257856116
0.9999586551496982
0.9999611394185351
0.9999638632757795
0.9999668099279453
0.9999699612079419
0.9999732976870807
0.9999767987948579
0.99998044294578
0.9999842076724448
0.9999880697640602
0.9999920054095476
0.9999959903443436
1.0
1.0
0.9999956881108167
0.9999914028058641
0.9999871705054721
0.9999830173031805
0.9999789688048618
0.9999750499708547
0.999971284962074
0.999967696991051
0.9999643081788199
0.999961139418535
0.9999582102466573
0.9999555387225056
0.9999531413169145
0.9999510328106869
0.9999492262034645
0.9999477326335817
0.9999465613093934
0.9999457194525032
0.9999452122532382
0.9999450428386504
0.9999452122532378
0.9999457194525029
0.9999465613093933
0.9999477326335814
0.9999492262034642
0.9999510328106866
0.9999531413169145
0.9999555387225059
0.9999582102466579
0.9999611394185354
0.9999643081788202
0.9999676969910514
0.9999712849620744
0.9999750499708551
0.9999789688048621
0.9999830173031807
0.9999871705054726
0.9999914028058644
0.999995688110817
1.0
1.0
0.9999954124615207
0.9999908532067416
0.9999863503449846
0.9999819316378897
0.9999776243282555
0.9999734549720785
0.9999694492748256
0.9999656319329525
0.9999620264816413
0.9999586551496982
0.9999555387225058
0.9999526964138741
0.9999501457475808
0.999947902449332
0.9999459803498073
0.9999443912993893
0.9999431450951024
0.9999422494202104
0.9999417097968466
0.9999415295519687
0.9999417097968465
0.99994224942021
0.9999431450951022
0.9999443912993892
0.9999459803498071
0.999947902449332
0.9999501457475809
0.9999526964138742
0.999955538722506
0.9999586551496984
0.9999620264816415
0.9999656319329526
0.9999694492748257
0.9999734549720787
0.9999776243282559
0.99998193163789
0.999986350344985
0.9999908532067419
0.9999954124615208
1.0
1.0
0.9999951650959248
0.999990360000641
0.999985614339159
0.9999809573700598
0.9999764178051065
0.9999720236322265
0.9999678019429569
0.9999637787654159
0.9999599789038307
0.9999564257856121
0.9999531413169148
0.9999501457475809
0.9999474575462914
0.9999450932867012
0.9999430675452569
0.999941392811328
0.999940079410206
0.9999391354394459
0.9999385667189411
0.9999383767550424
0.9999385667189409
0.9999391354394458
0.9999400794102059
0.9999413928113278
0.9999430675452569
0.9999450932867011
0.9999474575462916
0.999950145747581
0.999953141316915
0.9999564257856121
0.9999599789038309
0.999963778765416
0.999967801942957
0.9999720236322265
0.9999764178051064
0.9999809573700599
0.9999856143391591
0.9999903600006411
0.9999951650959249
1.0
1.0
0.9999949475391203
0.999989926228342
0.9999849670257162
0.9999801005063758
0.9999753566740305
0.9999707647759847
0.9999663531228167
0.9999621489138351
0.9999581780693865
0.9999544650710475
0.9999510328106872
0.9999479024493321
0.9999450932867012
0.9999426226422162
0.9999405057482218
0.9999387556560735
0.9999373831556714
0.9999363967089367
0.9999358023976418
0.9999356038859132
0.9999358023976418
0.9999363967089367
0.9999373831556714
0.9999387556560736
0.999940505748222
0.9999426226422163
0.9999450932867016
0.9999479024493323
0.9999510328106872
0.9999544650710476
0.9999581780693866
0.9999621489138352
0.9999663531228168
0.9999707647759846
0.9999753566740305
0.9999801005063756
0.9999849670257163
0.9999899262283424
0.9999949475391205
1.0
1.0
0.9999947611324174
0.9999895545641954
0.9999844123955588
0.999979366329687
0.999974447477254
0.9999696861646208
0.999965111746863
0.9999607524267873
0.9999566350810516
0.9999527850944615
0.9999492262034647
0.9999459803498074
0.999943067545257
0.999940505748222
0.999938310753033
0.9999364960925654
0.9999350729548043
0.9999340501138673
0.9999334338759089
0.999933228040241
0.999933433875909
0.9999340501138674
0.9999350729548044
0.9999364960925656
0.9999383107530333
0.9999405057482221
0.9999430675452572
0.9999459803498076
0.9999492262034649
0.9999527850944617
0.9999566350810517
0.9999607524267874
0.9999651117468631
0.9999696861646208
0.9999744474772541
0.9999793663296871
0.999984412395559
0.9999895545641958
0.9999947611324175
1.0
1.0
0.999994607025075
0.9999892472996339
0.9999839538681661
0.999978759366437
0.9999736958202771
0.9999687944481321
0.9999640854685914
0.9999595979140795
0.9999553594518623
0.999951396213469
0.9999477326335819
0.9999443912993894
0.9999413928113281
0.9999387556560738
0.9999364960925655
0.9999346280517638
0.9999331630507614
0.9999321101217765
0.9999314757564666
0.9999312638659047
0.9999314757564669
0.9999321101217767
0.9999331630507616
0.999934628051764
0.9999364960925657
0.999938755656074
0.9999413928113284
0.9999443912993898
0.9999477326335822
0.9999513962134693
0.9999553594518625
0.9999595979140797
0.9999640854685915
0.9999687944481322
0.9999736958202773
0.9999787593664373
0.9999839538681664
0.9999892472996341
0.9999946070250753
1.0
1.0
0.9999944861672164
0.9999890063290455
0.999983594270512
0.9999782833587563
0.9999731063373152
0.9999680951242477
0.9999632806153486
0.9999586924936663
0.9999543590464967
0.9999503069909826
0.9999465613093936
0.9999431450951024
0.9999400794102061
0.9999373831556715
0.9999350729548045
0.9999331630507615
0.9999316652187359
0.9999305886933607
0.9999299401117724
0.9999297234726924
0.9999299401117725
0.9999305886933608
0.9999316652187362
0.9999331630507616
0.9999350729548048
0.9999373831556719
0.9999400794102066
0.999943145095103
0.9999465613093941
0.999950306990983
0.999954359046497
0.9999586924936665
0.9999632806153489
0.9999680951242479
0.9999731063373156
0.9999782833587566
0.9999835942705125
0.999989006329046
0.9999944861672166
1.0
1.0
0.9999943993039707
0.9999888331380948
0.9999833358196358
0.9999779412413903
0.9999726826627269
0.9999675925045318
0.9999627021493228
0.9999580417477659
0.9999536400327866
0.9999495241424214
0.9999457194525032
0.9999422494202103
0.9999391354394459
0.999936396708937
0.9999340501138675
0.9999321101217766
0.9999305886933607
0.9999294952087318
0.9999288364095863
0.99992861635764
0.9999288364095864
0.999929495208732
0.9999305886933608
0.9999321101217769
0.9999340501138678
0.9999363967089373
0.9999391354394463
0.9999422494202108
0.9999457194525037
0.9999495241424219
0.999953640032787
0.9999580417477661
0.999962702149323
0.999967592504532
0.9999726826627272
0.9999779412413907
0.9999833358196362
0.9999888331380951
0.9999943993039707
1.0
1.0
0.9999943469708783
0.9999887287945607
0.999983180108973
0.9999777351236064
0.9999724274086069
0.999967289687802
0.999962353636949
0.9999576496884429
0.9999532068436907
0.9999490524943072
0.9999452122532382
0.9999417097968467
0.9999385667189411
0.9999358023976419
0.9999334338759089
0.9999314757564667
0.9999299401117724
0.9999288364095861
0.9999281714545993
0.9999279493464802
0.9999281714545993
0.9999288364095864
0.9999299401117724
0.9999314757564668
0.9999334338759092
0.9999358023976421
0.9999385667189415
0.9999417097968469
0.9999452122532386
0.9999490524943075
0.9999532068436909
0.9999576496884434
0.9999623536369494
0.9999672896878022
0.9999724274086071
0.9999777351236069
0.9999831801089731
0.999988728794561
0.9999943469708783
1.0
1.0
0.9999943294905902
0.9999886939417565
0.9999831280985316
0.9999776662761897
0.9999723421486818
0.9999671885410243
0.9999622372269222
0.9999575187328739
0.9999530621499635
0.9999488949545072
0.9999450428386506
0.9999415295519688
0.9999383767550425
0.9999356038859131
0.999933228040241
0.9999312638659047
0.9999297234726924
0.9999286163576401
0.9999279493464801
0.9999277265515587
0.9999279493464801
0.9999286163576399
0.9999297234726923
0.9999312638659049
0.9999332280402411
0.9999356038859134
0.9999383767550428
0.9999415295519691
0.9999450428386509
0.9999488949545077
0.9999530621499639
0.999957518732874
0.9999622372269226
0.9999671885410245
0.9999723421486817
0.9999776662761898
0.9999831280985316
0.9999886939417566
0.9999943294905902
1.0
1.0
0.9999943469708783
0.9999887287945609
0.9999831801089731
0.9999777351236068
0.9999724274086071
0.9999672896878022
0.999962353636949
0.999957649688443
0.9999532068436906
0.9999490524943072
0.9999452122532382
0.9999417097968465
0.999938566718941
0.9999358023976416
0.9999334338759088
0.9999314757564666
0.9999299401117724
0.9999288364095862
0.9999281714545992
0.9999279493464801
0.9999281714545992
0.9999288364095863
0.9999299401117725
0.9999314757564668
0.999933433875909
0.999935802397642
0.9999385667189413
0.9999417097968469
0.9999452122532384
0.9999490524943074
0.9999532068436908
0.9999576496884433
0.9999623536369492
0.9999672896878021
0.9999724274086071
0.9999777351236068
0.9999831801089732
0.9999887287945608
0.9999943469708783
1.0
1.0
0.9999943993039707
0.999988833138095
0.9999833358196363
0.9999779412413907
0.9999726826627272
0.999967592504532
0.9999627021493229
0.9999580417477659
0.9999536400327866
0.9999495241424214
0.9999457194525032
0.9999422494202103
0.9999391354394458
0.9999363967089367
0.9999340501138673
0.9999321101217765
0.9999305886933607
0.9999294952087318
0.9999288364095862
0.9999286163576397
0.9999288364095861
0.9999294952087318
0.9999305886933606
0.9999321101217764
0.9999340501138675
0.9999363967089371
0.9999391354394461
0.9999422494202105
0.9999457194525033
0.9999495241424217
0.9999536400327868
0.999958041747766
0.9999627021493229
0.9999675925045319
0.9999726826627271
0.9999779412413906
0.9999833358196359
0.9999888331380948
0.9999943993039707
1.0
1.0
0.9999944861672166
0.999989006329046
0.9999835942705124
0.9999782833587567
0.9999731063373156
0.9999680951242481
0.9999632806153489
0.9999586924936664
0.9999543590464968
0.9999503069909826
0.9999465613093937
0.9999431450951025
0.9999400794102061
0.9999373831556714
0.9999350729548043
0.9999331630507613
0.9999316652187361
0.9999305886933607
0.9999299401117724
0.9999297234726923
0.9999299401117724
0.9999305886933606
0.9999316652187359
0.9999331630507615
0.9999350729548045
0.9999373831556718
0.9999400794102065
0.9999431450951026
0.9999465613093939
0.9999503069909828
0.9999543590464969
0.9999586924936664
0.9999632806153487
0.9999680951242478
0.9999731063373153
0.9999782833587564
0.9999835942705124
0.999989006329046
0.9999944861672165
1.0
1.0
0.999994607025075
0.999989247299634
0.9999839538681665
0.9999787593664375
0.9999736958202776
0.9999687944481327
0.9999640854685916
0.9999595979140796
0.9999553594518624
0.999951396213469
0.9999477326335818
0.9999443912993894
0.999941392811328
0.9999387556560736
0.9999364960925654
0.9999346280517639
0.9999331630507615
0.9999321101217765
0.9999314757564667
0.9999312638659047
0.9999314757564666
0.9999321101217765
0.9999331630507615
0.9999346280517639
0.9999364960925656
0.9999387556560738
0.9999413928113283
0.9999443912993896
0.9999477326335822
0.9999513962134691
0.9999553594518625
0.9999595979140795
0.9999640854685914
0.9999687944481322
0.9999736958202772
0.9999787593664372
0.9999839538681664
0.999989247299634
0.999994607025075
1.0
1.0
0.9999947611324175
0.9999895545641958
0.9999844123955591
0.9999793663296873
0.9999744474772544
0.9999696861646212
0.9999651117468632
0.9999607524267874
0.9999566350810517
0.9999527850944616
0.9999492262034647
0.9999459803498074
0.999943067545257
0.999940505748222
0.9999383107530332
0.9999364960925655
0.9999350729548044
0.9999340501138675
0.9999334338759089
0.999933228040241
0.9999334338759089
0.9999340501138675
0.9999350729548044
0.9999364960925657
0.9999383107530333
0.9999405057482224
0.9999430675452573
0.9999459803498076
0.9999492262034649
0.999952785094462
0.9999566350810517
0.9999607524267874
0.9999651117468631
0.9999696861646208
0.999974447477254
0.999979366329687
0.999984412395559
0.9999895545641957
0.9999947611324175
1.0
1.0
0.9999949475391204
0.9999899262283424
0.9999849670257165
0.9999801005063762
0.9999753566740311
0.9999707647759855
0.9999663531228171
0.9999621489138355
0.9999581780693868
0.9999544650710476
0.9999510328106873
0.9999479024493324
0.9999450932867014
0.9999426226422164
0.999940505748222
0.9999387556560738
0.9999373831556717
0.999936396708937
0.999935802397642
0.9999356038859132
0.9999358023976419
0.999936396708937
0.9999373831556718
0.9999387556560739
0.9999405057482224
0.9999426226422167
0.9999450932867017
0.9999479024493326
0.9999510328106875
0.9999544650710477
0.9999581780693868
0.9999621489138353
0.9999663531228168
0.9999707647759848
0.9999753566740306
0.9999801005063759
0.9999849670257165
0.9999899262283424
0.9999949475391204
1.0
1.0
0.9999951650959249
0.9999903600006412
0.9999856143391594
0.9999809573700603
0.9999764178051069
0.999972023632227
0.9999678019429574
0.9999637787654163
0.9999599789038311
0.9999564257856124
0.9999531413169153
0.9999501457475812
0.9999474575462918
0.9999450932867016
0.9999430675452571
0.9999413928113281
0.9999400794102065
0.9999391354394461
0.9999385667189413
0.9999383767550428
0.9999385667189414
0.9999391354394463
0.9999400794102065
0.9999413928113284
0.9999430675452575
0.999945093286702
0.9999474575462922
0.9999501457475816
0.9999531413169154
0.9999564257856125
0.9999599789038313
0.9999637787654162
0.9999678019429572
0.9999720236322267
0.9999764178051067
0.99998095737006
0.9999856143391593
0.9999903600006412
0.999995165095925
1.0
1.0
0.9999954124615207
0.9999908532067419
0.9999863503449851
0.9999819316378904
0.9999776243282563
0.9999734549720792
0.9999694492748262
0.9999656319329531
0.9999620264816419
0.9999586551496988
0.9999555387225063
0.9999526964138745
0.9999501457475812
0.9999479024493324
0.9999459803498075
0.9999443912993896
0.9999431450951026
0.9999422494202106
0.9999417097968469
0.9999415295519692
0.9999417097968472
0.9999422494202109
0.999943145095103
0.9999443912993901
0.9999459803498081
0.9999479024493328
0.9999501457475817
0.9999526964138749
0.9999555387225065
0.9999586551496991
0.9999620264816421
0.9999656319329533
0.9999694492748262
0.999973454972079
0.999977624328256
0.99998193163789
0.999986350344985
0.999990853206742
0.9999954124615208
1.0
1.0
0.9999956881108168
0.9999914028058646
0.9999871705054729
0.9999830173031813
0.9999789688048628
0.9999750499708558
0.999971284962075
0.9999676969910519
0.9999643081788208
0.9999611394185358
0.999958210246658
0.9999555387225063
0.999953141316915
0.9999510328106873
0.9999492262034648
0.9999477326335819
0.9999465613093939
0.9999457194525034
0.9999452122532384
0.999945042838651
0.9999452122532386
0.9999457194525037
0.9999465613093943
0.9999477326335824
0.9999492262034654
0.9999510328106879
0.9999531413169156
0.9999555387225068
0.9999582102466584
0.999961139418536
0.9999643081788209
0.9999676969910519
0.999971284962075
0.9999750499708555
0.9999789688048624
0.999983017303181
0.9999871705054728
0.9999914028058646
0.999995688110817
1.0
1.0
0.9999959903443436
0.9999920054095478
0.9999880697640606
0.9999842076724452
0.9999804429457807
0.9999767987948587
0.9999732976870813
0.9999699612079426
0.9999668099279458
0.9999638632757801
0.9999611394185358
0.9999586551496987
0.9999564257856123
0.9999544650710476
0.9999527850944617
0.9999513962134691
0.9999503069909828
0.9999495241424218
0.9999490524943075
0.9999488949545077
0.9999490524943075
0.9999495241424219
0.9999503069909832
0.9999513962134694
0.9999527850944623
0.9999544650710481
0.9999564257856128
0.9999586551496994
0.9999611394185363
0.9999638632757804
0.9999668099279461
0.9999699612079427
0.9999732976870812
0.9999767987948583
0.9999804429457804
0.9999842076724451
0.9999880697640605
0.9999920054095478
0.9999959903443436
1.0
1.0
0.9999963172987311
0.9999926573025397
0.9999890425765201
0.9999854954066602
0.9999820376624412
0.9999786906620064
0.9999754750407261
0.9999724106239753
0.9999695163049019
0.9999668099279457
0.9999643081788205
0.9999620264816418
0.9999599789038311
0.9999581780693865
0.9999566350810517
0.9999553594518623
0.9999543590464969
0.9999536400327869
0.9999532068436909
0.999953062149964
0.999953206843691
0.999953640032787
0.9999543590464972
0.9999553594518629
0.9999566350810523
0.9999581780693872
0.9999599789038316
0.9999620264816422
0.9999643081788211
0.9999668099279461
0.999969516304902
0.9999724106239752
0.9999754750407259
0.999978690662006
0.999982037662441
0.9999854954066599
0.9999890425765201
0.9999926573025397
0.9999963172987308
1.0
1.0
0.999996666958196
0.9999933544657031
0.9999900829451391
0.9999868725665162
0.9999837431228858
0.9999807139083088
0.9999778035989001
0.9999750301376853
0.9999724106239751
0.9999699612079423
0.9999676969910516
0.9999656319329528
0.999963778765416
0.9999621489138352
0.9999607524267874
0.9999595979140795
0.9999586924936664
0.9999580417477661
0.9999576496884435
0.9999575187328742
0.9999576496884434
0.9999580417477663
0.9999586924936669
0.99995959791408
0.9999607524267878
0.9999621489138356
0.9999637787654164
0.9999656319329533
0.9999676969910519
0.9999699612079427
0.9999724106239752
0.9999750301376853
0.9999778035988999
0.9999807139083084
0.9999837431228855
0.999986872566516
0.999990082945139
0.999993354465703
0.9999966669581961
1.0
1.0
0.9999970371669723
0.9999940926007954
0.999991184455699
0.999988330661365
0.9999855488123839
0.9999828560597799
0.999980269005268
0.9999778035988999
0.9999754750407257
0.9999732976870809
0.9999712849620745
0.9999694492748259
0.999967801942957
0.9999663531228167
0.999965111746863
0.9999640854685914
0.9999632806153487
0.9999627021493229
0.9999623536369494
0.9999622372269227
0.9999623536369494
0.9999627021493231
0.9999632806153491
0.9999640854685918
0.9999651117468634
0.9999663531228172
0.9999678019429574
0.9999694492748263
0.999971284962075
0.9999732976870813
0.999975475040726
0.9999778035989
0.9999802690052677
0.9999828560597793
0.9999855488123834
0.9999883306613646
0.999991184455699
0.9999940926007954
0.9999970371669723
1.0
1.0
0.9999974256425992
0.9999948671569682
0.999992340317021
0.9999898607015669
0.9999874435982591
0.9999851039093433
0.9999828560597797
0.9999807139083084
0.999978690662006
0.999976798794858
0.9999750499708551
0.9999734549720787
0.9999720236322265
0.9999707647759847
0.9999696861646207
0.9999687944481322
0.9999680951242479
0.999967592504532
0.9999672896878024
0.9999671885410245
0.9999672896878024
0.9999675925045322
0.999968095124248
0.9999687944481327
0.9999696861646212
0.9999707647759853
0.9999720236322271
0.9999734549720792
0.9999750499708555
0.9999767987948585
0.9999786906620061
0.9999807139083086
0.9999828560597793
0.9999851039093428
0.9999874435982588
0.9999898607015667
0.999992340317021
0.9999948671569681
0.9999974256425993
1.0
1.0
0.9999978299899958
0.9999956733588251
0.9999935434028357
0.9999914532539153
0.9999894157985263
0.999987443598259
0.9999855488123837
0.9999837431228856
0.9999820376624408
0.99998044294578
0.9999789688048621
0.9999776243282558
0.9999764178051064
0.9999753566740306
0.999974447477254
0.9999736958202771
0.9999731063373154
0.9999726826627273
0.9999724274086071
0.999972342148682
0.9999724274086073
0.9999726826627273
0.9999731063373156
0.9999736958202774
0.9999744474772544
0.999975356674031
0.9999764178051068
0.9999776243282562
0.9999789688048625
0.9999804429457805
0.999982037662441
0.9999837431228855
0.9999855488123836
0.9999874435982586
0.999989415798526
0.9999914532539149
0.9999935434028356
0.999995673358825
0.999997829989996
1.0
1.0
0.9999982477162255
0.9999965062358634
0.999994786295719
0.9999930984997952
0.9999914532539153
0.9999898607015668
0.9999883306613648
0.9999868725665159
0.9999854954066597
0.9999842076724448
0.9999830173031806
0.99998193163789
0.9999809573700599
0.9999801005063756
0.999979366329687
0.999978759366437
0.9999782833587564
0.9999779412413906
0.9999777351236069
0.9999776662761899
0.999977735123607
0.9999779412413907
0.9999782833587567
0.9999787593664374
0.9999793663296874
0.9999801005063761
0.9999809573700602
0.9999819316378903
0.9999830173031811
0.9999842076724451
0.99998549540666
0.9999868725665161
0.9999883306613648
0.9999898607015667
0.9999914532539149
0.9999930984997951
0.9999947862957189
0.9999965062358634
0.9999982477162257
1.0
1.0
0.9999986762458676
0.9999973606531197
0.9999960613328229
0.9999947862957193
0.999993543402836
0.9999923403170211
0.999991184455699
0.999990082945139
0.99998904257652
0.9999880697640604
0.9999871705054726
0.9999863503449846
0.999985614339159
0.9999849670257162
0.9999844123955588
0.9999839538681661
0.9999835942705123
0.999983335819636
0.9999831801089732
0.9999831280985317
0.9999831801089734
0.9999833358196363
0.9999835942705125
0.9999839538681665
0.9999844123955592
0.9999849670257165
0.9999856143391594
0.9999863503449851
0.9999871705054728
0.9999880697640606
0.9999890425765202
0.999990082945139
0.9999911844556991
0.999992340317021
0.9999935434028355
0.9999947862957188
0.9999960613328228
0.9999973606531197
0.9999986762458675
1.0
1.0
0.9999991129368939
0.9999982313428271
0.9999973606531196
0.9999965062358634
0.9999956733588251
0.9999948671569683
0.9999940926007955
0.9999933544657031
0.9999926573025396
0.9999920054095477
0.9999914028058643
0.9999908532067416
0.9999903600006411
0.9999899262283422
0.9999895545641955
0.999989247299634
0.9999890063290457
0.9999888331380948
0.999988728794561
0.9999886939417566
0.999988728794561
0.999988833138095
0.9999890063290461
0.9999892472996342
0.9999895545641957
0.9999899262283425
0.9999903600006413
0.9999908532067419
0.9999914028058646
0.9999920054095479
0.9999926573025397
0.9999933544657031
0.9999940926007954
0.9999948671569681
0.999995673358825
0.9999965062358634
0.9999973606531197
0.999998231342827
0.999999112936894
1.0
1.0
0.9999995550969594
0.9999991129368939
0.9999986762458676
0.9999982477162256
0.999997829989996
0.9999974256425995
0.9999970371669722
0.999996666958196
0.9999963172987307
0.9999959903443436
0.9999956881108167
0.9999954124615206
0.9999951650959248
0.9999949475391203
0.9999947611324173
0.999994607025075
0.9999944861672165
0.9999943993039707
0.9999943469708783
0.9999943294905902
0.9999943469708783
0.9999943993039707
0.9999944861672166
0.9999946070250751
0.9999947611324175
0.9999949475391204
0.999995165095925
0.9999954124615208
0.9999956881108168
0.9999959903443437
0.999996317298731
0.999996666958196
0.9999970371669722
0.9999974256425992
0.9999978299899958
0.9999982477162256
0.9999986762458678
0.999999112936894
0.9999995550969595
1.0
1.0
1.0
1.0
1.0
1.0
1.0
1.0
1.0
1.0
1.0
1.0
1.0
1.0
1.0
1.0
1.0
1.0
1.0
1.0
1.0
1.0
1.0
1.0
1.0
1.0
1.0
1.0
1.0
1.0
1.0
1.0
1.0
1.0
1.0
1.0
1.0
1.0
1.0
1.0
1.0
1.0
