0.9999999999990558
0.9999999999990558
0.9999999999990558
0.9999999999990558
0.9999999999990558
0.9999999999990558
0.9999999999990558
0.9999999999990558
0.9999999999990558
0.9999999999990558
0.9999999999990558
0.9999999999990558
0.9999999999990558
0.9999999999990558
0.9999999999990558
0.9999999999990558
0.9999999999990558
0.9999999999990558
0.9999999999990558
0.9999999999990558
0.9999999999990558
0.9999999999990558
0.9999999999990558
0.9999999999990558
0.9999999999990558
0.9999999999990558
0.9999999999990558
0.9999999999990558
0.9999999999990558
0.9999999999990558
0.9999999999990558
0.9999999999990558
0.9999999999990558
0.9999999999990558
0.9999999999990558
0.9999999999990558
0.9999999999990558
0.9999999999990558
0.9999999999990558
0.9999999999990558
0.9999999999990558
0.9999999999990558
0.9999999999890998
0.9999999999894713
0.9999999999956375
1.0000000000034357
1.000000000004682
1.0000000000074318
1.0000000000098541
1.0000000000132867
1.0000000000064038
0.9999999999985988
0.9999999999907333
0.9999999999932311
0.9999999999932909
0.9999999999999256
1.000000000004855
1.0000000000152793
1.0000000000085478
0.999999999999012
0.9999999999967739
0.999999999995955
0.9999999999967738
0.9999999999990119
1.0000000000085476
1.0000000000152796
1.0000000000048546
0.9999999999999251
0.999999999993291
0.9999999999932305
0.9999999999907332
0.9999999999985991
1.000000000006404
1.0000000000132871
1.0000000000098543
1.0000000000074323
1.0000000000046827
1.0000000000034364
0.999999999995638
0.9999999999894714
0.9999999999890998
0.9999999999990558
0.9999999999990558
0.9999999999894711
0.9999999999835387
0.9999999999899485
0.999999999996325
1.000000000008028
1.0000000000119138
1.0000000000198692
1.0000000000115237
1.0000000000075633
0.9999999999961157
0.999999999991932
0.9999999999816112
0.9999999999893414
1.0000000000008478
1.0000000000122768
1.000000000016811
1.0000000000126457
1.0000000000032463
0.9999999999949133
0.9999999999848438
0.9999999999949134
1.0000000000032458
1.0000000000126454
1.0000000000168108
1.0000000000122762
1.0000000000008475
0.9999999999893411
0.999999999981611
0.9999999999919321
0.9999999999961158
1.0000000000075637
1.0000000000115243
1.0000000000198694
1.000000000011914
1.0000000000080287
0.9999999999963259
0.9999999999899492
0.999999999983539
0.9999999999894715
0.9999999999990558
0.9999999999990558
0.9999999999956374
0.9999999999899487
0.9999999999817729
0.9999999999919593
1.0000000000034317
1.0000000000179152
1.0000000000123646
1.0000000000089397
0.9999999999995125
0.9999999999939705
0.9999999999860256
0.9999999999874638
0.9999999999943344
0.9999999999979837
1.0000000000095655
1.0000000000202998
1.0000000000120939
0.9999999999975955
0.9999999999923562
0.9999999999867354
0.9999999999923564
0.9999999999975954
1.0000000000120939
1.0000000000202995
1.0000000000095652
0.9999999999979834
0.9999999999943343
0.999999999987464
0.9999999999860258
0.9999999999939709
0.999999999999513
1.0000000000089402
1.0000000000123652
1.000000000017916
1.0000000000034324
0.9999999999919601
0.9999999999817735
0.999999999989949
0.9999999999956379
0.9999999999990558
0.9999999999990558
1.000000000003436
0.9999999999963253
0.9999999999919593
0.9999999999895629
0.9999999999965541
1.0000000000057017
1.000000000008854
1.0000000000022282
0.9999999999869496
0.9999999999916551
0.9999999999909488
1.0000000000004143
0.9999999999957063
1.0000000000018217
1.0000000000101499
1.0000000000128966
1.0000000000033786
0.9999999999921837
0.9999999999974338
0.9999999999827501
0.999999999997434
0.9999999999921837
1.0000000000033786
1.0000000000128964
1.0000000000101497
1.0000000000018214
0.9999999999957064
1.000000000000414
0.999999999990949
0.9999999999916553
0.9999999999869498
1.0000000000022287
1.0000000000088547
1.0000000000057023
0.9999999999965549
0.9999999999895636
0.99999999999196
0.9999999999963258
1.0000000000034364
0.9999999999990558
0.9999999999990558
1.0000000000046825
1.0000000000080282
1.0000000000034317
0.9999999999965542
0.9999999999933066
0.9999999999923285
0.9999999999979499
0.9999999999920657
0.9999999999958249
0.9999999999916875
0.9999999999977384
1.0000000000068365
1.0000000000034721
1.0000000000085623
1.0000000000020042
1.0000000000042322
0.9999999999911704
0.9999999999941921
1.000000000000035
0.99999999998284
1.000000000000035
0.9999999999941919
0.9999999999911704
1.000000000004232
1.0000000000020044
1.0000000000085623
1.0000000000034721
1.000000000006837
0.9999999999977387
0.9999999999916879
0.9999999999958255
0.9999999999920662
0.9999999999979504
0.9999999999923289
0.9999999999933076
0.9999999999965549
1.0000000000034326
1.000000000008029
1.0000000000046827
0.9999999999990558
0.9999999999990558
1.0000000000074318
1.0000000000119136
1.0000000000179152
1.0000000000057014
0.9999999999923281
0.9999999999881243
0.99999999999144
0.999999999993791
0.999999999998429
0.9999999999992198
1.000000000010264
1.0000000000069034
1.0000000000083014
1.0000000000029876
0.9999999999950251
0.9999999999994379
0.9999999999846919
0.9999999999925806
1.0000000000024485
0.9999999999988158
1.0000000000024487
0.9999999999925806
0.9999999999846918
0.9999999999994377
0.999999999995025
1.0000000000029878
1.0000000000083016
1.0000000000069036
1.0000000000102645
0.9999999999992205
0.9999999999984299
0.9999999999937916
0.9999999999914407
0.9999999999881253
0.9999999999923294
1.0000000000057023
1.0000000000179161
1.0000000000119145
1.0000000000074323
0.9999999999990558
0.9999999999990558
1.0000000000098541
1.000000000019869
1.0000000000123646
1.0000000000088543
0.9999999999979498
0.9999999999914398
0.9999999999888967
0.9999999999991624
1.0000000000035976
1.00000000001003
1.0000000000119895
1.0000000000072509
1.0000000000043952
0.999999999995086
0.9999999999963112
0.9999999999897513
0.9999999999850203
0.9999999999973845
1.0000000000110871
1.0000000000145712
1.0000000000110871
0.9999999999973845
0.9999999999850204
0.9999999999897514
0.9999999999963113
0.9999999999950858
1.0000000000043954
1.000000000007251
1.0000000000119897
1.0000000000100306
1.0000000000035982
0.9999999999991633
0.9999999999888974
0.9999999999914408
0.9999999999979505
1.0000000000088551
1.0000000000123654
1.0000000000198699
1.0000000000098541
0.9999999999990558
0.9999999999990558
1.0000000000132865
1.000000000011524
1.0000000000089395
1.0000000000022282
0.9999999999920658
0.9999999999937909
0.9999999999991623
1.0000000000059763
1.0000000000096334
1.0000000000072293
1.0000000000046116
1.0000000000026263
1.0000000000042524
0.9999999999937358
0.9999999999895101
0.9999999999882628
0.9999999999962522
1.000000000001781
1.0000000000135252
1.000000000034804
1.0000000000135252
1.0000000000017808
0.9999999999962521
0.9999999999882625
0.9999999999895096
0.9999999999937358
1.0000000000042524
1.0000000000026268
1.000000000004612
1.00000000000723
1.0000000000096343
1.0000000000059774
0.9999999999991633
0.9999999999937917
0.9999999999920662
1.000000000002229
1.0000000000089404
1.0000000000115243
1.0000000000132871
0.9999999999990558
0.9999999999990558
1.000000000006404
1.0000000000075635
0.9999999999995126
0.9999999999869494
0.999999999995825
0.9999999999984293
1.0000000000035976
1.0000000000096336
1.0000000000050269
1.0000000000039737
0.9999999999953636
0.999999999995433
0.9999999999954943
0.9999999999940525
0.9999999999943145
0.9999999999974425
1.000000000004788
0.9999999999947707
1.0000000000119114
1.0000000000383502
1.0000000000119114
0.9999999999947706
1.0000000000047882
0.9999999999974426
0.9999999999943143
0.9999999999940526
0.9999999999954945
0.9999999999954332
0.9999999999953643
1.0000000000039742
1.0000000000050278
1.0000000000096343
1.0000000000035982
0.9999999999984299
0.9999999999958258
0.9999999999869502
0.9999999999995133
1.000000000007564
1.000000000006404
0.9999999999990558
0.9999999999990558
0.9999999999985986
0.9999999999961156
0.9999999999939705
0.9999999999916548
0.9999999999916874
0.9999999999992203
1.0000000000100298
1.0000000000072296
1.0000000000039733
0.999999999995812
0.9999999999871952
0.9999999999938463
0.9999999999923359
0.9999999999935212
1.0000000000026978
1.0000000000078662
1.0000000000059588
0.9999999999915279
0.9999999999990136
1.0000000000153841
0.9999999999990135
0.9999999999915278
1.0000000000059588
1.000000000007866
1.0000000000026976
0.9999999999935213
0.9999999999923362
0.9999999999938467
0.999999999987196
0.9999999999958127
1.0000000000039744
1.0000000000072304
1.0000000000100306
0.9999999999992211
0.9999999999916882
0.999999999991656
0.9999999999939713
0.9999999999961162
0.999999999998599
0.9999999999990558
0.9999999999990558
0.9999999999907331
0.9999999999919321
0.9999999999860258
0.9999999999909492
0.9999999999977386
1.0000000000102645
1.0000000000119897
1.000000000004612
0.9999999999953636
0.9999999999871954
0.99999999999883
0.9999999999997915
0.9999999999954796
0.9999999999976622
1.000000000001705
1.000000000009136
1.000000000010149
0.9999999999907296
0.9999999999817374
0.9999999999900033
0.9999999999817374
0.9999999999907296
1.0000000000101492
1.000000000009136
1.0000000000017053
0.9999999999976623
0.9999999999954802
0.9999999999997918
0.9999999999988308
0.9999999999871961
0.9999999999953645
1.0000000000046128
1.0000000000119902
1.000000000010265
0.9999999999977391
0.9999999999909498
0.9999999999860264
0.9999999999919323
0.9999999999907334
0.9999999999990558
0.9999999999990558
0.9999999999932306
0.9999999999816112
0.999999999987464
1.0000000000004141
1.0000000000068368
1.0000000000069038
1.000000000007251
1.000000000002627
0.9999999999954332
0.9999999999938466
0.9999999999997915
1.0000000000043208
1.0000000000043063
1.0000000000057878
1.000000000002183
1.0000000000046982
1.00000000000549
0.9999999999943489
0.9999999999824914
0.9999999999758509
0.9999999999824913
0.9999999999943487
1.0000000000054898
1.0000000000046978
1.0000000000021827
1.000000000005788
1.0000000000043066
1.0000000000043214
0.9999999999997919
0.9999999999938473
0.9999999999954339
1.0000000000026277
1.0000000000072518
1.0000000000069045
1.0000000000068374
1.000000000000415
0.9999999999874647
0.9999999999816113
0.9999999999932312
0.9999999999990558
0.9999999999990558
0.9999999999932909
0.9999999999893414
0.9999999999943345
0.9999999999957068
1.0000000000034723
1.0000000000083018
1.0000000000043958
1.0000000000042526
0.9999999999954949
0.9999999999923362
0.9999999999954798
1.0000000000043066
1.0000000000164673
1.000000000007899
1.0000000000013516
1.000000000000946
1.000000000007513
1.0000000000088807
0.9999999999905855
0.9999999999804444
0.9999999999905856
1.0000000000088805
1.000000000007513
1.0000000000009461
1.0000000000013518
1.0000000000078995
1.0000000000164677
1.0000000000043068
0.9999999999954805
0.9999999999923367
0.9999999999954953
1.0000000000042533
1.000000000004396
1.0000000000083022
1.0000000000034728
0.9999999999957069
0.999999999994335
0.9999999999893419
0.9999999999932914
0.9999999999990558
0.9999999999990558
0.9999999999999256
1.0000000000008475
0.999999999997984
1.0000000000018217
1.000000000008563
1.0000000000029883
0.9999999999950863
0.9999999999937361
0.9999999999940529
0.9999999999935217
0.9999999999976626
1.0000000000057878
1.0000000000078992
1.0000000000029394
0.9999999999968925
0.9999999999984222
1.0000000000145586
1.0000000000192513
1.000000000001124
0.9999999999895536
1.0000000000011238
1.0000000000192513
1.0000000000145586
0.9999999999984222
0.999999999996893
1.0000000000029394
1.0000000000078995
1.0000000000057883
0.9999999999976629
0.9999999999935224
0.9999999999940536
0.9999999999937366
0.9999999999950869
1.0000000000029885
1.000000000008563
1.0000000000018223
0.9999999999979842
1.0000000000008484
0.9999999999999261
0.9999999999990558
0.9999999999990558
1.0000000000048543
1.0000000000122768
1.0000000000095657
1.0000000000101505
1.0000000000020046
0.9999999999950255
0.999999999996312
0.9999999999895103
0.9999999999943149
1.0000000000026983
1.0000000000017053
1.000000000002183
1.0000000000013518
0.9999999999968927
0.9999999999904469
0.9999999999859122
0.9999999999993882
1.0000000000173233
1.0000000000110476
1.0000000000004021
1.0000000000110478
1.0000000000173233
0.9999999999993883
0.9999999999859125
0.9999999999904473
0.9999999999968933
1.0000000000013523
1.0000000000021836
1.000000000001706
1.0000000000026987
0.9999999999943151
0.999999999989511
0.9999999999963122
0.9999999999950259
1.0000000000020048
1.0000000000101508
1.0000000000095661
1.0000000000122773
1.000000000004855
0.9999999999990558
0.9999999999990558
1.0000000000152796
1.0000000000168108
1.0000000000203002
1.0000000000128968
1.0000000000042326
0.9999999999994382
0.9999999999897519
0.9999999999882629
0.9999999999974427
1.0000000000078664
1.0000000000091362
1.000000000004698
1.000000000000946
0.9999999999984219
0.9999999999859124
0.9999999999671473
0.9999999999832545
1.000000000005385
1.0000000000070348
1.0000000000083311
1.000000000007035
1.0000000000053857
0.9999999999832547
0.999999999967148
0.9999999999859127
0.9999999999984227
1.0000000000009466
1.0000000000046985
1.0000000000091367
1.0000000000078668
0.9999999999974435
0.9999999999882635
0.9999999999897523
0.9999999999994388
1.000000000004233
1.0000000000128972
1.0000000000203007
1.0000000000168117
1.00000000001528
0.9999999999990558
0.9999999999990558
1.000000000008548
1.0000000000126457
1.000000000012094
1.000000000003379
0.999999999991171
0.999999999984692
0.9999999999850204
0.9999999999962524
1.0000000000047882
1.0000000000059588
1.0000000000101492
1.00000000000549
1.000000000007513
1.0000000000145586
0.9999999999993884
0.9999999999832544
0.9999999999882884
0.9999999999984137
1.0000000000013762
1.0000000000011668
1.0000000000013762
0.9999999999984143
0.9999999999882887
0.9999999999832551
0.9999999999993887
1.0000000000145595
1.000000000007514
1.000000000005491
1.0000000000101497
1.0000000000059597
1.000000000004789
0.9999999999962529
0.9999999999850212
0.9999999999846929
0.9999999999911714
1.0000000000033795
1.0000000000120948
1.000000000012646
1.0000000000085483
0.9999999999990558
0.9999999999990558
0.9999999999990118
1.0000000000032463
0.9999999999975957
0.9999999999921838
0.9999999999941921
0.9999999999925808
0.9999999999973849
1.0000000000017808
0.999999999994771
0.999999999991528
0.9999999999907299
0.9999999999943485
1.0000000000088805
1.000000000019251
1.0000000000173233
1.0000000000053852
0.9999999999984138
0.9999999999954402
0.9999999999947188
0.9999999999975284
0.9999999999947191
0.9999999999954406
0.9999999999984143
1.0000000000053857
1.0000000000173237
1.0000000000192517
1.000000000008881
0.9999999999943494
0.9999999999907305
0.9999999999915286
0.9999999999947715
1.0000000000017821
0.9999999999973858
0.9999999999925818
0.999999999994193
0.9999999999921846
0.9999999999975963
1.0000000000032467
0.9999999999990127
0.9999999999990558
0.9999999999990558
0.999999999996774
0.9999999999949131
0.9999999999923564
0.9999999999974339
1.0000000000000353
1.0000000000024485
1.0000000000110874
1.0000000000135254
1.0000000000119116
0.9999999999990136
0.9999999999817376
0.9999999999824913
0.9999999999905858
1.0000000000011238
1.000000000011048
1.0000000000070346
1.0000000000013765
0.9999999999947186
0.9999999999982261
1.0000000000078573
0.9999999999982262
0.9999999999947193
1.0000000000013767
1.0000000000070355
1.000000000011048
1.0000000000011242
0.9999999999905864
0.999999999982492
0.9999999999817382
0.9999999999990142
1.0000000000119122
1.000000000013526
1.0000000000110882
1.0000000000024494
1.000000000000036
0.9999999999974349
0.999999999992357
0.999999999994914
0.9999999999967739
0.9999999999990558
0.9999999999990558
0.999999999995955
0.9999999999848441
0.9999999999867357
0.9999999999827504
0.9999999999828402
0.9999999999988163
1.0000000000145715
1.0000000000348042
1.0000000000383504
1.0000000000153844
0.9999999999900036
0.9999999999758512
0.999999999980444
0.9999999999895535
1.0000000000004021
1.000000000008331
1.0000000000011668
0.9999999999975284
1.0000000000078575
1.0000000000150329
1.0000000000078575
0.9999999999975288
1.0000000000011668
1.0000000000083313
1.0000000000004026
0.9999999999895538
0.9999999999804448
0.9999999999758515
0.999999999990004
1.0000000000153848
1.000000000038351
1.000000000034805
1.0000000000145723
0.9999999999988167
0.999999999982841
0.9999999999827508
0.999999999986736
0.9999999999848445
0.9999999999959555
0.9999999999990558
0.9999999999990558
0.9999999999967739
0.9999999999949135
0.9999999999923567
0.9999999999974344
1.0000000000000355
1.000000000002449
1.0000000000110876
1.0000000000135252
1.000000000011912
0.9999999999990139
0.9999999999817376
0.9999999999824911
0.9999999999905856
1.0000000000011238
1.0000000000110476
1.000000000007035
1.0000000000013765
0.9999999999947189
0.999999999998226
1.0000000000078575
0.9999999999982261
0.9999999999947189
1.0000000000013767
1.000000000007035
1.000000000011048
1.0000000000011244
0.999999999990586
0.9999999999824917
0.9999999999817379
0.9999999999990143
1.000000000011912
1.0000000000135258
1.000000000011088
1.0000000000024492
1.0000000000000357
0.9999999999974345
0.999999999992357
0.9999999999949141
0.999999999996774
0.9999999999990558
0.9999999999990558
0.9999999999990121
1.0000000000032465
0.9999999999975958
0.9999999999921847
0.9999999999941925
0.9999999999925813
0.9999999999973849
1.0000000000017815
0.999999999994771
0.9999999999915277
0.9999999999907296
0.9999999999943486
1.0000000000088805
1.000000000019251
1.0000000000173233
1.0000000000053852
0.9999999999984142
0.9999999999954404
0.9999999999947191
0.9999999999975288
0.9999999999947192
0.9999999999954403
0.9999999999984138
1.0000000000053855
1.0000000000173237
1.0000000000192515
1.0000000000088811
0.9999999999943493
0.9999999999907302
0.9999999999915283
0.9999999999947713
1.0000000000017817
0.9999999999973854
0.9999999999925816
0.9999999999941928
0.9999999999921848
0.9999999999975963
1.0000000000032465
0.9999999999990123
0.9999999999990558
0.9999999999990558
1.0000000000085483
1.0000000000126459
1.0000000000120945
1.0000000000033795
0.9999999999911711
0.9999999999846927
0.9999999999850211
0.9999999999962524
1.0000000000047884
1.000000000005959
1.0000000000101492
1.00000000000549
1.0000000000075133
1.0000000000145588
0.9999999999993883
0.9999999999832546
0.9999999999882886
0.9999999999984143
1.0000000000013765
1.0000000000011668
1.0000000000013765
0.9999999999984139
0.9999999999882887
0.9999999999832548
0.9999999999993886
1.000000000014559
1.0000000000075138
1.0000000000054907
1.00000000001015
1.0000000000059595
1.0000000000047888
0.9999999999962529
0.9999999999850212
0.9999999999846927
0.9999999999911714
1.0000000000033793
1.0000000000120948
1.0000000000126463
1.000000000008548
0.9999999999990558
0.9999999999990558
1.0000000000152798
1.0000000000168114
1.0000000000203004
1.0000000000128972
1.0000000000042333
0.9999999999994388
0.999999999989752
0.9999999999882632
0.9999999999974432
1.0000000000078664
1.0000000000091362
1.000000000004698
1.0000000000009461
0.9999999999984223
0.9999999999859124
0.9999999999671476
0.9999999999832547
1.0000000000053852
1.000000000007035
1.0000000000083311
1.000000000007035
1.0000000000053855
0.9999999999832548
0.9999999999671478
0.9999999999859129
0.9999999999984227
1.0000000000009466
1.000000000004699
1.000000000009137
1.000000000007867
0.9999999999974433
0.9999999999882637
0.9999999999897522
0.9999999999994389
1.000000000004233
1.0000000000128972
1.0000000000203009
1.0000000000168112
1.0000000000152802
0.9999999999990558
0.9999999999990558
1.0000000000048548
1.0000000000122773
1.000000000009566
1.0000000000101508
1.000000000002005
0.9999999999950262
0.9999999999963121
0.9999999999895107
0.9999999999943149
1.0000000000026987
1.0000000000017057
1.0000000000021834
1.0000000000013518
0.9999999999968929
0.999999999990447
0.9999999999859125
0.9999999999993886
1.0000000000173235
1.0000000000110483
1.0000000000004026
1.0000000000110483
1.0000000000173237
0.9999999999993887
0.999999999985913
0.9999999999904476
0.9999999999968936
1.0000000000013527
1.0000000000021838
1.0000000000017062
1.000000000002699
0.9999999999943153
0.9999999999895107
0.9999999999963123
0.9999999999950262
1.000000000002005
1.0000000000101508
1.0000000000095663
1.0000000000122775
1.0000000000048552
0.9999999999990558
0.9999999999990558
0.9999999999999257
1.0000000000008482
0.9999999999979844
1.0000000000018225
1.0000000000085632
1.000000000002989
0.9999999999950868
0.999999999993737
0.9999999999940534
0.9999999999935223
0.999999999997663
1.0000000000057883
1.0000000000078995
1.0000000000029396
0.9999999999968928
0.9999999999984225
1.000000000014559
1.0000000000192517
1.000000000001124
0.999999999989554
1.0000000000011242
1.0000000000192515
1.0000000000145592
0.9999999999984229
0.9999999999968935
1.0000000000029403
1.0000000000079
1.000000000005789
0.9999999999976635
0.9999999999935225
0.9999999999940536
0.9999999999937369
0.9999999999950868
1.000000000002989
1.0000000000085632
1.0000000000018223
0.9999999999979843
1.0000000000008484
0.9999999999999258
0.9999999999990558
0.9999999999990558
0.9999999999932914
0.9999999999893416
0.9999999999943351
0.9999999999957074
1.0000000000034734
1.0000000000083027
1.0000000000043965
1.0000000000042535
0.9999999999954954
0.9999999999923371
0.9999999999954807
1.0000000000043072
1.000000000016468
1.0000000000078995
1.0000000000013523
1.0000000000009466
1.000000000007514
1.0000000000088811
0.9999999999905864
0.9999999999804449
0.9999999999905865
1.0000000000088811
1.000000000007514
1.000000000000947
1.0000000000013527
1.0000000000079003
1.0000000000164686
1.0000000000043077
0.999999999995481
0.9999999999923375
0.9999999999954958
1.0000000000042537
1.000000000004397
1.0000000000083025
1.0000000000034732
0.9999999999957072
0.9999999999943353
0.999999999989342
0.9999999999932915
0.9999999999990558
0.9999999999990558
0.999999999993231
0.9999999999816115
0.9999999999874646
1.0000000000004152
1.0000000000068376
1.0000000000069047
1.0000000000072522
1.0000000000026277
0.9999999999954343
0.9999999999938475
0.9999999999997923
1.0000000000043217
1.0000000000043074
1.0000000000057883
1.0000000000021838
1.0000000000046985
1.000000000005491
0.9999999999943494
0.9999999999824921
0.9999999999758518
0.9999999999824921
0.9999999999943495
1.000000000005491
1.0000000000046991
1.0000000000021843
1.0000000000057891
1.0000000000043074
1.000000000004322
0.9999999999997932
0.9999999999938481
0.9999999999954348
1.0000000000026281
1.0000000000072522
1.0000000000069045
1.0000000000068379
1.0000000000004152
0.9999999999874646
0.9999999999816115
0.9999999999932312
0.9999999999990558
0.9999999999990558
0.9999999999907333
0.9999999999919325
0.9999999999860265
0.99999999999095
0.9999999999977396
1.0000000000102653
1.000000000011991
1.0000000000046132
0.9999999999953649
0.9999999999871966
0.9999999999988313
0.9999999999997924
0.9999999999954806
0.9999999999976631
1.0000000000017062
1.0000000000091367
1.0000000000101499
0.9999999999907305
0.9999999999817383
0.9999999999900043
0.9999999999817384
0.9999999999907306
1.0000000000101503
1.0000000000091374
1.0000000000017064
0.9999999999976636
0.9999999999954814
0.9999999999997929
0.9999999999988317
0.999999999987197
0.9999999999953654
1.0000000000046134
1.000000000011991
1.0000000000102656
0.9999999999977395
0.99999999999095
0.9999999999860265
0.9999999999919327
0.9999999999907336
0.9999999999990558
0.9999999999990558
0.9999999999985991
0.9999999999961163
0.9999999999939714
0.9999999999916562
0.999999999991689
0.9999999999992215
1.0000000000100315
1.0000000000072309
1.000000000003975
0.9999999999958133
0.9999999999871967
0.9999999999938477
0.9999999999923372
0.9999999999935222
1.0000000000026987
1.0000000000078668
1.0000000000059595
0.9999999999915286
0.9999999999990143
1.0000000000153852
0.9999999999990143
0.9999999999915289
1.00000000000596
1.0000000000078675
1.0000000000026994
0.999999999993523
0.9999999999923378
0.9999999999938481
0.9999999999871971
0.9999999999958141
1.0000000000039753
1.000000000007231
1.0000000000100315
0.9999999999992214
0.9999999999916886
0.9999999999916561
0.9999999999939715
0.9999999999961162
0.9999999999985991
0.9999999999990558
0.9999999999990558
1.000000000006404
1.0000000000075644
0.9999999999995134
0.9999999999869504
0.9999999999958262
0.9999999999984307
1.0000000000035991
1.0000000000096352
1.0000000000050284
1.0000000000039748
0.9999999999953649
0.9999999999954342
0.9999999999954956
0.9999999999940534
0.9999999999943153
0.9999999999974434
1.0000000000047886
0.999999999994772
1.0000000000119122
1.0000000000383515
1.0000000000119127
0.9999999999947718
1.0000000000047895
0.9999999999974438
0.9999999999943159
0.9999999999940541
0.9999999999954963
0.9999999999954347
0.9999999999953655
1.0000000000039755
1.0000000000050289
1.0000000000096356
1.0000000000035993
0.9999999999984305
0.9999999999958263
0.9999999999869504
0.9999999999995135
1.0000000000075642
1.000000000006404
0.9999999999990558
0.9999999999990558
1.000000000013287
1.0000000000115246
1.0000000000089406
1.0000000000022295
0.9999999999920669
0.9999999999937925
0.9999999999991639
1.000000000005978
1.000000000009635
1.0000000000072309
1.000000000004613
1.000000000002628
1.0000000000042535
0.9999999999937369
0.9999999999895106
0.9999999999882636
0.9999999999962528
1.0000000000017815
1.0000000000135258
1.000000000034805
1.0000000000135263
1.0000000000017824
0.9999999999962533
0.9999999999882639
0.9999999999895113
0.9999999999937375
1.000000000004254
1.0000000000026281
1.0000000000046136
1.0000000000072313
1.0000000000096354
1.0000000000059783
0.9999999999991641
0.9999999999937923
0.9999999999920669
1.0000000000022293
1.0000000000089404
1.0000000000115248
1.0000000000132871
0.9999999999990558
0.9999999999990558
1.0000000000098541
1.0000000000198697
1.0000000000123657
1.0000000000088551
0.9999999999979511
0.9999999999914413
0.9999999999888984
0.999999999999164
1.000000000003599
1.0000000000100313
1.0000000000119906
1.0000000000072518
1.0000000000043963
0.9999999999950868
0.9999999999963122
0.9999999999897521
0.9999999999850213
0.9999999999973856
1.000000000011088
1.0000000000145723
1.0000000000110885
0.9999999999973859
0.9999999999850216
0.9999999999897526
0.9999999999963128
0.9999999999950873
1.000000000004397
1.0000000000072524
1.000000000011991
1.0000000000100315
1.0000000000035991
0.999999999999164
0.9999999999888983
0.9999999999914415
0.9999999999979509
1.0000000000088551
1.0000000000123657
1.0000000000198697
1.0000000000098543
0.9999999999990558
0.9999999999990558
1.000000000007432
1.0000000000119142
1.000000000017916
1.0000000000057025
0.9999999999923296
0.9999999999881257
0.9999999999914413
0.9999999999937924
0.9999999999984306
0.9999999999992214
1.0000000000102651
1.0000000000069045
1.0000000000083022
1.0000000000029887
0.9999999999950258
0.9999999999994387
0.9999999999846926
0.9999999999925815
1.0000000000024492
0.9999999999988171
1.0000000000024494
0.9999999999925819
0.9999999999846931
0.9999999999994396
0.9999999999950266
1.0000000000029896
1.000000000008303
1.0000000000069051
1.0000000000102653
0.9999999999992218
0.9999999999984308
0.9999999999937926
0.9999999999914415
0.9999999999881255
0.9999999999923297
1.0000000000057025
1.0000000000179166
1.0000000000119142
1.0000000000074325
0.9999999999990558
0.9999999999990558
1.0000000000046825
1.000000000008029
1.0000000000034326
0.9999999999965552
0.9999999999933078
0.9999999999923298
0.9999999999979511
0.9999999999920668
0.999999999995826
0.9999999999916884
0.999999999997739
1.0000000000068374
1.0000000000034728
1.0000000000085632
1.0000000000020048
1.000000000004233
0.9999999999911713
0.9999999999941929
1.0000000000000357
0.999999999982841
1.0000000000000364
0.9999999999941932
0.999999999991172
1.0000000000042335
1.0000000000020055
1.0000000000085636
1.0000000000034734
1.0000000000068379
0.9999999999977397
0.9999999999916891
0.9999999999958261
0.9999999999920668
0.999999999997951
0.9999999999923297
0.9999999999933077
0.999999999996555
1.0000000000034324
1.000000000008029
1.000000000004683
0.9999999999990558
0.9999999999990558
1.0000000000034361
0.9999999999963253
0.99999999999196
0.9999999999895637
0.9999999999965551
1.0000000000057025
1.0000000000088551
1.000000000002229
0.9999999999869504
0.9999999999916558
0.9999999999909497
1.0000000000004148
0.9999999999957069
1.0000000000018223
1.0000000000101505
1.000000000012897
1.0000000000033795
0.9999999999921847
0.9999999999974346
0.999999999982751
0.9999999999974352
0.9999999999921848
1.00000000000338
1.0000000000128977
1.000000000010151
1.0000000000018228
0.9999999999957071
1.0000000000004152
0.9999999999909501
0.9999999999916561
0.9999999999869507
1.0000000000022293
1.0000000000088551
1.0000000000057028
0.999999999996555
0.9999999999895639
0.9999999999919599
0.999999999996326
1.0000000000034361
0.9999999999990558
0.9999999999990558
0.9999999999956376
0.9999999999899492
0.9999999999817735
0.9999999999919598
1.0000000000034328
1.0000000000179161
1.0000000000123657
1.0000000000089404
0.9999999999995134
0.9999999999939713
0.9999999999860263
0.9999999999874642
0.9999999999943349
0.9999999999979842
1.0000000000095661
1.0000000000203004
1.0000000000120945
0.9999999999975963
0.999999999992357
0.9999999999867362
0.9999999999923572
0.9999999999975963
1.000000000012095
1.0000000000203009
1.0000000000095666
0.9999999999979843
0.9999999999943354
0.9999999999874647
0.9999999999860265
0.9999999999939714
0.9999999999995133
1.0000000000089408
1.0000000000123654
1.0000000000179161
1.0000000000034321
0.9999999999919602
0.9999999999817735
0.9999999999899489
0.9999999999956376
0.9999999999990558
0.9999999999990558
0.9999999999894714
0.999999999983539
0.999999999989949
0.9999999999963257
1.000000000008029
1.0000000000119145
1.0000000000198699
1.0000000000115246
1.0000000000075642
0.9999999999961159
0.9999999999919323
0.9999999999816114
0.9999999999893417
1.000000000000848
1.000000000012277
1.0000000000168112
1.0000000000126459
1.0000000000032465
0.9999999999949138
0.9999999999848445
0.9999999999949138
1.000000000003247
1.000000000012646
1.0000000000168112
1.0000000000122775
1.0000000000008482
0.999999999989342
0.9999999999816114
0.9999999999919326
0.9999999999961163
1.0000000000075642
1.0000000000115246
1.0000000000198699
1.0000000000119142
1.0000000000080287
0.9999999999963256
0.999999999989949
0.999999999983539
0.9999999999894718
0.9999999999990558
0.9999999999990558
0.9999999999890997
0.9999999999894714
0.9999999999956377
1.0000000000034361
1.0000000000046827
1.0000000000074325
1.0000000000098541
1.0000000000132871
1.000000000006404
0.999999999998599
0.9999999999907333
0.9999999999932311
0.9999999999932911
0.9999999999999255
1.0000000000048548
1.0000000000152796
1.000000000008548
0.9999999999990121
0.9999999999967737
0.9999999999959551
0.999999999996774
0.9999999999990121
1.0000000000085483
1.00000000001528
1.000000000004855
0.9999999999999256
0.9999999999932914
0.9999999999932312
0.9999999999907334
0.9999999999985989
1.0000000000064042
1.000000000013287
1.0000000000098543
1.0000000000074323
1.0000000000046827
1.000000000003436
0.999999999995638
0.9999999999894714
0.9999999999890996
0.9999999999990558
0.9999999999990558
0.9999999999990558
0.9999999999990558
0.9999999999990558
0.9999999999990558
0.9999999999990558
0.9999999999990558
0.9999999999990558
0.9999999999990558
0.9999999999990558
0.9999999999990558
0.9999999999990558
0.9999999999990558
0.9999999999990558
0.9999999999990558
0.9999999999990558
0.9999999999990558
0.9999999999990558
0.9999999999990558
0.9999999999990558
0.9999999999990558
0.9999999999990558
0.9999999999990558
0.9999999999990558
0.9999999999990558
0.9999999999990558
0.9999999999990558
0.9999999999990558
0.9999999999990558
0.9999999999990558
0.9999999999990558
0.9999999999990558
0.9999999999990558
0.9999999999990558
0.9999999999990558
0.9999999999990558
0.9999999999990558
0.9999999999990558
0.9999999999990558
0.9999999999990558
0.9999999999990558
