1.0
1.0
1.0
1.0
1.0
1.0
1.0
1.0
1.0
1.0
1.0
1.0
1.0
1.0
1.0
1.0
1.0
1.0
1.0
1.0
1.0
1.0
1.0
1.0
1.0
1.0
1.0
1.0
1.0
1.0
1.0
1.0
1.0
1.0
1.0
1.0
1.0
1.0
1.0
1.0
1.0
1.0
0.9999709231274476
0.999927057440691
0.9999080331387984
0.9998571696025572
0.9998473664661318
0.9997912390756933
0.999789946339765
0.9997308422385064
0.9997375188589839
0.9996771639703157
0.9996915661023117
0.9996314201653974
0.9996532835502194
0.9995946860739222
0.9996236633548071
0.9995678179679958
0.9996034785405767
0.9995514411056196
0.9995932540240969
0.9995459389883592
0.9995932540240974
0.9995514411056192
0.9996034785405766
0.9995678179679954
0.9996236633548069
0.9995946860739224
0.9996532835502188
0.9996314201653979
0.9996915661023106
0.999677163970317
0.999737518858983
0.9997308422385074
0.9997899463397645
0.9997912390756944
0.9998473664661319
0.999857169602558
0.9999080331387985
0.9999270574406909
0.9999709231274481
1.0
1.0
0.9999270574406913
0.9998678270608151
0.9997937874950071
0.9997364917308992
0.9996655610393795
0.9996108898601477
0.9995464728580518
0.999494189408965
0.9994388211682336
0.9993898347581515
0.9993449087112117
0.999300572641333
0.9992669548396315
0.999228668438014
0.9992068137369664
0.9991759576593262
0.99916590717709
0.9991437865945745
0.9991452064293862
0.9991329718440781
0.9991452064293858
0.9991437865945749
0.9991659071770894
0.9991759576593264
0.9992068137369656
0.999228668438014
0.9992669548396316
0.9993005726413324
0.999344908711212
0.9993898347581512
0.9994388211682342
0.9994941894089652
0.9995464728580521
0.9996108898601476
0.9996655610393804
0.9997364917308994
0.9997937874950078
0.9998678270608157
0.9999270574406911
1.0
1.0
0.9999080331387974
0.9997937874950077
0.9997103362182103
0.9995960503643121
0.9995200826994436
0.9994091155548009
0.9993405516678908
0.9992375237926099
0.9991770405903652
0.9990847227317153
0.9990340211895261
0.998954283200307
0.998915081888202
0.9988493871092459
0.998823181308303
0.9987725825186772
0.9987606155277177
0.9987257351032972
0.9987289411307778
0.998709990329624
0.9987289411307784
0.9987257351032968
0.9987606155277173
0.9987725825186766
0.9988231813083029
0.9988493871092453
0.9989150818882021
0.998954283200307
0.9990340211895259
0.999084722731716
0.9991770405903649
0.9992375237926108
0.9993405516678909
0.9994091155548023
0.9995200826994434
0.9995960503643135
0.9997103362182106
0.9997937874950076
0.9999080331387981
1.0
1.0
0.9998571696025584
0.9997364917308991
0.9995960503643121
0.9994753123199391
0.9993440520535372
0.9992263415761208
0.9991092716942845
0.9989956922910558
0.9988964552369833
0.9987899477204533
0.9987103696656642
0.9986143192275908
0.9985556113218222
0.9984730735413899
0.9984360417930391
0.998369653398161
0.9983546315335162
0.9983065810206004
0.9983134097867217
0.9982853862749619
0.9983134097867211
0.9983065810206007
0.9983546315335163
0.9983696533981609
0.9984360417930389
0.9984730735413903
0.9985556113218225
0.9986143192275906
0.9987103696656647
0.998789947720453
0.9988964552369831
0.9989956922910561
0.9991092716942851
0.9992263415761209
0.9993440520535379
0.9994753123199387
0.9995960503643131
0.9997364917308992
0.9998571696025584
1.0
1.0
0.9998473664661311
0.9996655610393796
0.9995200826994437
0.9993440520535369
0.9992061861206707
0.999039034301505
0.998910984826768
0.9987582080380971
0.9986428383251872
0.9985075452253921
0.9984087844773869
0.9982931673099958
0.9982144547083152
0.9981205270111753
0.9980644801686916
0.9979939967989857
0.9979624571981529
0.9979167726767298
0.9979108297666609
0.9978908113729078
0.9979108297666616
0.9979167726767291
0.9979624571981537
0.9979939967989846
0.9980644801686928
0.998120527011174
0.998214454708316
0.998293167309996
0.998408784477387
0.9985075452253924
0.9986428383251877
0.9987582080380975
0.9989109848267685
0.9990390343015055
0.9992061861206719
0.9993440520535375
0.999520082699444
0.9996655610393805
0.9998473664661313
1.0
1.0
0.9997912390756942
0.9996108898601473
0.9994091155548012
0.9992263415761208
0.9990390343015052
0.9988610524053065
0.9986931243850197
0.9985235445107296
0.9983788686132592
0.9982230264845069
0.9981036591179688
0.9979668285143994
0.9978745310126584
0.9977609693228873
0.9976973762888759
0.9976103212647474
0.9975767096443199
0.9975184730167123
0.9975155985867518
0.9974876122684451
0.9975155985867514
0.9975184730167125
0.9975767096443194
0.9976103212647477
0.9976973762888751
0.9977609693228888
0.9978745310126574
0.9979668285143998
0.9981036591179693
0.998223026484507
0.9983788686132595
0.9985235445107299
0.9986931243850201
0.9988610524053073
0.999039034301505
0.9992263415761216
0.9994091155548017
0.999610889860148
0.999791239075694
1.0
1.0
0.9997899463397648
0.9995464728580521
0.999340551667891
0.9991092716942848
0.9989109848267675
0.9986931243850203
0.9985081300113532
0.9983091514163329
0.9981427757785262
0.9979660263347219
0.9978241434077979
0.9976723892324234
0.99755970991348
0.9974358502452195
0.9973556698657295
0.9972624743203522
0.9972168697172218
0.9971566625431637
0.9971466285621833
0.9971210920988789
0.9971466285621834
0.9971566625431633
0.9972168697172217
0.997262474320352
0.9973556698657298
0.9974358502452185
0.9975597099134808
0.9976723892324234
0.9978241434077985
0.9979660263347228
0.9981427757785271
0.9983091514163328
0.9985081300113545
0.9986931243850199
0.9989109848267687
0.9991092716942848
0.9993405516678913
0.9995464728580523
0.9997899463397647
1.0
1.0
0.9997308422385068
0.9994941894089651
0.9992375237926098
0.998995692291056
0.9987582080380975
0.9985235445107294
0.9983091514163324
0.9980879839017548
0.997900805889883
0.9977003450213384
0.9975431331786915
0.9973698792967822
0.9972453840836951
0.9971042948701584
0.9970152325439705
0.9969098850779269
0.9968585137426943
0.9967913241641112
0.9967791621121646
0.9967514817123466
0.9967791621121646
0.9967913241641114
0.9968585137426943
0.9969098850779267
0.9970152325439705
0.9971042948701586
0.9972453840836948
0.9973698792967824
0.9975431331786919
0.9977003450213384
0.997900805889884
0.9980879839017555
0.9983091514163327
0.9985235445107309
0.9987582080380972
0.9989956922910571
0.99923752379261
0.9994941894089654
0.9997308422385068
1.0
1.0
0.9997375188589834
0.9994388211682337
0.9991770405903654
0.9988964552369832
0.9986428383251874
0.9983788686132591
0.9981427757785271
0.9979008058898834
0.997689428982376
0.9974736353292372
0.997293929020544
0.9971082371993492
0.9969655409785735
0.9968140413292512
0.9967120235904691
0.9965985094870355
0.9965394885273471
0.9964670204173992
0.9964521485911177
0.9964228274590522
0.9964521485911176
0.9964670204173992
0.9965394885273471
0.9965985094870359
0.9967120235904683
0.996814041329251
0.9969655409785734
0.9971082371993498
0.9972939290205444
0.9974736353292385
0.9976894289823759
0.9979008058898845
0.9981427757785268
0.99837886861326
0.9986428383251877
0.9988964552369834
0.9991770405903653
0.999438821168234
0.9997375188589834
1.0
1.0
0.9996771639703154
0.9993898347581518
0.9990847227317146
0.998789947720454
0.9985075452253919
0.9982230264845081
0.9979660263347211
0.9977003450213386
0.9974736353292369
0.9972349550322771
0.9970426321069966
0.9968379276941234
0.9966840851263142
0.9965186457563843
0.9964071018659286
0.9962848053117959
0.9962185809377561
0.9961421426062693
0.9961231554470513
0.9960941909667406
0.9961231554470518
0.9961421426062691
0.9962185809377563
0.9962848053117952
0.9964071018659292
0.996518645756384
0.9966840851263148
0.9968379276941235
0.9970426321069972
0.9972349550322778
0.997473635329238
0.9977003450213388
0.9979660263347228
0.9982230264845079
0.9985075452253926
0.9987899477204543
0.9990847227317158
0.9993898347581514
0.9996771639703159
1.0
1.0
0.9996915661023112
0.9993449087112122
0.9990340211895267
0.9987103696656646
0.9984087844773875
0.998103659117969
0.9978241434077989
0.9975431331786914
0.9972939290205447
0.997042632106997
0.9968309879784405
0.9966148503402507
0.9964463253502925
0.9962706406076287
0.9961492050186617
0.9960185811309953
0.9959469191603288
0.9958648539461166
0.9958444955127603
0.9958131947082398
0.9958444955127601
0.9958648539461162
0.9959469191603292
0.996018581130996
0.9961492050186612
0.9962706406076285
0.9964463253502928
0.996614850340251
0.9968309879784413
0.9970426321069973
0.9972939290205446
0.9975431331786923
0.9978241434077982
0.9981036591179696
0.9984087844773876
0.9987103696656646
0.9990340211895269
0.9993449087112122
0.9996915661023117
1.0
1.0
0.9996314201653977
0.9993005726413327
0.9989542832003067
0.9986143192275917
0.998293167309996
0.9979668285144003
0.9976723892324232
0.9973698792967832
0.9971082371993488
0.9968379276941237
0.9966148503402507
0.9963837607622754
0.9962046733266746
0.9960183415487025
0.9958879307650156
0.995750628705785
0.9956723993320642
0.9955872722430622
0.995563315477999
0.9955323605636333
0.9955633154779991
0.9955872722430623
0.9956723993320636
0.9957506287057845
0.9958879307650156
0.9960183415487034
0.9962046733266742
0.9963837607622762
0.9966148503402508
0.9968379276941243
0.9971082371993496
0.9973698792967832
0.9976723892324239
0.9979668285144011
0.9982931673099958
0.9986143192275918
0.9989542832003074
0.9993005726413327
0.9996314201653975
1.0
1.0
0.9996532835502189
0.999266954839632
0.998915081888203
0.9985556113218224
0.9982144547083164
0.9978745310126587
0.9975597099134815
0.997245384083695
0.9969655409785746
0.9966840851263147
0.996446325350293
0.9962046733266747
0.9960146769062638
0.995819059075018
0.9956811857153017
0.9955367201442868
0.9954541188832107
0.9953645338846909
0.9953391451978091
0.9953066721951985
0.9953391451978091
0.9953645338846906
0.9954541188832113
0.9955367201442874
0.9956811857153015
0.9958190590750174
0.9960146769062643
0.9962046733266746
0.9964463253502936
0.9966840851263152
0.9969655409785744
0.9972453840836955
0.9975597099134811
0.9978745310126581
0.9982144547083163
0.9985556113218227
0.9989150818882023
0.9992669548396325
0.999653283550219
1.0
1.0
0.9995946860739229
0.9992286684380136
0.9988493871092459
0.9984730735413908
0.9981205270111753
0.9977609693228886
0.9974358502452191
0.9971042948701593
0.9968140413292514
0.996518645756384
0.996270640607629
0.9960183415487022
0.9958190590750184
0.9956157155190584
0.9954703723487842
0.9953207446692415
0.9952330930310981
0.9951407670961951
0.9951129947760358
0.9950802711574394
0.995112994776036
0.9951407670961963
0.9952330930310974
0.9953207446692408
0.9954703723487847
0.9956157155190595
0.9958190590750179
0.9960183415487036
0.9962706406076292
0.9965186457563844
0.9968140413292519
0.9971042948701588
0.99743585024522
0.9977609693228887
0.9981205270111755
0.9984730735413904
0.9988493871092469
0.9992286684380133
0.9995946860739233
1.0
1.0
0.9996236633548072
0.9992068137369663
0.9988231813083039
0.998436041793039
0.9980644801686933
0.9976973762888762
0.9973556698657307
0.9970152325439714
0.9967120235904694
0.9964071018659298
0.9961492050186613
0.995887930765017
0.9956811857153011
0.9954703723487848
0.9953196075639168
0.995164611442194
0.9950734514484344
0.994978115026746
0.9949488270248404
0.9949154391375596
0.9949488270248403
0.9949781150267463
0.9950734514484347
0.9951646114421953
0.9953196075639168
0.9954703723487843
0.9956811857153018
0.9958879307650164
0.9961492050186621
0.9964071018659296
0.9967120235904701
0.9970152325439711
0.9973556698657307
0.9976973762888762
0.9980644801686926
0.9984360417930392
0.998823181308303
0.9992068137369676
0.9996236633548066
1.0
1.0
0.9995678179679958
0.9991759576593265
0.9987725825186762
0.9983696533981626
0.9979939967989848
0.9976103212647488
0.997262474320352
0.9969098850779274
0.9965985094870358
0.9962848053117956
0.9960185811309962
0.9957506287057843
0.995536720144288
0.9953207446692414
0.9951646114421938
0.99500585818961
0.9949113452064852
0.9948137634737917
0.9947831361426807
0.9947492013429112
0.9947831361426809
0.9948137634737922
0.9949113452064858
0.9950058581896088
0.9951646114421954
0.9953207446692417
0.9955367201442884
0.9957506287057852
0.9960185811309966
0.9962848053117958
0.9965985094870359
0.996909885077928
0.9972624743203521
0.997610321264749
0.9979939967989857
0.9983696533981624
0.9987725825186777
0.9991759576593258
0.9995678179679964
1.0
1.0
0.9996034785405762
0.9991659071770904
0.998760615527718
0.9983546315335167
0.9979624571981534
0.997576709644321
0.9972168697172219
0.9968585137426957
0.9965394885273466
0.996218580937758
0.9959469191603282
0.9956723993320654
0.9954541188832101
0.9952330930310989
0.9950734514484343
0.9949113452064855
0.9948143521198582
0.9947150614450668
0.994683194522942
0.9946490894079586
0.9946831945229421
0.9947150614450665
0.9948143521198586
0.9949113452064872
0.9950734514484343
0.9952330930310989
0.9954541188832109
0.9956723993320649
0.9959469191603293
0.9962185809377577
0.996539488527348
0.9968585137426954
0.9972168697172231
0.9975767096443202
0.997962457198154
0.9983546315335164
0.9987606155277181
0.9991659071770911
0.9996034785405764
1.0
1.0
0.9995514411056194
0.9991437865945746
0.9987257351032969
0.9983065810206011
0.9979167726767302
0.9975184730167125
0.997156662543164
0.9967913241641111
0.9964670204174001
0.996142142606269
0.9958648539461172
0.9955872722430618
0.9953645338846916
0.9951407670961954
0.994978115026746
0.9948137634737918
0.9947150614450659
0.9946143090941435
0.9945818803819041
0.9945472794755876
0.9945818803819044
0.9946143090941446
0.9947150614450663
0.9948137634737909
0.994978115026747
0.995140767096196
0.9953645338846921
0.9955872722430625
0.9958648539461175
0.996142142606269
0.9964670204174003
0.9967913241641121
0.9971566625431636
0.9975184730167138
0.9979167726767304
0.998306581020602
0.9987257351032974
0.9991437865945745
0.9995514411056201
1.0
1.0
0.9995932540240972
0.9991452064293861
0.998728941130779
0.9983134097867215
0.9979108297666619
0.9975155985867522
0.9971466285621838
0.9967791621121659
0.9964521485911176
0.9961231554470527
0.9958444955127599
0.9955633154779997
0.9953391451978085
0.9951129947760362
0.9949488270248409
0.9947831361426804
0.9946831945229424
0.9945818803819042
0.9945487426267048
0.9945142327852154
0.994548742626705
0.9945818803819039
0.9946831945229425
0.9947831361426822
0.9949488270248409
0.9951129947760367
0.9953391451978086
0.9955633154780005
0.9958444955127597
0.9961231554470537
0.9964521485911177
0.9967791621121662
0.9971466285621851
0.9975155985867515
0.9979108297666625
0.9983134097867215
0.9987289411307788
0.999145206429387
0.999593254024097
1.0
1.0
0.9995459389883591
0.9991329718440787
0.9987099903296235
0.9982853862749635
0.9978908113729076
0.9974876122684464
0.9971210920988787
0.9967514817123471
0.9964228274590525
0.9960941909667405
0.99581319470824
0.9955323605636335
0.9953066721951986
0.9950802711574396
0.9949154391375592
0.9947492013429111
0.994649089407958
0.9945472794755874
0.9945142327852151
0.994479422956176
0.9945142327852154
0.9945472794755875
0.9946490894079584
0.99474920134291
0.9949154391375596
0.9950802711574395
0.9953066721951997
0.9955323605636334
0.995813194708241
0.9960941909667403
0.9964228274590534
0.9967514817123472
0.9971210920988787
0.9974876122684473
0.9978908113729079
0.9982853862749634
0.9987099903296243
0.9991329718440781
0.9995459389883593
1.0
1.0
0.9995932540240977
0.9991452064293861
0.9987289411307794
0.9983134097867213
0.9979108297666628
0.9975155985867515
0.9971466285621847
0.9967791621121652
0.996452148591118
0.9961231554470522
0.9958444955127598
0.9955633154779997
0.995339145197808
0.9951129947760364
0.9949488270248401
0.9947831361426811
0.9946831945229421
0.9945818803819046
0.9945487426267048
0.9945142327852153
0.9945487426267048
0.9945818803819042
0.9946831945229421
0.9947831361426823
0.9949488270248404
0.9951129947760365
0.9953391451978084
0.9955633154780004
0.9958444955127601
0.9961231554470533
0.9964521485911179
0.9967791621121656
0.9971466285621851
0.9975155985867511
0.9979108297666626
0.9983134097867215
0.9987289411307788
0.9991452064293869
0.9995932540240972
1.0
1.0
0.9995514411056194
0.9991437865945748
0.9987257351032971
0.9983065810206018
0.9979167726767303
0.9975184730167134
0.9971566625431639
0.9967913241641115
0.9964670204173997
0.9961421426062691
0.995864853946117
0.9955872722430619
0.9953645338846916
0.9951407670961949
0.9949781150267468
0.9948137634737912
0.9947150614450666
0.9946143090941433
0.9945818803819039
0.9945472794755874
0.9945818803819041
0.9946143090941441
0.9947150614450659
0.9948137634737907
0.9949781150267464
0.995140767096196
0.9953645338846918
0.9955872722430622
0.9958648539461171
0.9961421426062689
0.9964670204174
0.9967913241641118
0.9971566625431637
0.9975184730167137
0.9979167726767298
0.9983065810206015
0.9987257351032978
0.9991437865945744
0.9995514411056201
1.0
1.0
0.9996034785405771
0.9991659071770904
0.9987606155277182
0.9983546315335172
0.9979624571981538
0.9975767096443213
0.997216869717222
0.9968585137426956
0.9965394885273475
0.9962185809377572
0.9959469191603287
0.9956723993320648
0.9954541188832099
0.9952330930310985
0.9950734514484337
0.9949113452064857
0.994814352119858
0.9947150614450665
0.9946831945229427
0.994649089407958
0.9946831945229423
0.994715061445066
0.9948143521198584
0.9949113452064868
0.9950734514484344
0.9952330930310981
0.9954541188832106
0.995672399332065
0.9959469191603295
0.9962185809377578
0.9965394885273474
0.9968585137426954
0.9972168697172225
0.9975767096443203
0.9979624571981539
0.9983546315335168
0.998760615527718
0.9991659071770906
0.9996034785405762
1.0
1.0
0.9995678179679953
0.9991759576593264
0.9987725825186774
0.9983696533981617
0.9979939967989868
0.997610321264748
0.9972624743203534
0.9969098850779271
0.9965985094870359
0.9962848053117956
0.9960185811309964
0.9957506287057843
0.9955367201442885
0.9953207446692405
0.9951646114421951
0.9950058581896091
0.9949113452064864
0.9948137634737911
0.994783136142681
0.9947492013429108
0.9947831361426815
0.9948137634737915
0.9949113452064862
0.9950058581896084
0.9951646114421949
0.9953207446692417
0.995536720144288
0.995750628705785
0.9960185811309956
0.9962848053117959
0.996598509487036
0.9969098850779275
0.9972624743203525
0.9976103212647484
0.9979939967989857
0.9983696533981621
0.9987725825186774
0.9991759576593267
0.9995678179679961
1.0
1.0
0.9996236633548077
0.9992068137369666
0.9988231813083037
0.99843604179304
0.9980644801686926
0.9976973762888767
0.9973556698657308
0.9970152325439711
0.9967120235904702
0.9964071018659288
0.996149205018662
0.9958879307650159
0.9956811857153012
0.9954703723487839
0.9953196075639169
0.995164611442194
0.9950734514484344
0.9949781150267463
0.9949488270248418
0.9949154391375591
0.9949488270248406
0.9949781150267462
0.9950734514484351
0.9951646114421951
0.9953196075639181
0.9954703723487838
0.9956811857153024
0.9958879307650161
0.9961492050186628
0.9964071018659292
0.9967120235904704
0.9970152325439704
0.9973556698657313
0.9976973762888757
0.9980644801686933
0.9984360417930391
0.9988231813083036
0.9992068137369663
0.9996236633548073
1.0
1.0
0.9995946860739225
0.9992286684380142
0.9988493871092469
0.9984730735413904
0.9981205270111759
0.9977609693228892
0.99743585024522
0.9971042948701593
0.996814041329251
0.9965186457563848
0.9962706406076292
0.9960183415487027
0.9958190590750183
0.9956157155190587
0.9954703723487842
0.9953207446692411
0.9952330930310991
0.9951407670961956
0.9951129947760359
0.9950802711574399
0.9951129947760365
0.995140767096196
0.9952330930310982
0.9953207446692408
0.9954703723487845
0.9956157155190596
0.995819059075019
0.9960183415487028
0.9962706406076295
0.9965186457563843
0.9968140413292519
0.997104294870159
0.9974358502452199
0.9977609693228884
0.9981205270111757
0.9984730735413901
0.998849387109247
0.9992286684380141
0.9995946860739231
1.0
1.0
0.9996532835502197
0.9992669548396318
0.9989150818882031
0.9985556113218231
0.9982144547083169
0.9978745310126587
0.9975597099134814
0.9972453840836958
0.996965540978575
0.996684085126315
0.996446325350293
0.9962046733266753
0.9960146769062636
0.9958190590750181
0.9956811857153014
0.9955367201442875
0.9954541188832102
0.9953645338846918
0.9953391451978091
0.9953066721951993
0.9953391451978089
0.9953645338846916
0.9954541188832113
0.9955367201442891
0.9956811857153021
0.995819059075019
0.9960146769062642
0.9962046733266755
0.9964463253502932
0.9966840851263159
0.9969655409785744
0.9972453840836963
0.997559709913481
0.9978745310126591
0.998214454708316
0.9985556113218231
0.9989150818882029
0.9992669548396317
0.9996532835502195
1.0
1.0
0.9996314201653971
0.9993005726413331
0.9989542832003078
0.9986143192275917
0.998293167309997
0.9979668285144008
0.997672389232425
0.9973698792967824
0.99710823719935
0.9968379276941238
0.9966148503402518
0.9963837607622751
0.9962046733266755
0.9960183415487024
0.9958879307650164
0.9957506287057846
0.9956723993320654
0.9955872722430621
0.9955633154779997
0.9955323605636334
0.9955633154779999
0.995587272243063
0.9956723993320648
0.9957506287057849
0.9958879307650165
0.9960183415487037
0.9962046733266752
0.9963837607622773
0.996614850340251
0.9968379276941247
0.9971082371993498
0.9973698792967837
0.9976723892324239
0.997966828514401
0.9982931673099961
0.9986143192275919
0.9989542832003071
0.9993005726413335
0.9996314201653973
1.0
1.0
0.9996915661023119
0.9993449087112116
0.9990340211895274
0.9987103696656651
0.9984087844773881
0.9981036591179703
0.997824143407799
0.9975431331786928
0.997293929020545
0.997042632106998
0.9968309879784403
0.9966148503402521
0.9964463253502922
0.9962706406076295
0.9961492050186611
0.9960185811309968
0.9959469191603276
0.9958648539461179
0.9958444955127601
0.9958131947082414
0.9958444955127601
0.9958648539461175
0.9959469191603292
0.9960185811309973
0.9961492050186628
0.9962706406076296
0.9964463253502939
0.9966148503402519
0.9968309879784417
0.9970426321069986
0.9972939290205451
0.9975431331786937
0.9978241434077989
0.9981036591179702
0.9984087844773873
0.9987103696656654
0.999034021189527
0.9993449087112124
0.9996915661023117
1.0
1.0
0.9996771639703159
0.9993898347581526
0.9990847227317151
0.998789947720455
0.9985075452253931
0.9982230264845082
0.9979660263347235
0.9977003450213393
0.9974736353292387
0.9972349550322778
0.9970426321069985
0.9968379276941222
0.9966840851263158
0.9965186457563836
0.9964071018659301
0.9962848053117949
0.9962185809377587
0.9961421426062685
0.9961231554470527
0.99609419096674
0.9961231554470531
0.9961421426062697
0.9962185809377578
0.9962848053117964
0.9964071018659296
0.9965186457563858
0.9966840851263156
0.996837927694125
0.9970426321069981
0.9972349550322783
0.997473635329239
0.997700345021339
0.9979660263347232
0.9982230264845084
0.9985075452253932
0.9987899477204543
0.9990847227317158
0.9993898347581518
0.999677163970316
1.0
1.0
0.9997375188589841
0.9994388211682331
0.9991770405903667
0.9988964552369832
0.998642838325189
0.9983788686132601
0.9981427757785283
0.9979008058898838
0.9976894289823773
0.9974736353292375
0.997293929020545
0.9971082371993502
0.9969655409785743
0.9968140413292512
0.99671202359047
0.996598509487036
0.9965394885273473
0.9964670204173998
0.9964521485911192
0.9964228274590532
0.9964521485911186
0.9964670204173992
0.9965394885273489
0.9965985094870359
0.9967120235904715
0.9968140413292513
0.9969655409785754
0.9971082371993499
0.997293929020546
0.9974736353292389
0.9976894289823773
0.9979008058898851
0.9981427757785278
0.9983788686132596
0.9986428383251881
0.9988964552369839
0.999177040590366
0.9994388211682341
0.9997375188589839
1.0
1.0
0.9997308422385068
0.9994941894089657
0.9992375237926105
0.9989956922910569
0.9987582080380984
0.9985235445107304
0.9983091514163335
0.9980879839017561
0.9979008058898843
0.997700345021339
0.9975431331786929
0.997369879296782
0.997245384083696
0.9971042948701586
0.9970152325439711
0.9969098850779272
0.9968585137426961
0.9967913241641116
0.9967791621121652
0.9967514817123472
0.9967791621121657
0.9967913241641122
0.9968585137426952
0.9969098850779281
0.997015232543971
0.9971042948701602
0.9972453840836962
0.9973698792967839
0.9975431331786926
0.9977003450213392
0.9979008058898848
0.9980879839017557
0.9983091514163339
0.9985235445107309
0.9987582080380982
0.9989956922910566
0.9992375237926107
0.9994941894089653
0.9997308422385067
1.0
1.0
0.9997899463397645
0.9995464728580525
0.9993405516678915
0.9991092716942856
0.9989109848267688
0.9986931243850211
0.9985081300113551
0.9983091514163333
0.9981427757785276
0.9979660263347228
0.9978241434077987
0.9976723892324246
0.9975597099134803
0.9974358502452201
0.9973556698657301
0.9972624743203529
0.9972168697172216
0.9971566625431642
0.9971466285621846
0.9971210920988793
0.9971466285621844
0.9971566625431642
0.9972168697172228
0.9972624743203531
0.9973556698657315
0.9974358502452201
0.9975597099134816
0.9976723892324239
0.9978241434078
0.997966026334723
0.9981427757785284
0.9983091514163333
0.9985081300113552
0.9986931243850202
0.9989109848267687
0.9991092716942851
0.9993405516678916
0.9995464728580525
0.9997899463397651
1.0
1.0
0.9997912390756947
0.9996108898601479
0.9994091155548015
0.9992263415761218
0.9990390343015056
0.9988610524053079
0.9986931243850203
0.9985235445107307
0.9983788686132598
0.9982230264845082
0.9981036591179695
0.9979668285144003
0.9978745310126583
0.9977609693228886
0.9976973762888757
0.9976103212647487
0.9975767096443202
0.9975184730167138
0.9975155985867514
0.9974876122684472
0.9975155985867519
0.9975184730167139
0.9975767096443204
0.9976103212647488
0.9976973762888763
0.9977609693228897
0.9978745310126589
0.9979668285144018
0.9981036591179693
0.9982230264845088
0.9983788686132596
0.9985235445107307
0.9986931243850206
0.9988610524053075
0.9990390343015055
0.9992263415761218
0.9994091155548019
0.9996108898601478
0.9997912390756944
1.0
1.0
0.9998473664661309
0.9996655610393804
0.9995200826994443
0.9993440520535379
0.9992061861206718
0.9990390343015061
0.9989109848267691
0.9987582080380978
0.998642838325188
0.9985075452253925
0.9984087844773876
0.998293167309996
0.9982144547083163
0.9981205270111745
0.9980644801686934
0.9979939967989848
0.9979624571981544
0.9979167726767297
0.9979108297666626
0.9978908113729079
0.997910829766662
0.9979167726767305
0.9979624571981541
0.9979939967989864
0.9980644801686932
0.9981205270111757
0.9982144547083169
0.9982931673099958
0.9984087844773888
0.9985075452253928
0.9986428383251884
0.9987582080380981
0.9989109848267687
0.9990390343015055
0.9992061861206718
0.9993440520535375
0.999520082699444
0.9996655610393803
0.9998473664661314
1.0
1.0
0.9998571696025587
0.9997364917308992
0.9995960503643133
0.999475312319939
0.9993440520535388
0.999226341576121
0.9991092716942853
0.9989956922910566
0.9988964552369842
0.9987899477204535
0.9987103696656654
0.998614319227591
0.9985556113218231
0.9984730735413901
0.9984360417930392
0.9983696533981614
0.9983546315335172
0.998306581020601
0.9983134097867222
0.998285386274963
0.9983134097867227
0.9983065810206009
0.9983546315335177
0.998369653398162
0.9984360417930395
0.9984730735413909
0.9985556113218229
0.9986143192275928
0.9987103696656643
0.9987899477204547
0.9988964552369834
0.9989956922910572
0.9991092716942852
0.9992263415761218
0.9993440520535372
0.9994753123199397
0.9995960503643124
0.9997364917308994
0.9998571696025582
1.0
1.0
0.9999080331387978
0.9997937874950076
0.9997103362182107
0.9995960503643134
0.9995200826994438
0.9994091155548025
0.9993405516678919
0.9992375237926103
0.9991770405903653
0.9990847227317156
0.9990340211895266
0.9989542832003072
0.9989150818882021
0.9988493871092461
0.9988231813083039
0.9987725825186767
0.9987606155277183
0.9987257351032971
0.9987289411307791
0.9987099903296235
0.9987289411307793
0.9987257351032975
0.9987606155277183
0.9987725825186772
0.9988231813083044
0.9988493871092463
0.998915081888203
0.9989542832003067
0.9990340211895276
0.999084722731715
0.9991770405903666
0.9992375237926101
0.999340551667892
0.9994091155548016
0.9995200826994441
0.9995960503643125
0.9997103362182109
0.9997937874950075
0.9999080331387981
1.0
1.0
0.9999270574406911
0.9998678270608157
0.9997937874950078
0.9997364917308986
0.9996655610393811
0.9996108898601477
0.9995464728580528
0.9994941894089652
0.9994388211682347
0.9993898347581511
0.9993449087112125
0.9993005726413324
0.9992669548396323
0.9992286684380137
0.9992068137369664
0.9991759576593265
0.9991659071770909
0.9991437865945744
0.9991452064293865
0.999132971844079
0.9991452064293865
0.9991437865945745
0.9991659071770909
0.999175957659326
0.999206813736967
0.999228668438014
0.999266954839632
0.9993005726413335
0.9993449087112118
0.9993898347581515
0.9994388211682341
0.9994941894089655
0.9995464728580523
0.999610889860148
0.99966556103938
0.9997364917308995
0.9997937874950069
0.9998678270608158
0.9999270574406911
1.0
1.0
0.9999709231274477
0.9999270574406911
0.999908033138798
0.9998571696025588
0.9998473664661309
0.9997912390756948
0.9997899463397649
0.9997308422385072
0.9997375188589833
0.9996771639703161
0.9996915661023117
0.999631420165397
0.9996532835502194
0.9995946860739221
0.9996236633548079
0.999567817967995
0.999603478540577
0.9995514411056192
0.9995932540240977
0.9995459389883588
0.9995932540240974
0.99955144110562
0.9996034785405763
0.9995678179679965
0.9996236633548069
0.9995946860739233
0.9996532835502188
0.9996314201653977
0.9996915661023109
0.9996771639703167
0.9997375188589832
0.9997308422385074
0.9997899463397644
0.9997912390756946
0.9998473664661311
0.9998571696025583
0.9999080331387981
0.9999270574406912
0.9999709231274476
1.0
1.0
1.0
1.0
1.0
1.0
1.0
1.0
1.0
1.0
1.0
1.0
1.0
1.0
1.0
1.0
1.0
1.0
1.0
1.0
1.0
1.0
1.0
1.0
1.0
1.0
1.0
1.0
1.0
1.0
1.0
1.0
1.0
1.0
1.0
1.0
1.0
1.0
1.0
1.0
1.0
1.0
