1.0
1.0
1.0
1.0
1.0
1.0
1.0
1.0
1.0
1.0
1.0
1.0
1.0
1.0
1.0
1.0
1.0
1.0
1.0
1.0
1.0
1.0
1.0
1.0
1.0
1.0
1.0
1.0
1.0
1.0
1.0
1.0
1.0
1.0
1.0
1.0
1.0
1.0
1.0
1.0
1.0
1.0
0.9999999955513559
0.9999999911301392
0.9999999867636079
0.9999999824786836
0.9999999783017838
0.999999974258661
0.999999970374242
0.9999999666724758
0.9999999631761849
0.9999999599069248
0.9999999568848523
0.9999999541285988
0.9999999516551575
0.9999999494797784
0.9999999476158731
0.9999999460749336
0.9999999448664598
0.9999999439979027
0.9999999434746173
0.9999999432998294
0.9999999434746172
0.9999999439979027
0.9999999448664595
0.9999999460749333
0.9999999476158729
0.9999999494797779
0.9999999516551571
0.9999999541285984
0.9999999568848522
0.9999999599069251
0.9999999631761852
0.9999999666724761
0.9999999703742422
0.9999999742586614
0.9999999783017844
0.999999982478684
0.9999999867636082
0.9999999911301393
0.9999999955513559
1.0
1.0
0.999999991130139
0.9999999823149638
0.9999999736088228
0.9999999650653919
0.9999999567373447
0.9999999486760263
0.999999940931137
0.999999933550427
0.9999999265794008
0.9999999200610371
0.9999999140355235
0.9999999085400096
0.9999999036083768
0.9999998992710304
0.9999998955547117
0.9999998924823329
0.9999998900728362
0.999999888341077
0.9999998872977323
0.9999998869492345
0.9999998872977323
0.999999888341077
0.9999998900728359
0.9999998924823326
0.9999998955547114
0.9999998992710302
0.9999999036083765
0.9999999085400093
0.9999999140355235
0.9999999200610371
0.9999999265794012
0.9999999335504274
0.9999999409311374
0.9999999486760267
0.9999999567373451
0.9999999650653925
0.9999999736088232
0.9999999823149641
0.9999999911301393
1.0
1.0
0.999999986763608
0.9999999736088228
0.9999999606167478
0.9999999478674838
0.9999999354396343
0.9999999234098208
0.9999999118522113
0.999999900838062
0.9999998904352793
0.9999998807079994
0.9999998717161943
0.9999998635153017
0.9999998561558825
0.9999998496833102
0.9999998441374902
0.9999998395526145
0.99999983595695
0.9999998333726657
0.9999998318156942
0.999999831295635
0.9999998318156942
0.9999998333726656
0.9999998359569499
0.9999998395526141
0.9999998441374899
0.9999998496833099
0.9999998561558824
0.9999998635153016
0.9999998717161943
0.9999998807079995
0.9999998904352794
0.9999999008380623
0.9999999118522117
0.9999999234098211
0.9999999354396348
0.9999999478674844
0.9999999606167483
0.999999973608823
0.9999999867636084
1.0
1.0
0.9999999824786836
0.999999965065392
0.9999999478674839
0.9999999309909902
0.99999991453996
0.9999998986158193
0.9999998833167458
0.9999998687370634
0.9999998549666606
0.9999998420904366
0.9999998301877776
0.9999998193320675
0.9999998095902352
0.9999998010223423
0.999999793681213
0.9999997876121075
0.999999782852444
0.9999997794315673
0.9999997773705682
0.9999997766821539
0.9999997773705683
0.9999997794315673
0.9999997828524436
0.9999997876121071
0.9999997936812126
0.9999998010223421
0.999999809590235
0.9999998193320673
0.9999998301877776
0.9999998420904367
0.9999998549666608
0.9999998687370637
0.9999998833167462
0.9999998986158196
0.9999999145399604
0.9999999309909906
0.9999999478674845
0.9999999650653926
0.9999999824786839
1.0
1.0
0.999999978301784
0.9999999567373448
0.9999999354396344
0.99999991453996
0.9999998941671752
0.9999998744468851
0.9999998555006715
0.9999998374453445
0.9999998203922208
0.9999998044464389
0.9999997897063096
0.9999997762627111
0.9999997641985273
0.999999753588138
0.9999997444969596
0.9999997369810426
0.9999997310867247
0.9999997268503465
0.999999724298027
0.9999997234455018
0.999999724298027
0.9999997268503465
0.9999997310867244
0.999999736981042
0.9999997444969594
0.9999997535881379
0.9999997641985272
0.9999997762627111
0.9999997897063096
0.9999998044464389
0.999999820392221
0.9999998374453446
0.9999998555006719
0.9999998744468855
0.9999998941671758
0.9999999145399605
0.9999999354396348
0.9999999567373453
0.9999999783017842
1.0
1.0
0.9999999742586612
0.9999999486760264
0.9999999234098209
0.9999998986158193
0.999999874446885
0.9999998510520274
0.9999998285754835
0.9999998071558288
0.9999997869251226
0.999999768008094
0.9999997505213725
0.9999997345727696
0.999999720260614
0.9999997076731445
0.9999996968879675
0.9999996879715769
0.9999996809789452
0.9999996759531845
0.9999996729252801
0.9999996719139
0.9999996729252801
0.9999996759531843
0.999999680978945
0.9999996879715766
0.9999996968879673
0.9999997076731445
0.999999720260614
0.9999997345727697
0.9999997505213726
0.9999997680080941
0.9999997869251228
0.9999998071558291
0.999999828575484
0.9999998510520278
0.9999998744468854
0.9999998986158198
0.9999999234098215
0.9999999486760268
0.9999999742586614
1.0
1.0
0.9999999703742422
0.9999999409311372
0.9999999118522113
0.999999883316746
0.9999998555006716
0.9999998285754835
0.9999998027071848
0.9999997780552617
0.9999997547717019
0.9999997330000562
0.9999997128745538
0.9999996945192752
0.999999678047387
0.9999996635604436
0.9999996511477619
0.9999996408858702
0.9999996328380367
0.9999996270538787
0.9999996235690575
0.9999996224050584
0.9999996235690575
0.9999996270538786
0.9999996328380366
0.9999996408858702
0.9999996511477617
0.9999996635604435
0.9999996780473869
0.9999996945192752
0.9999997128745539
0.9999997330000563
0.9999997547717022
0.9999997780552621
0.9999998027071852
0.999999828575484
0.9999998555006719
0.9999998833167464
0.9999999118522117
0.9999999409311375
0.9999999703742425
1.0
1.0
0.9999999666724759
0.9999999335504273
0.9999999008380622
0.9999998687370636
0.9999998374453446
0.999999807155829
0.9999997780552617
0.9999997503230578
0.9999997241301953
0.9999996996381616
0.9999996769979589
0.9999996563491712
0.9999996378191048
0.9999996215220043
0.9999996075583464
0.9999995960142217
0.9999995869608039
0.9999995804539099
0.999999576533657
0.9999995752242149
0.9999995765336569
0.9999995804539096
0.9999995869608037
0.9999995960142215
0.9999996075583462
0.9999996215220042
0.9999996378191046
0.9999996563491711
0.9999996769979591
0.9999996996381622
0.9999997241301956
0.9999997503230582
0.9999997780552622
0.9999998071558294
0.9999998374453449
0.9999998687370638
0.9999999008380626
0.9999999335504275
0.999999966672476
1.0
1.0
0.999999963176185
0.999999926579401
0.9999998904352794
0.9999998549666608
0.999999820392221
0.9999997869251227
0.999999754771702
0.9999997241301953
0.9999996951895176
0.9999996681280979
0.9999996431127792
0.9999996202977885
0.9999995998237885
0.9999995818170078
0.9999995663884642
0.9999995536332799
0.999999543630095
0.9999995364405821
0.9999995321090673
0.9999995306622556
0.9999995321090672
0.999999536440582
0.9999995436300946
0.9999995536332797
0.9999995663884638
0.9999995818170074
0.9999995998237884
0.9999996202977887
0.9999996431127793
0.9999996681280984
0.9999996951895181
0.9999997241301958
0.9999997547717024
0.9999997869251233
0.9999998203922214
0.9999998549666613
0.9999998904352797
0.9999999265794012
0.999999963176185
1.0
1.0
0.9999999599069249
0.999999920061037
0.9999998807079996
0.9999998420904368
0.9999998044464392
0.9999997680080941
0.9999997330000562
0.9999996996381618
0.9999996681280983
0.9999996386641351
0.9999996114279277
0.9999995865873964
0.9999995642956914
0.9999995446902483
0.9999995278919411
0.9999995140043372
0.9999995031130583
0.9999994952852524
0.9999994905691808
0.9999994889939193
0.9999994905691805
0.9999994952852522
0.999999503113058
0.9999995140043372
0.999999527891941
0.9999995446902482
0.9999995642956915
0.9999995865873967
0.9999996114279281
0.9999996386641355
0.9999996681280986
0.9999996996381624
0.9999997330000566
0.9999997680080944
0.9999998044464394
0.9999998420904372
0.9999998807079998
0.9999999200610373
0.9999999599069251
1.0
1.0
0.9999999568848521
0.9999999140355236
0.9999998717161945
0.9999998301877779
0.9999997897063101
0.9999997505213726
0.9999997128745539
0.9999996769979591
0.9999996431127792
0.9999996114279278
0.9999995821387524
0.9999995554258306
0.9999995314538564
0.9999995103706252
0.9999994923061216
0.9999994773717196
0.9999994656594948
0.9999994572416568
0.9999994521701047
0.9999994504761057
0.9999994521701044
0.9999994572416567
0.9999994656594946
0.9999994773717193
0.9999994923061213
0.9999995103706248
0.9999995314538566
0.9999995554258311
0.999999582138753
0.9999996114279283
0.9999996431127797
0.9999996769979594
0.9999997128745542
0.9999997505213729
0.9999997897063103
0.9999998301877783
0.9999998717161949
0.9999999140355238
0.9999999568848523
1.0
1.0
0.9999999541285985
0.9999999085400096
0.9999998635153019
0.9999998193320678
0.9999997762627116
0.9999997345727699
0.9999996945192755
0.9999996563491714
0.999999620297789
0.9999995865873968
0.9999995554258309
0.9999995270052124
0.9999995015007643
0.9999994790697295
0.9999994598504034
0.9999994439612789
0.9999994315003182
0.999999422544347
0.9999994171485819
0.9999994153462896
0.9999994171485819
0.9999994225443469
0.9999994315003181
0.9999994439612788
0.9999994598504034
0.9999994790697296
0.9999995015007643
0.9999995270052127
0.9999995554258311
0.9999995865873972
0.9999996202977893
0.9999996563491717
0.9999996945192758
0.9999997345727701
0.9999997762627116
0.999999819332068
0.9999998635153021
0.9999999085400099
0.9999999541285987
1.0
1.0
0.9999999516551573
0.9999999036083769
0.9999998561558827
0.9999998095902356
0.9999997641985278
0.9999997202606142
0.9999996780473873
0.9999996378191053
0.9999995998237888
0.9999995642956917
0.9999995314538567
0.9999995015007642
0.9999994746210854
0.9999994509805423
0.9999994307248871
0.9999994139790018
0.9999994008461311
0.9999993914072433
0.9999993857205319
0.999999383821058
0.9999993857205319
0.9999993914072431
0.9999994008461311
0.9999994139790018
0.999999430724887
0.9999994509805427
0.9999994746210856
0.9999995015007644
0.9999995314538569
0.9999995642956919
0.999999599823789
0.9999996378191054
0.9999996780473875
0.9999997202606145
0.9999997641985278
0.9999998095902356
0.9999998561558828
0.9999999036083771
0.9999999516551575
1.0
1.0
0.9999999494797783
0.9999998992710305
0.9999998496833105
0.9999998010223428
0.9999997535881384
0.9999997076731449
0.999999663560444
0.9999996215220047
0.9999995818170082
0.9999995446902488
0.9999995103706252
0.9999994790697297
0.9999994509805425
0.9999994262762428
0.999999405109141
0.9999993876097392
0.999999373885927
0.999999364022316
0.9999993580797193
0.9999993560947743
0.9999993580797192
0.9999993640223162
0.9999993738859271
0.9999993876097393
0.9999994051091411
0.9999994262762432
0.9999994509805427
0.9999994790697299
0.9999995103706254
0.9999995446902489
0.9999995818170083
0.9999996215220048
0.999999663560444
0.999999707673145
0.9999997535881383
0.9999998010223426
0.9999998496833105
0.9999998992710307
0.9999999494797784
1.0
1.0
0.9999999476158731
0.9999998955547118
0.9999998441374904
0.9999997936812134
0.9999997444969602
0.9999996968879681
0.9999996511477625
0.9999996075583468
0.9999995663884645
0.9999995278919417
0.9999994923061217
0.9999994598504035
0.9999994307248871
0.9999994051091411
0.9999993831610953
0.9999993650160662
0.9999993507859242
0.9999993405584029
0.9999993343965584
0.9999993323383805
0.9999993343965586
0.9999993405584031
0.9999993507859245
0.9999993650160665
0.9999993831610955
0.9999994051091414
0.9999994307248873
0.9999994598504036
0.9999994923061217
0.9999995278919416
0.9999995663884647
0.999999607558347
0.9999996511477625
0.9999996968879681
0.99999974449696
0.9999997936812134
0.9999998441374907
0.999999895554712
0.9999999476158732
1.0
1.0
0.9999999460749334
0.9999998924823329
0.9999998395526146
0.9999997876121078
0.9999997369810428
0.9999996879715773
0.9999996408858708
0.9999995960142221
0.9999995536332802
0.9999995140043375
0.9999994773717198
0.999999443961279
0.9999994139790019
0.9999993876097393
0.9999993650160662
0.9999993463372803
0.9999993316885423
0.9999993211601665
0.9999993148170643
0.9999993126983427
0.9999993148170645
0.9999993211601669
0.9999993316885424
0.9999993463372804
0.9999993650160666
0.9999993876097396
0.9999994139790023
0.9999994439612793
0.99999947737172
0.9999995140043378
0.9999995536332805
0.9999995960142223
0.9999996408858709
0.9999996879715776
0.999999736981043
0.999999787612108
0.9999998395526148
0.9999998924823332
0.9999999460749338
1.0
1.0
0.9999999448664598
0.9999998900728363
0.9999998359569502
0.9999997828524443
0.999999731086725
0.9999996809789456
0.999999632838037
0.999999586960804
0.9999995436300951
0.9999995031130584
0.9999994656594948
0.9999994315003181
0.9999994008461313
0.9999993738859271
0.9999993507859244
0.9999993316885423
0.9999993167115224
0.9999993059472034
0.9999992994619508
0.9999992972957481
0.9999992994619511
0.9999993059472037
0.9999993167115229
0.9999993316885426
0.9999993507859246
0.9999993738859273
0.9999994008461316
0.9999994315003187
0.9999994656594952
0.9999995031130587
0.9999995436300955
0.9999995869608045
0.9999996328380375
0.999999680978946
0.9999997310867254
0.9999997828524445
0.9999998359569506
0.9999998900728366
0.99999994486646
1.0
1.0
0.9999999439979028
0.999999888341077
0.9999998333726657
0.9999997794315675
0.999999726850347
0.9999996759531847
0.999999627053879
0.9999995804539102
0.9999995364405824
0.9999994952852527
0.999999457241657
0.9999994225443469
0.9999993914072433
0.9999993640223163
0.999999340558403
0.9999993211601665
0.9999993059472034
0.9999992950133066
0.9999992884258874
0.999999286225559
0.9999992884258876
0.999999295013307
0.9999993059472038
0.9999993211601668
0.9999993405584034
0.9999993640223165
0.9999993914072435
0.9999994225443474
0.9999994572416574
0.999999495285253
0.9999995364405827
0.9999995804539105
0.9999996270538793
0.9999996759531851
0.9999997268503473
0.9999997794315679
0.9999998333726662
0.9999998883410774
0.9999999439979029
1.0
1.0
0.9999999434746173
0.9999998872977323
0.9999998318156943
0.9999997773705686
0.9999997242980275
0.9999996729252806
0.9999996235690579
0.9999995765336572
0.9999995321090674
0.9999994905691809
0.9999994521701046
0.999999417148582
0.999999385720532
0.9999993580797193
0.9999993343965584
0.9999993148170642
0.9999992994619508
0.9999992884258871
0.9999992817769148
0.9999992795560264
0.9999992817769148
0.9999992884258874
0.999999299461951
0.9999993148170645
0.9999993343965587
0.9999993580797194
0.9999993857205323
0.9999994171485822
0.999999452170105
0.9999994905691811
0.9999995321090678
0.9999995765336576
0.9999996235690582
0.9999996729252807
0.9999997242980277
0.999999777370569
0.9999998318156946
0.9999998872977326
0.9999999434746173
1.0
1.0
0.9999999432998294
0.9999998869492346
0.9999998312956352
0.9999997766821543
0.9999997234455023
0.9999996719139005
0.9999996224050587
0.9999995752242152
0.9999995306622558
0.9999994889939197
0.9999994504761058
0.9999994153462897
0.999999383821058
0.9999993560947742
0.9999993323383805
0.9999993126983425
0.999999297295748
0.9999992862255589
0.9999992795560263
0.9999992773282707
0.9999992795560263
0.9999992862255589
0.999999297295748
0.9999993126983426
0.9999993323383806
0.9999993560947745
0.9999993838210582
0.9999994153462899
0.9999994504761062
0.9999994889939199
0.9999995306622561
0.9999995752242155
0.9999996224050589
0.9999996719139007
0.9999997234455024
0.9999997766821545
0.9999998312956354
0.9999998869492348
0.9999999432998297
1.0
1.0
0.9999999434746173
0.9999998872977324
0.9999998318156945
0.9999997773705689
0.9999997242980276
0.9999996729252807
0.9999996235690579
0.9999995765336573
0.9999995321090674
0.9999994905691807
0.9999994521701047
0.999999417148582
0.9999993857205319
0.9999993580797192
0.9999993343965584
0.9999993148170642
0.9999992994619508
0.9999992884258871
0.9999992817769148
0.9999992795560264
0.9999992817769148
0.9999992884258873
0.9999992994619507
0.9999993148170644
0.9999993343965585
0.9999993580797194
0.999999385720532
0.9999994171485821
0.999999452170105
0.9999994905691811
0.9999995321090677
0.9999995765336573
0.999999623569058
0.9999996729252806
0.9999997242980275
0.9999997773705689
0.9999998318156946
0.9999998872977326
0.9999999434746174
1.0
1.0
0.9999999439979028
0.9999998883410773
0.9999998333726661
0.9999997794315678
0.9999997268503473
0.9999996759531851
0.9999996270538792
0.9999995804539101
0.9999995364405824
0.9999994952852524
0.999999457241657
0.999999422544347
0.9999993914072433
0.9999993640223162
0.999999340558403
0.9999993211601665
0.9999993059472035
0.9999992950133065
0.9999992884258871
0.9999992862255588
0.9999992884258871
0.9999992950133065
0.9999993059472035
0.9999993211601665
0.999999340558403
0.9999993640223164
0.9999993914072434
0.9999994225443471
0.9999994572416572
0.9999994952852527
0.9999995364405825
0.9999995804539102
0.9999996270538791
0.999999675953185
0.9999997268503471
0.9999997794315679
0.9999998333726662
0.9999998883410773
0.9999999439979029
1.0
1.0
0.9999999448664598
0.9999998900728365
0.9999998359569506
0.9999997828524445
0.9999997310867255
0.999999680978946
0.9999996328380372
0.9999995869608042
0.9999995436300952
0.9999995031130584
0.9999994656594948
0.9999994315003182
0.999999400846131
0.999999373885927
0.9999993507859242
0.9999993316885422
0.9999993167115225
0.9999993059472035
0.9999992994619508
0.999999297295748
0.9999992994619508
0.9999993059472034
0.9999993167115224
0.9999993316885423
0.9999993507859245
0.9999993738859271
0.9999994008461313
0.9999994315003183
0.999999465659495
0.9999995031130586
0.9999995436300952
0.9999995869608042
0.9999996328380372
0.9999996809789456
0.9999997310867251
0.9999997828524444
0.9999998359569504
0.9999998900728365
0.9999999448664599
1.0
1.0
0.9999999460749336
0.9999998924823331
0.9999998395526148
0.9999997876121082
0.9999997369810433
0.9999996879715777
0.9999996408858709
0.9999995960142223
0.9999995536332803
0.9999995140043376
0.9999994773717198
0.999999443961279
0.9999994139790019
0.9999993876097392
0.9999993650160661
0.9999993463372802
0.9999993316885423
0.9999993211601665
0.9999993148170644
0.9999993126983427
0.9999993148170644
0.9999993211601665
0.9999993316885423
0.9999993463372803
0.9999993650160663
0.9999993876097395
0.9999994139790022
0.9999994439612793
0.9999994773717199
0.999999514004338
0.9999995536332803
0.9999995960142223
0.9999996408858708
0.9999996879715773
0.9999997369810428
0.9999997876121078
0.9999998395526148
0.9999998924823331
0.9999999460749338
1.0
1.0
0.9999999476158732
0.999999895554712
0.9999998441374907
0.9999997936812137
0.9999997444969605
0.9999996968879683
0.9999996511477627
0.9999996075583469
0.9999995663884647
0.9999995278919415
0.9999994923061217
0.9999994598504034
0.999999430724887
0.9999994051091412
0.9999993831610952
0.9999993650160661
0.9999993507859244
0.9999993405584031
0.9999993343965586
0.9999993323383807
0.9999993343965586
0.9999993405584031
0.9999993507859245
0.9999993650160663
0.9999993831610955
0.9999994051091414
0.9999994307248875
0.9999994598504038
0.9999994923061221
0.9999995278919419
0.9999995663884647
0.9999996075583469
0.9999996511477623
0.999999696887968
0.99999974449696
0.9999997936812133
0.9999998441374905
0.9999998955547119
0.9999999476158732
1.0
1.0
0.9999999494797784
0.999999899271031
0.9999998496833108
0.9999998010223432
0.999999753588139
0.9999997076731456
0.9999996635604443
0.9999996215220049
0.9999995818170083
0.9999995446902489
0.9999995103706253
0.9999994790697299
0.9999994509805427
0.999999426276243
0.9999994051091411
0.9999993876097393
0.9999993738859271
0.9999993640223163
0.9999993580797194
0.9999993560947744
0.9999993580797194
0.9999993640223163
0.9999993738859272
0.9999993876097396
0.9999994051091415
0.9999994262762434
0.999999450980543
0.9999994790697302
0.9999995103706256
0.999999544690249
0.9999995818170083
0.9999996215220049
0.9999996635604441
0.999999707673145
0.9999997535881384
0.9999998010223429
0.9999998496833106
0.9999998992710307
0.9999999494797784
1.0
1.0
0.9999999516551576
0.9999999036083772
0.9999998561558832
0.9999998095902359
0.9999997641985282
0.9999997202606149
0.9999996780473879
0.9999996378191057
0.9999995998237892
0.9999995642956921
0.999999531453857
0.9999995015007647
0.9999994746210857
0.9999994509805427
0.9999994307248873
0.9999994139790022
0.9999994008461315
0.9999993914072434
0.9999993857205323
0.9999993838210581
0.9999993857205323
0.9999993914072435
0.9999994008461316
0.9999994139790024
0.9999994307248877
0.9999994509805431
0.9999994746210862
0.999999501500765
0.9999995314538573
0.9999995642956924
0.9999995998237894
0.9999996378191057
0.9999996780473879
0.9999997202606146
0.9999997641985279
0.9999998095902357
0.9999998561558829
0.9999999036083771
0.9999999516551575
1.0
1.0
0.9999999541285988
0.9999999085400099
0.9999998635153023
0.9999998193320683
0.9999997762627121
0.9999997345727706
0.9999996945192763
0.999999656349172
0.9999996202977894
0.9999995865873973
0.9999995554258312
0.9999995270052129
0.9999995015007644
0.9999994790697299
0.9999994598504036
0.9999994439612793
0.9999994315003184
0.9999994225443474
0.9999994171485823
0.9999994153462899
0.9999994171485823
0.9999994225443475
0.9999994315003187
0.9999994439612796
0.9999994598504041
0.9999994790697305
0.9999995015007651
0.9999995270052133
0.9999995554258317
0.9999995865873977
0.9999996202977899
0.9999996563491723
0.9999996945192763
0.9999997345727706
0.999999776262712
0.9999998193320679
0.9999998635153022
0.9999999085400099
0.9999999541285988
1.0
1.0
0.9999999568848524
0.999999914035524
0.9999998717161951
0.9999998301877786
0.999999789706311
0.9999997505213735
0.9999997128745548
0.9999996769979599
0.9999996431127801
0.9999996114279286
0.9999995821387532
0.9999995554258312
0.9999995314538569
0.9999995103706254
0.9999994923061218
0.9999994773717199
0.999999465659495
0.9999994572416572
0.999999452170105
0.9999994504761063
0.999999452170105
0.9999994572416573
0.9999994656594953
0.9999994773717202
0.9999994923061225
0.999999510370626
0.9999995314538576
0.999999555425832
0.9999995821387537
0.999999611427929
0.9999996431127806
0.9999996769979602
0.9999997128745549
0.9999997505213735
0.9999997897063105
0.9999998301877784
0.999999871716195
0.9999999140355239
0.9999999568848524
1.0
1.0
0.9999999599069253
0.9999999200610376
0.999999880708
0.9999998420904377
0.9999998044464401
0.9999997680080951
0.9999997330000573
0.9999996996381629
0.9999996681280992
0.999999638664136
0.9999996114279286
0.9999995865873973
0.9999995642956919
0.9999995446902488
0.9999995278919417
0.9999995140043376
0.9999995031130587
0.9999994952852529
0.9999994905691812
0.99999948899392
0.9999994905691812
0.9999994952852529
0.999999503113059
0.9999995140043382
0.9999995278919424
0.9999995446902494
0.9999995642956927
0.9999995865873978
0.9999996114279291
0.9999996386641364
0.9999996681280996
0.9999996996381633
0.9999997330000574
0.999999768008095
0.9999998044464398
0.9999998420904376
0.9999998807080002
0.9999999200610376
0.9999999599069254
1.0
1.0
0.9999999631761851
0.9999999265794013
0.99999989043528
0.9999998549666617
0.999999820392222
0.9999997869251238
0.9999997547717032
0.9999997241301963
0.9999996951895188
0.999999668128099
0.9999996431127799
0.9999996202977893
0.999999599823789
0.9999995818170083
0.9999995663884648
0.9999995536332803
0.9999995436300955
0.9999995364405826
0.9999995321090678
0.9999995306622561
0.9999995321090679
0.9999995364405827
0.9999995436300956
0.9999995536332807
0.9999995663884651
0.9999995818170088
0.9999995998237896
0.99999962029779
0.9999996431127806
0.9999996681280996
0.9999996951895191
0.9999997241301967
0.9999997547717032
0.9999997869251237
0.9999998203922218
0.9999998549666614
0.99999989043528
0.9999999265794014
0.9999999631761852
1.0
1.0
0.999999966672476
0.9999999335504276
0.9999999008380628
0.9999998687370644
0.9999998374453455
0.99999980715583
0.9999997780552629
0.999999750323059
0.9999997241301962
0.9999996996381625
0.9999996769979597
0.9999996563491718
0.9999996378191054
0.9999996215220047
0.9999996075583469
0.9999995960142223
0.9999995869608043
0.9999995804539104
0.9999995765336577
0.9999995752242155
0.9999995765336577
0.9999995804539104
0.9999995869608047
0.9999995960142227
0.9999996075583473
0.9999996215220054
0.999999637819106
0.9999996563491723
0.9999996769979602
0.9999996996381632
0.9999997241301966
0.9999997503230591
0.999999778055263
0.9999998071558299
0.9999998374453454
0.9999998687370643
0.9999999008380628
0.9999999335504277
0.9999999666724761
1.0
1.0
0.9999999703742425
0.9999999409311375
0.9999999118522119
0.9999998833167467
0.9999998555006725
0.9999998285754848
0.9999998027071859
0.9999997780552629
0.9999997547717028
0.9999997330000567
0.9999997128745544
0.9999996945192758
0.9999996780473874
0.999999663560444
0.9999996511477625
0.9999996408858708
0.9999996328380372
0.9999996270538792
0.9999996235690582
0.999999622405059
0.9999996235690582
0.9999996270538795
0.9999996328380375
0.9999996408858712
0.9999996511477629
0.9999996635604445
0.9999996780473879
0.9999996945192764
0.999999712874555
0.9999997330000574
0.9999997547717032
0.999999778055263
0.9999998027071858
0.9999998285754844
0.9999998555006724
0.9999998833167466
0.9999999118522119
0.9999999409311375
0.9999999703742425
1.0
1.0
0.9999999742586613
0.9999999486760266
0.9999999234098215
0.9999998986158201
0.999999874446886
0.9999998510520285
0.9999998285754846
0.9999998071558298
0.9999997869251234
0.9999997680080945
0.9999997505213729
0.9999997345727701
0.9999997202606145
0.9999997076731449
0.9999996968879679
0.9999996879715772
0.9999996809789458
0.9999996759531851
0.9999996729252807
0.9999996719139008
0.9999996729252809
0.9999996759531853
0.9999996809789461
0.9999996879715777
0.9999996968879685
0.9999997076731456
0.999999720260615
0.9999997345727707
0.9999997505213735
0.9999997680080951
0.9999997869251237
0.99999980715583
0.9999998285754845
0.9999998510520283
0.9999998744468859
0.9999998986158201
0.9999999234098215
0.9999999486760267
0.9999999742586614
1.0
1.0
0.999999978301784
0.9999999567373452
0.9999999354396348
0.9999999145399608
0.999999894167176
0.9999998744468859
0.9999998555006725
0.9999998374453453
0.9999998203922216
0.9999998044464395
0.9999997897063102
0.9999997762627116
0.9999997641985275
0.9999997535881381
0.9999997444969598
0.9999997369810428
0.9999997310867251
0.9999997268503472
0.9999997242980276
0.9999997234455025
0.9999997242980277
0.9999997268503474
0.9999997310867254
0.9999997369810433
0.9999997444969605
0.9999997535881389
0.9999997641985282
0.9999997762627121
0.9999997897063108
0.9999998044464399
0.9999998203922218
0.9999998374453455
0.9999998555006724
0.9999998744468859
0.9999998941671759
0.9999999145399606
0.9999999354396348
0.9999999567373452
0.9999999783017842
1.0
1.0
0.9999999824786837
0.9999999650653923
0.9999999478674845
0.9999999309909909
0.9999999145399607
0.9999998986158202
0.9999998833167467
0.9999998687370641
0.9999998549666613
0.9999998420904372
0.999999830187778
0.9999998193320677
0.9999998095902354
0.9999998010223426
0.9999997936812132
0.9999997876121077
0.9999997828524443
0.9999997794315678
0.999999777370569
0.9999997766821547
0.9999997773705691
0.9999997794315679
0.9999997828524446
0.9999997876121082
0.9999997936812137
0.9999998010223431
0.9999998095902359
0.9999998193320682
0.9999998301877784
0.9999998420904374
0.9999998549666614
0.9999998687370643
0.9999998833167466
0.9999998986158201
0.9999999145399606
0.9999999309909907
0.9999999478674843
0.9999999650653925
0.9999999824786837
1.0
1.0
0.9999999867636081
0.999999973608823
0.9999999606167483
0.9999999478674847
0.999999935439635
0.9999999234098215
0.9999999118522118
0.9999999008380627
0.9999998904352799
0.9999998807079999
0.9999998717161948
0.9999998635153019
0.9999998561558827
0.9999998496833102
0.9999998441374903
0.9999998395526145
0.9999998359569504
0.999999833372666
0.9999998318156946
0.9999998312956354
0.9999998318156949
0.9999998333726663
0.9999998359569506
0.999999839552615
0.9999998441374908
0.9999998496833109
0.9999998561558832
0.9999998635153023
0.9999998717161949
0.9999998807079999
0.9999998904352799
0.9999999008380627
0.9999999118522119
0.9999999234098215
0.9999999354396347
0.9999999478674844
0.9999999606167482
0.999999973608823
0.999999986763608
1.0
1.0
0.9999999911301392
0.999999982314964
0.999999973608823
0.9999999650653925
0.9999999567373455
0.9999999486760269
0.9999999409311375
0.9999999335504275
0.9999999265794012
0.9999999200610374
0.9999999140355237
0.9999999085400096
0.9999999036083767
0.9999998992710304
0.9999998955547117
0.9999998924823329
0.9999998900728363
0.9999998883410771
0.9999998872977326
0.9999998869492347
0.9999998872977325
0.9999998883410774
0.9999998900728364
0.9999998924823331
0.9999998955547119
0.9999998992710307
0.9999999036083771
0.9999999085400099
0.9999999140355238
0.9999999200610373
0.9999999265794012
0.9999999335504276
0.9999999409311375
0.9999999486760266
0.9999999567373451
0.9999999650653923
0.999999973608823
0.999999982314964
0.9999999911301392
1.0
1.0
0.9999999955513559
0.9999999911301392
0.9999999867636082
0.999999982478684
0.9999999783017844
0.9999999742586615
0.9999999703742425
0.999999966672476
0.999999963176185
0.999999959906925
0.9999999568848523
0.9999999541285985
0.9999999516551573
0.9999999494797783
0.999999947615873
0.9999999460749334
0.9999999448664599
0.9999999439979028
0.9999999434746173
0.9999999432998297
0.9999999434746173
0.9999999439979028
0.9999999448664598
0.9999999460749336
0.9999999476158732
0.9999999494797783
0.9999999516551575
0.9999999541285988
0.9999999568848523
0.9999999599069251
0.999999963176185
0.9999999666724761
0.9999999703742424
0.9999999742586614
0.9999999783017841
0.9999999824786837
0.9999999867636081
0.9999999911301392
0.9999999955513559
1.0
1.0
1.0
1.0
1.0
1.0
1.0
1.0
1.0
1.0
1.0
1.0
1.0
1.0
1.0
1.0
1.0
1.0
1.0
1.0
1.0
1.0
1.0
1.0
1.0
1.0
1.0
1.0
1.0
1.0
1.0
1.0
1.0
1.0
1.0
1.0
1.0
1.0
1.0
1.0
1.0
1.0
