0.9999999994945528
0.9999999994945528
0.9999999994945528
0.9999999994945528
0.9999999994945528
0.9999999994945528
0.9999999994945528
0.9999999994945528
0.9999999994945528
0.9999999994945528
0.9999999994945528
0.9999999994945528
0.9999999994945528
0.9999999994945528
0.9999999994945528
0.9999999994945528
0.9999999994945528
0.9999999994945528
0.9999999994945528
0.9999999994945528
0.9999999994945528
0.9999999994945528
0.9999999994945528
0.9999999994945528
0.9999999994945528
0.9999999994945528
0.9999999994945528
0.9999999994945528
0.9999999994945528
0.9999999994945528
0.9999999994945528
0.9999999994945528
0.9999999994945528
0.9999999994945528
0.9999999994945528
0.9999999994945528
0.9999999994945528
0.9999999994945528
0.9999999994945528
0.9999999994945528
0.9999999994945528
0.9999999994945528
1.0000000003429965
1.000000072622907
1.0000000262176574
1.0000001014613251
1.0000000029740965
1.000000091309767
0.9999999845023969
1.000000088670509
1.0000000479116256
1.000000026200924
0.999999872671376
0.9999998692388904
0.9999998007413348
0.999999882642036
0.9999998534933945
0.9999999489367536
0.9999999527976405
1.000000116572648
1.0000001486924104
1.0000002442918239
1.0000001486924108
1.0000001165726478
0.9999999527976401
0.9999999489367533
0.9999998534933943
0.999999882642036
0.9999998007413341
0.9999998692388906
0.999999872671376
1.0000000262009245
1.000000047911626
1.0000000886705094
0.9999999845023971
1.0000000913097677
1.000000002974097
1.0000001014613256
1.0000000262176578
1.0000000726229072
1.0000000003429959
0.9999999994945528
0.9999999994945528
1.0000000726229068
0.9999999999546982
1.0000001479549363
1.0000000831218785
1.000000220405528
1.0000001657720814
1.0000000346878941
1.0000000596367344
1.0000000148010393
0.9999999794439534
0.9999998926276193
0.9999997767073965
0.9999996885894937
0.9999996425975947
0.9999997529293015
0.9999998747389756
1.000000074301257
1.000000168737958
1.0000002690166445
1.000000237622827
1.0000002690166447
1.000000168737958
1.000000074301257
0.9999998747389751
0.9999997529293011
0.9999996425975944
0.9999996885894935
0.9999997767073965
0.999999892627619
0.9999999794439538
1.0000000148010395
1.0000000596367353
1.0000000346878946
1.0000001657720816
1.0000002204055285
1.000000083121879
1.0000001479549365
0.9999999999546989
1.0000000726229068
0.9999999994945528
0.9999999994945528
1.0000000262176574
1.0000001479549363
1.0000002413747113
1.0000001594383323
1.0000003199854635
1.0000000458598113
1.0000000939825606
1.0000002006196886
1.000000022504041
0.9999999139431859
0.9999996987170167
0.9999996270185704
0.9999996073573633
0.9999996844916083
0.999999804374556
0.9999999342982654
1.0000000696142475
1.0000001639053864
1.000000213893489
1.000000204105333
1.000000213893489
1.0000001639053866
1.0000000696142473
0.9999999342982653
0.9999998043745559
0.9999996844916084
0.9999996073573629
0.9999996270185704
0.9999996987170168
0.9999999139431862
1.0000000225040417
1.000000200619689
1.0000000939825615
1.000000045859812
1.0000003199854641
1.000000159438333
1.0000002413747122
1.0000001479549367
1.0000000262176576
0.9999999994945528
0.9999999994945528
1.000000101461325
1.0000000831218785
1.0000001594383325
1.000000290952521
1.000000390509316
1.0000000989915956
1.0000002391488765
1.0000001373299725
0.9999998375456312
0.9999997343920138
0.9999996266707298
0.9999996124321929
0.9999997249933386
0.9999998723976881
0.9999999850425917
1.0000000111697882
1.0000000022803126
1.0000000698210159
1.000000115452705
1.0000001666160345
1.000000115452705
1.000000069821016
1.0000000022803126
1.0000000111697882
0.9999999850425912
0.9999998723976882
0.9999997249933388
0.9999996124321934
0.9999996266707301
0.9999997343920142
0.9999998375456317
1.000000137329973
1.0000002391488774
1.0000000989915965
1.0000003905093164
1.0000002909525219
1.000000159438333
1.0000000831218792
1.0000001014613253
0.9999999994945528
0.9999999994945528
1.0000000029740965
1.000000220405528
1.0000003199854635
1.0000003905093158
1.0000001335157982
1.000000039293243
1.0000001720291987
1.0000000445842598
0.9999996793018257
0.9999996889551579
0.9999997744516627
0.9999998407900905
0.9999999396657011
0.9999999365730873
0.999999975965539
0.9999999715796467
1.0000000250157044
1.0000000470241464
1.0000000898121515
1.000000081494289
1.0000000898121513
1.0000000470241466
1.000000025015704
0.9999999715796469
0.9999999759655389
0.9999999365730874
0.9999999396657014
0.9999998407900906
0.9999997744516631
0.9999996889551583
0.9999996793018262
1.0000000445842605
1.0000001720291998
1.0000000392932442
1.000000133515799
1.0000003905093167
1.0000003199854643
1.0000002204055285
1.0000000029740967
0.9999999994945528
0.9999999994945528
1.0000000913097673
1.0000001657720814
1.0000000458598115
1.0000000989915954
1.0000000392932435
1.000000114232834
1.0000002758588549
1.0000000263182034
0.999999818076466
0.9999998068395896
0.9999999530624069
0.9999999442174513
0.9999999645626374
0.999999927517962
0.9999998791406518
0.999999954978107
1.0000000505327786
1.0000001491540638
1.0000001516254031
1.00000015462
1.0000001516254031
1.0000001491540638
1.0000000505327786
0.9999999549781063
0.999999879140652
0.9999999275179622
0.9999999645626375
0.9999999442174516
0.999999953062407
0.9999998068395903
0.9999998180764667
1.0000000263182043
1.0000002758588555
1.0000001142328347
1.0000000392932442
1.0000000989915963
1.0000000458598122
1.0000001657720818
1.0000000913097675
0.9999999994945528
0.9999999994945528
0.999999984502397
1.0000000346878941
1.0000000939825606
1.0000002391488767
1.0000001720291989
1.0000002758588549
1.0000002855700576
0.9999999280845694
0.9999997456534706
0.999999783323075
0.9999999680784312
0.9999999490826514
0.9999998575972139
0.9999998676183772
0.9999998876425936
0.9999999742994942
1.0000000489733223
1.0000001294544345
1.0000002493554254
1.0000002833709352
1.000000249355425
1.0000001294544345
1.0000000489733218
0.9999999742994944
0.9999998876425937
0.9999998676183774
0.9999998575972142
0.9999999490826516
0.999999968078432
0.9999997833230755
0.9999997456534716
0.9999999280845701
1.0000002855700583
1.0000002758588555
1.0000001720292
1.0000002391488776
1.0000000939825615
1.0000000346878941
0.9999999845023972
0.9999999994945528
0.9999999994945528
1.000000088670509
1.0000000596367347
1.0000002006196886
1.0000001373299727
1.0000000445842598
1.0000000263182036
0.9999999280845697
0.9999997183486975
0.999999689406887
0.9999998278360328
0.9999999836668332
1.0000000997884584
1.000000012218483
0.9999999736941712
0.9999999757669948
0.9999999890473326
1.0000000810161893
1.0000001508980032
1.0000002750463308
1.0000003311052512
1.0000002750463308
1.000000150898003
1.0000000810161895
0.9999999890473326
0.9999999757669948
0.9999999736941708
1.0000000122184833
1.0000000997884588
0.9999999836668334
0.9999998278360336
0.9999996894068877
0.9999997183486979
0.9999999280845704
1.0000000263182043
1.000000044584261
1.0000001373299732
1.0000002006196893
1.0000000596367353
1.0000000886705094
0.9999999994945528
0.9999999994945528
1.0000000479116256
1.0000000148010395
1.000000022504041
0.9999998375456315
0.9999996793018257
0.9999998180764662
0.9999997456534707
0.9999996894068872
0.9999998610192247
1.0000000665989974
1.0000002839146682
1.000000362229397
1.0000003421083876
1.0000001789902306
1.000000080641978
0.999999991249896
1.0000000625686536
1.0000001894528356
1.0000002048003993
1.0000002451819774
1.000000204800399
1.0000001894528356
1.0000000625686534
0.999999991249896
1.0000000806419778
1.0000001789902309
1.0000003421083883
1.0000003622293974
1.0000002839146689
1.0000000665989979
0.9999998610192256
0.9999996894068881
0.9999997456534717
0.9999998180764671
0.9999996793018264
0.9999998375456318
1.0000000225040415
1.0000000148010395
1.0000000479116258
0.9999999994945528
0.9999999994945528
1.0000000262009239
0.9999999794439536
0.999999913943186
0.9999997343920142
0.9999996889551585
0.9999998068395898
0.9999997833230754
0.9999998278360331
1.0000000665989977
1.0000002530170347
1.0000004648619527
1.0000005507876524
1.000000412709243
1.0000001543459223
0.9999999528312992
0.9999999010421511
0.9999998574855977
0.9999999005236943
0.9999999822062567
0.9999999614387778
0.9999999822062563
0.9999999005236939
0.9999998574855977
0.9999999010421511
0.9999999528312992
1.0000001543459223
1.0000004127092432
1.0000005507876526
1.0000004648619532
1.0000002530170353
1.0000000665989985
0.9999998278360339
0.9999997833230759
0.9999998068395903
0.9999996889551591
0.9999997343920148
0.9999999139431865
0.9999999794439539
1.0000000262009243
0.9999999994945528
0.9999999994945528
0.9999998726713758
0.9999998926276193
0.9999996987170165
0.9999996266707304
0.9999997744516629
0.9999999530624071
0.9999999680784318
0.9999999836668332
1.0000002839146684
1.0000004648619525
1.0000005277762993
1.0000005081636554
1.0000003293337758
1.0000000466719474
0.9999998106097236
0.9999997252233416
0.9999996781029581
0.9999996576600007
0.999999721987053
0.9999997538640757
0.9999997219870529
0.9999996576600002
0.999999678102958
0.9999997252233412
0.9999998106097235
1.0000000466719476
1.0000003293337762
1.0000005081636563
1.0000005277762998
1.0000004648619532
1.0000002839146693
0.9999999836668342
0.9999999680784327
0.9999999530624077
0.9999997744516637
0.9999996266707307
0.999999698717017
0.9999998926276199
0.9999998726713759
0.9999999994945528
0.9999999994945528
0.9999998692388907
0.9999997767073966
0.9999996270185705
0.9999996124321934
0.9999998407900912
0.9999999442174516
0.9999999490826518
1.0000000997884588
1.0000003622293976
1.0000005507876528
1.0000005081636558
1.000000334581119
1.0000001615874046
0.9999999667089692
0.9999997825950995
0.9999995933028916
0.9999996125718164
0.999999637186565
0.9999996158086901
0.9999996555065905
0.9999996158086905
0.9999996371865649
0.9999996125718162
0.9999995933028916
0.9999997825950997
0.9999999667089696
1.0000001615874048
1.0000003345811195
1.0000005081636565
1.0000005507876535
1.0000003622293978
1.0000000997884595
0.9999999490826526
0.9999999442174522
0.9999998407900916
0.9999996124321936
0.999999627018571
0.9999997767073967
0.9999998692388907
0.9999999994945528
0.9999999994945528
0.9999998007413342
0.9999996885894937
0.9999996073573635
0.9999997249933388
0.9999999396657019
0.999999964562638
0.9999998575972149
1.0000000122184836
1.0000003421083885
1.0000004127092437
1.0000003293337762
1.0000001615874046
1.0000000673425669
0.9999999602736729
0.9999998004782384
0.9999997503092105
0.9999997155075497
0.9999997277882916
0.9999997565916436
0.999999722269769
0.9999997565916436
0.9999997277882919
0.9999997155075501
0.9999997503092102
0.9999998004782382
0.9999999602736735
1.000000067342567
1.000000161587405
1.0000003293337767
1.0000004127092441
1.0000003421083892
1.0000000122184842
0.9999998575972151
0.9999999645626384
0.9999999396657021
0.9999997249933396
0.9999996073573637
0.999999688589494
0.9999998007413349
0.9999999994945528
0.9999999994945528
0.9999998826420362
0.9999996425975946
0.9999996844916085
0.9999998723976885
0.9999999365730879
0.9999999275179625
0.999999867618378
0.9999999736941713
1.0000001789902313
1.000000154345923
1.0000000466719476
0.9999999667089694
0.9999999602736731
0.9999999753969727
0.9999999881041773
0.9999999734191473
0.9999999456928044
0.9999999260308361
0.9999999307349299
0.9999999364385894
0.9999999307349299
0.9999999260308362
0.9999999456928045
0.9999999734191478
0.9999999881041775
0.9999999753969729
0.9999999602736735
0.99999996670897
1.0000000466719483
1.0000001543459236
1.0000001789902317
0.9999999736941722
0.9999998676183788
0.999999927517963
0.9999999365730883
0.9999998723976888
0.9999996844916089
0.999999642597595
0.9999998826420362
0.9999999994945528
0.9999999994945528
0.9999998534933942
0.9999997529293014
0.9999998043745564
0.999999985042592
0.9999999759655396
0.9999998791406524
0.9999998876425943
0.9999999757669955
1.0000000806419782
0.9999999528312994
0.9999998106097239
0.9999997825950996
0.9999998004782383
0.9999999881041772
1.0000002028455572
1.000000202287301
1.000000181528375
1.0000001420523075
1.0000000844143266
1.000000077042967
1.0000000844143269
1.0000001420523081
1.0000001815283754
1.0000002022873014
1.0000002028455572
0.9999999881041779
0.9999998004782389
0.9999997825950999
0.9999998106097244
0.9999999528312999
1.0000000806419789
0.9999999757669962
0.9999998876425946
0.9999998791406529
0.9999999759655399
0.9999999850425927
0.999999804374557
0.9999997529293022
0.9999998534933948
0.9999999994945528
0.9999999994945528
0.9999999489367538
0.9999998747389754
0.9999999342982656
1.0000000111697884
0.9999999715796475
0.9999999549781073
0.9999999742994949
0.9999999890473327
0.9999999912498964
0.9999999010421515
0.9999997252233417
0.9999995933028916
0.9999997503092104
0.9999999734191473
1.000000202287301
1.00000039996584
1.0000003531703963
1.000000225469161
1.0000001489188222
1.0000000959138065
1.0000001489188224
1.0000002254691613
1.000000353170397
1.0000003999658407
1.0000002022873016
0.9999999734191478
0.9999997503092112
0.9999995933028922
0.9999997252233426
0.9999999010421521
0.999999991249897
0.9999999890473336
0.9999999742994956
0.9999999549781081
0.9999999715796484
1.0000000111697895
0.9999999342982663
0.999999874738976
0.9999999489367539
0.9999999994945528
0.9999999994945528
0.9999999527976404
1.0000000743012571
1.000000069614248
1.0000000022803133
1.0000000250157046
1.0000000505327786
1.0000000489733225
1.0000000810161898
1.0000000625686538
0.999999857485598
0.9999996781029583
0.999999612571816
0.9999997155075495
0.9999999456928044
1.000000181528375
1.0000003531703965
1.0000003966654976
1.0000002310130645
1.0000000702663838
1.0000000357341636
1.0000000702663843
1.0000002310130651
1.000000396665498
1.000000353170397
1.0000001815283757
0.9999999456928054
0.9999997155075504
0.999999612571817
0.999999678102959
0.9999998574855987
1.0000000625686547
1.0000000810161906
1.0000000489733232
1.0000000505327797
1.0000000250157053
1.0000000022803135
1.0000000696142486
1.0000000743012576
0.9999999527976406
0.9999999994945528
0.9999999994945528
1.000000116572648
1.0000001687379578
1.0000001639053866
1.0000000698210163
1.000000047024147
1.0000001491540642
1.000000129454435
1.0000001508980034
1.0000001894528359
0.9999999005236944
0.9999996576600004
0.9999996371865648
0.9999997277882919
0.9999999260308359
1.0000001420523077
1.000000225469161
1.0000002310130647
1.0000001457672876
0.9999999681391992
0.9999998650018954
0.9999999681391993
1.000000145767288
1.000000231013065
1.0000002254691613
1.0000001420523084
0.9999999260308368
0.9999997277882925
0.9999996371865653
0.9999996576600012
0.9999999005236948
1.0000001894528368
1.000000150898004
1.0000001294544358
1.0000001491540649
1.0000000470241477
1.0000000698210172
1.0000001639053873
1.000000168737959
1.000000116572648
0.9999999994945528
0.9999999994945528
1.0000001486924113
1.0000002690166447
1.000000213893489
1.0000001154527052
1.0000000898121515
1.0000001516254033
1.000000249355425
1.000000275046331
1.0000002048003993
0.9999999822062567
0.9999997219870529
0.9999996158086905
0.9999997565916433
0.9999999307349299
1.0000000844143266
1.000000148918822
1.0000000702663838
0.9999999681391989
0.9999998686585215
0.9999998002636944
0.9999998686585215
0.9999999681391994
1.0000000702663843
1.0000001489188224
1.0000000844143273
0.9999999307349304
0.999999756591644
0.9999996158086909
0.9999997219870536
0.9999999822062575
1.0000002048004
1.0000002750463322
1.000000249355426
1.0000001516254045
1.0000000898121522
1.0000001154527063
1.0000002138934896
1.0000002690166454
1.0000001486924108
0.9999999994945528
0.9999999994945528
1.0000002442918234
1.0000002376228272
1.0000002041053335
1.000000166616035
1.000000081494289
1.0000001546200006
1.0000002833709356
1.0000003311052514
1.0000002451819776
0.9999999614387777
0.9999997538640756
0.9999996555065906
0.9999997222697689
0.9999999364385891
1.0000000770429667
1.000000095913806
1.0000000357341639
0.999999865001895
0.9999998002636945
0.9999998342431144
0.9999998002636946
0.9999998650018953
1.000000035734164
1.0000000959138067
1.0000000770429671
0.9999999364385895
0.9999997222697695
0.9999996555065914
0.9999997538640765
0.9999999614387786
1.0000002451819787
1.0000003311052523
1.0000002833709358
1.0000001546200008
1.00000008149429
1.0000001666160352
1.000000204105334
1.0000002376228274
1.000000244291824
0.9999999994945528
0.9999999994945528
1.000000148692411
1.0000002690166445
1.0000002138934894
1.0000001154527054
1.000000089812152
1.0000001516254036
1.0000002493554254
1.0000002750463315
1.0000002048003993
0.999999982206257
0.9999997219870531
0.9999996158086902
0.9999997565916435
0.9999999307349301
1.0000000844143266
1.0000001489188222
1.000000070266384
0.9999999681391991
0.9999998686585215
0.9999998002636944
0.9999998686585215
0.9999999681391993
1.000000070266384
1.0000001489188226
1.0000000844143269
0.9999999307349305
0.9999997565916438
0.9999996158086909
0.9999997219870534
0.9999999822062574
1.0000002048004004
1.000000275046332
1.0000002493554263
1.0000001516254042
1.0000000898121524
1.000000115452706
1.0000002138934898
1.0000002690166454
1.0000001486924108
0.9999999994945528
0.9999999994945528
1.000000116572648
1.0000001687379583
1.0000001639053873
1.0000000698210165
1.0000000470241475
1.0000001491540649
1.0000001294544354
1.0000001508980034
1.000000189452836
0.999999900523694
0.9999996576600007
0.9999996371865647
0.9999997277882919
0.9999999260308358
1.000000142052308
1.000000225469161
1.000000231013065
1.0000001457672878
0.9999999681391993
0.9999998650018951
0.9999999681391991
1.0000001457672878
1.000000231013065
1.0000002254691611
1.0000001420523084
0.9999999260308364
0.999999727788292
0.9999996371865655
0.9999996576600009
0.9999999005236948
1.0000001894528365
1.0000001508980039
1.0000001294544356
1.0000001491540649
1.0000000470241475
1.0000000698210172
1.0000001639053877
1.0000001687379585
1.0000001165726482
0.9999999994945528
0.9999999994945528
0.9999999527976405
1.0000000743012576
1.0000000696142481
1.0000000022803135
1.000000025015705
1.0000000505327789
1.000000048973323
1.00000008101619
1.0000000625686545
0.9999998574855982
0.9999996781029583
0.9999996125718161
0.99999971550755
0.9999999456928049
1.0000001815283754
1.0000003531703967
1.000000396665498
1.000000231013065
1.000000070266384
1.0000000357341639
1.000000070266384
1.000000231013065
1.0000003966654978
1.000000353170397
1.0000001815283754
0.999999945692805
0.9999997155075505
0.9999996125718168
0.999999678102959
0.9999998574855987
1.0000000625686547
1.0000000810161904
1.0000000489733232
1.0000000505327797
1.0000000250157053
1.0000000022803135
1.0000000696142486
1.0000000743012576
0.9999999527976409
0.9999999994945528
0.9999999994945528
0.9999999489367541
0.9999998747389756
0.9999999342982661
1.000000011169789
0.9999999715796479
0.9999999549781079
0.9999999742994954
0.9999999890473331
0.9999999912498968
0.9999999010421514
0.999999725223342
0.9999995933028918
0.9999997503092105
0.9999999734191475
1.000000202287301
1.0000003999658402
1.0000003531703967
1.0000002254691611
1.0000001489188224
1.0000000959138065
1.0000001489188226
1.0000002254691611
1.0000003531703967
1.0000003999658404
1.0000002022873016
0.999999973419148
0.999999750309211
0.9999995933028922
0.9999997252233424
0.9999999010421522
0.999999991249897
0.9999999890473337
0.9999999742994956
0.999999954978108
0.9999999715796483
1.000000011169789
0.9999999342982661
0.999999874738976
0.9999999489367539
0.9999999994945528
0.9999999994945528
0.9999998534933944
0.9999997529293022
0.9999998043745567
0.9999999850425927
0.9999999759655399
0.999999879140653
0.9999998876425945
0.9999999757669958
1.0000000806419787
0.9999999528312998
0.9999998106097243
0.9999997825951
0.9999998004782387
0.9999999881041778
1.000000202845557
1.0000002022873016
1.0000001815283754
1.0000001420523084
1.000000084414327
1.0000000770429671
1.0000000844143275
1.0000001420523081
1.0000001815283759
1.0000002022873016
1.000000202845558
0.9999999881041781
0.9999998004782392
0.9999997825951005
0.9999998106097246
0.9999999528313
1.0000000806419789
0.9999999757669963
0.9999998876425948
0.999999879140653
0.99999997596554
0.9999999850425928
0.9999998043745569
0.9999997529293021
0.9999998534933949
0.9999999994945528
0.9999999994945528
0.9999998826420363
0.9999996425975949
0.9999996844916093
0.9999998723976888
0.9999999365730885
0.9999999275179634
0.9999998676183782
0.999999973694172
1.0000001789902313
1.0000001543459232
1.0000000466719483
0.9999999667089698
0.9999999602736733
0.999999975396973
0.9999999881041775
0.9999999734191475
0.999999945692805
0.9999999260308366
0.9999999307349304
0.9999999364385896
0.9999999307349305
0.9999999260308368
0.9999999456928053
0.9999999734191481
0.999999988104178
0.9999999753969736
0.999999960273674
0.9999999667089703
1.0000000466719485
1.0000001543459238
1.0000001789902322
0.9999999736941724
0.9999998676183786
0.9999999275179632
0.9999999365730882
0.9999998723976891
0.9999996844916089
0.9999996425975951
0.9999998826420364
0.9999999994945528
0.9999999994945528
0.9999998007413344
0.9999996885894942
0.9999996073573639
0.9999997249933396
0.9999999396657024
0.9999999645626383
0.9999998575972151
1.0000000122184844
1.0000003421083887
1.0000004127092443
1.0000003293337767
1.0000001615874055
1.0000000673425677
0.9999999602736739
0.9999998004782389
0.9999997503092111
0.9999997155075503
0.999999727788292
0.9999997565916441
0.9999997222697696
0.9999997565916442
0.9999997277882924
0.9999997155075506
0.9999997503092114
0.9999998004782393
0.9999999602736745
1.0000000673425682
1.0000001615874057
1.000000329333777
1.0000004127092443
1.0000003421083892
1.0000000122184847
0.9999998575972155
0.9999999645626386
0.9999999396657026
0.9999997249933399
0.9999996073573642
0.9999996885894943
0.9999998007413347
0.9999999994945528
0.9999999994945528
0.999999869238891
0.9999997767073968
0.9999996270185711
0.9999996124321942
0.9999998407900916
0.9999999442174528
0.9999999490826528
1.0000000997884597
1.000000362229398
1.000000550787654
1.0000005081636567
1.0000003345811197
1.0000001615874052
0.9999999667089697
0.9999997825951001
0.9999995933028919
0.9999996125718168
0.9999996371865657
0.999999615808691
0.9999996555065912
0.9999996158086912
0.9999996371865658
0.9999996125718172
0.9999995933028927
0.9999997825951009
0.9999999667089706
1.000000161587406
1.00000033458112
1.0000005081636572
1.000000550787654
1.0000003622293985
1.0000000997884602
0.9999999490826529
0.9999999442174529
0.9999998407900916
0.9999996124321938
0.9999996270185714
0.999999776707397
0.999999869238891
0.9999999994945528
0.9999999994945528
0.9999998726713757
0.9999998926276197
0.9999996987170172
0.999999626670731
0.9999997744516638
0.9999999530624079
0.9999999680784328
0.9999999836668344
1.0000002839146698
1.000000464861954
1.0000005277763
1.0000005081636565
1.000000329333777
1.0000000466719483
0.9999998106097245
0.9999997252233425
0.9999996781029588
0.9999996576600013
0.9999997219870536
0.9999997538640767
0.9999997219870539
0.9999996576600015
0.9999996781029593
0.9999997252233427
0.9999998106097252
1.000000046671949
1.0000003293337776
1.0000005081636574
1.0000005277763009
1.000000464861954
1.0000002839146702
0.9999999836668347
0.9999999680784335
0.9999999530624082
0.9999997744516641
0.9999996266707312
0.9999996987170173
0.9999998926276199
0.9999998726713762
0.9999999994945528
0.9999999994945528
1.0000000262009245
0.9999999794439546
0.9999999139431864
0.9999997343920152
0.9999996889551592
0.9999998068395912
0.9999997833230766
0.9999998278360348
1.0000000665989988
1.000000253017036
1.0000004648619536
1.0000005507876537
1.000000412709244
1.0000001543459234
0.9999999528312999
0.9999999010421519
0.9999998574855986
0.999999900523695
0.9999999822062574
0.9999999614387787
0.9999999822062576
0.999999900523695
0.9999998574855989
0.9999999010421526
0.9999999528313008
1.0000001543459238
1.000000412709245
1.0000005507876542
1.0000004648619545
1.0000002530170362
1.000000066598999
0.9999998278360349
0.9999997833230766
0.9999998068395911
0.9999996889551591
0.9999997343920152
0.9999999139431868
0.9999999794439546
1.0000000262009245
0.9999999994945528
0.9999999994945528
1.0000000479116258
1.0000000148010395
1.000000022504042
0.9999998375456325
0.9999996793018269
0.9999998180764672
0.9999997456534722
0.9999996894068884
0.9999998610192262
1.0000000665989988
1.0000002839146696
1.000000362229398
1.0000003421083892
1.0000001789902317
1.0000000806419789
0.999999991249897
1.0000000625686547
1.0000001894528365
1.0000002048004002
1.0000002451819785
1.0000002048004004
1.0000001894528368
1.0000000625686554
0.9999999912498979
1.0000000806419793
1.0000001789902326
1.0000003421083898
1.0000003622293987
1.00000028391467
1.0000000665989996
0.9999998610192266
0.9999996894068888
0.9999997456534724
0.9999998180764673
0.999999679301827
0.9999998375456327
1.0000000225040422
1.0000000148010397
1.000000047911626
0.9999999994945528
0.9999999994945528
1.0000000886705094
1.0000000596367353
1.0000002006196895
1.0000001373299734
1.0000000445842612
1.000000026318205
0.9999999280845707
0.9999997183486989
0.9999996894068882
0.9999998278360344
0.9999999836668344
1.0000000997884597
1.0000000122184844
0.9999999736941718
0.9999999757669963
0.9999999890473334
1.0000000810161904
1.000000150898004
1.0000002750463322
1.000000331105252
1.0000002750463322
1.0000001508980043
1.0000000810161909
0.9999999890473339
0.999999975766997
0.9999999736941729
1.000000012218485
1.0000000997884604
0.9999999836668352
0.9999998278360347
0.999999689406889
0.9999997183486992
0.9999999280845709
1.000000026318205
1.0000000445842612
1.0000001373299734
1.0000002006196897
1.0000000596367353
1.0000000886705096
0.9999999994945528
0.9999999994945528
0.9999999845023969
1.0000000346878946
1.0000000939825613
1.000000239148878
1.0000001720292
1.000000275858856
1.000000285570059
0.9999999280845707
0.9999997456534718
0.9999997833230762
0.9999999680784325
0.9999999490826524
0.9999998575972151
0.9999998676183786
0.9999998876425945
0.9999999742994957
1.000000048973323
1.0000001294544358
1.0000002493554259
1.0000002833709363
1.0000002493554263
1.0000001294544358
1.0000000489733236
0.999999974299496
0.9999998876425953
0.9999998676183789
0.9999998575972162
0.999999949082653
0.9999999680784332
0.9999997833230767
0.9999997456534724
0.9999999280845712
1.0000002855700594
1.0000002758588558
1.0000001720292002
1.0000002391488778
1.0000000939825617
1.0000000346878948
0.9999999845023975
0.9999999994945528
0.9999999994945528
1.0000000913097677
1.0000001657720816
1.0000000458598122
1.0000000989915965
1.0000000392932449
1.0000001142328354
1.0000002758588562
1.0000000263182047
0.9999998180764672
0.9999998068395904
0.9999999530624073
0.9999999442174523
0.9999999645626382
0.9999999275179627
0.9999998791406529
0.9999999549781078
1.0000000505327795
1.000000149154065
1.0000001516254042
1.0000001546200012
1.0000001516254045
1.000000149154065
1.0000000505327797
0.9999999549781087
0.9999998791406539
0.999999927517964
0.9999999645626391
0.9999999442174531
0.9999999530624086
0.9999998068395914
0.9999998180764678
1.000000026318205
1.000000275858856
1.0000001142328356
1.0000000392932442
1.0000000989915967
1.000000045859812
1.000000165772082
1.0000000913097675
0.9999999994945528
0.9999999994945528
1.0000000029740967
1.0000002204055285
1.0000003199854641
1.000000390509317
1.0000001335157993
1.0000000392932447
1.0000001720292
1.000000044584261
0.9999996793018266
0.999999688955159
0.9999997744516637
0.9999998407900914
0.999999939665702
0.999999936573088
0.99999997596554
0.9999999715796478
1.0000000250157053
1.0000000470241477
1.0000000898121522
1.0000000814942904
1.0000000898121524
1.000000047024148
1.0000000250157055
0.9999999715796485
0.9999999759655402
0.9999999365730888
0.9999999396657027
0.9999998407900921
0.9999997744516641
0.9999996889551594
0.9999996793018271
1.0000000445842614
1.0000001720292002
1.0000000392932444
1.000000133515799
1.0000003905093164
1.0000003199854646
1.0000002204055287
1.000000002974097
0.9999999994945528
0.9999999994945528
1.0000001014613253
1.0000000831218792
1.0000001594383332
1.000000290952522
1.0000003905093169
1.0000000989915963
1.0000002391488778
1.0000001373299736
0.9999998375456322
0.9999997343920147
0.9999996266707307
0.9999996124321935
0.9999997249933393
0.9999998723976888
0.9999999850425922
1.0000000111697893
1.0000000022803135
1.0000000698210172
1.000000115452706
1.0000001666160352
1.000000115452706
1.0000000698210174
1.0000000022803137
1.000000011169789
0.9999999850425932
0.9999998723976895
0.99999972499334
0.9999996124321943
0.9999996266707312
0.9999997343920155
0.9999998375456326
1.0000001373299738
1.0000002391488776
1.0000000989915967
1.0000003905093167
1.0000002909525223
1.000000159438333
1.0000000831218792
1.0000001014613253
0.9999999994945528
0.9999999994945528
1.0000000262176578
1.0000001479549365
1.0000002413747122
1.0000001594383332
1.0000003199854646
1.0000000458598124
1.0000000939825613
1.0000002006196893
1.0000000225040424
0.9999999139431864
0.9999996987170171
0.9999996270185708
0.9999996073573637
0.9999996844916087
0.9999998043745566
0.9999999342982658
1.0000000696142481
1.0000001639053875
1.00000021389349
1.0000002041053344
1.0000002138934898
1.000000163905388
1.0000000696142486
0.9999999342982665
0.999999804374557
0.9999996844916091
0.9999996073573645
0.9999996270185713
0.9999996987170177
0.999999913943187
1.0000000225040426
1.0000002006196897
1.0000000939825615
1.0000000458598124
1.0000003199854643
1.0000001594383332
1.000000241374712
1.0000001479549365
1.0000000262176576
0.9999999994945528
0.9999999994945528
1.000000072622907
0.9999999999546989
1.0000001479549367
1.0000000831218794
1.0000002204055287
1.000000165772082
1.0000000346878946
1.0000000596367355
1.0000000148010395
0.9999999794439539
0.9999998926276196
0.9999997767073967
0.9999996885894937
0.9999996425975948
0.9999997529293017
0.9999998747389758
1.0000000743012574
1.0000001687379585
1.000000269016645
1.0000002376228274
1.0000002690166454
1.0000001687379585
1.0000000743012576
0.999999874738976
0.9999997529293021
0.9999996425975951
0.9999996885894944
0.9999997767073971
0.9999998926276201
0.9999999794439544
1.0000000148010397
1.0000000596367355
1.0000000346878948
1.000000165772082
1.0000002204055287
1.0000000831218794
1.0000001479549367
0.9999999999546986
1.0000000726229072
0.9999999994945528
0.9999999994945528
1.0000000003429963
1.0000000726229068
1.0000000262176578
1.0000001014613251
1.000000002974097
1.0000000913097675
0.9999999845023974
1.0000000886705094
1.0000000479116258
1.0000000262009243
0.999999872671376
0.9999998692388905
0.9999998007413348
0.9999998826420362
0.9999998534933947
0.9999999489367537
0.9999999527976405
1.000000116572648
1.000000148692411
1.0000002442918239
1.0000001486924108
1.0000001165726482
0.9999999527976406
0.9999999489367537
0.9999998534933948
0.9999998826420362
0.9999998007413349
0.999999869238891
0.9999998726713761
1.0000000262009245
1.0000000479116262
1.0000000886705096
0.9999999845023974
1.0000000913097675
1.0000000029740967
1.0000001014613253
1.0000000262176578
1.0000000726229075
1.0000000003429965
0.9999999994945528
0.9999999994945528
0.9999999994945528
0.9999999994945528
0.9999999994945528
0.9999999994945528
0.9999999994945528
0.9999999994945528
0.9999999994945528
0.9999999994945528
0.9999999994945528
0.9999999994945528
0.9999999994945528
0.9999999994945528
0.9999999994945528
0.9999999994945528
0.9999999994945528
0.9999999994945528
0.9999999994945528
0.9999999994945528
0.9999999994945528
0.9999999994945528
0.9999999994945528
0.9999999994945528
0.9999999994945528
0.9999999994945528
0.9999999994945528
0.9999999994945528
0.9999999994945528
0.9999999994945528
0.9999999994945528
0.9999999994945528
0.9999999994945528
0.9999999994945528
0.9999999994945528
0.9999999994945528
0.9999999994945528
0.9999999994945528
0.9999999994945528
0.9999999994945528
0.9999999994945528
0.9999999994945528
