1.0
1.0
1.0
1.0
1.0
1.0
1.0
1.0
1.0
1.0
1.0
1.0
1.0
1.0
1.0
1.0
1.0
1.0
1.0
1.0
1.0
1.0
1.0
1.0
1.0
1.0
1.0
1.0
1.0
1.0
1.0
1.0
1.0
1.0
1.0
1.0
1.0
1.0
1.0
1.0
1.0
1.0
0.9999999999697743
0.9999999999258661
0.9999999999068508
0.9999999998570649
0.9999999998444924
0.999999999791927
0.9999999997863483
0.9999999997316613
0.9999999997334664
0.9999999996781386
0.9999999996869948
0.9999999996326447
0.9999999996481981
0.9999999995961605
0.9999999996181574
0.9999999995694824
0.9999999995976873
0.9999999995532184
0.9999999995873201
0.9999999995477532
0.9999999995873202
0.9999999995532188
0.9999999995976866
0.9999999995694826
0.9999999996181568
0.9999999995961603
0.999999999648197
0.9999999996326453
0.9999999996869943
0.9999999996781394
0.9999999997334661
0.999999999731662
0.9999999997863477
0.9999999997919287
0.9999999998444918
0.9999999998570659
0.999999999906851
0.9999999999258659
0.9999999999697742
1.0
1.0
0.9999999999258653
0.9999999998754177
0.9999999997858245
0.9999999997469255
0.9999999996544804
0.9999999996244081
0.9999999995308454
0.9999999995116723
0.9999999994187314
0.9999999994107132
0.9999999993212164
0.99999999932407
0.9999999992404731
0.9999999992541445
0.999999999178248
0.99999999920285
0.9999999991359343
0.9999999991715406
0.9999999991145203
0.9999999991610167
0.9999999991145202
0.9999999991715407
0.9999999991359338
0.9999999992028498
0.9999999991782472
0.9999999992541447
0.9999999992404724
0.9999999993240702
0.9999999993212161
0.9999999994107132
0.9999999994187315
0.9999999995116728
0.999999999530846
0.9999999996244081
0.9999999996544814
0.9999999997469255
0.9999999997858245
0.999999999875418
0.9999999999258657
1.0
1.0
0.999999999906851
0.9999999997858244
0.999999999713315
0.999999999587293
0.9999999995217888
0.999999999399238
0.9999999993433035
0.9999999992251063
0.9999999991811019
0.9999999990703685
0.9999999990386814
0.9999999989387814
0.9999999989198602
0.9999999988332126
0.9999999988279011
0.9999999987559971
0.999999998765255
0.9999999987089158
0.999999998733535
0.999999998693093
0.9999999987335347
0.999999998708916
0.999999998765255
0.9999999987559971
0.9999999988279004
0.9999999988332122
0.9999999989198601
0.9999999989387817
0.9999999990386812
0.9999999990703691
0.9999999991811023
0.9999999992251071
0.999999999343304
0.9999999993992387
0.9999999995217889
0.9999999995872931
0.9999999997133165
0.9999999997858241
0.9999999999068514
1.0
1.0
0.9999999998570659
0.999999999746925
0.9999999995872932
0.9999999994864296
0.9999999993342661
0.9999999992382854
0.9999999990958252
0.9999999990101758
0.9999999988793813
0.9999999988061224
0.9999999986909623
0.9999999986311732
0.9999999985348451
0.9999999984900803
0.9999999984144712
0.9999999983866299
0.999999998332589
0.9999999983235033
0.9999999982911422
0.9999999983022869
0.9999999982911426
0.9999999983235031
0.9999999983325887
0.9999999983866297
0.9999999984144707
0.9999999984900805
0.9999999985348448
0.9999999986311732
0.9999999986909626
0.9999999988061227
0.9999999988793813
0.9999999990101763
0.9999999990958254
0.9999999992382861
0.9999999993342666
0.9999999994864309
0.9999999995872934
0.9999999997469264
0.9999999998570654
1.0
1.0
0.9999999998444918
0.9999999996544808
0.9999999995217881
0.9999999993342666
0.9999999992028595
0.9999999990306293
0.9999999989059887
0.9999999987490898
0.999999998636557
0.9999999984985996
0.9999999984002736
0.9999999982853695
0.9999999982033313
0.9999999981141706
0.9999999980510136
0.9999999979888868
0.9999999979472927
0.9999999979124718
0.9999999978947859
0.9999999978867881
0.9999999978947854
0.9999999979124724
0.9999999979472924
0.9999999979888865
0.9999999980510136
0.9999999981141702
0.9999999982033315
0.9999999982853701
0.9999999984002734
0.9999999984985999
0.9999999986365581
0.99999999874909
0.9999999989059895
0.99999999903063
0.9999999992028602
0.9999999993342665
0.9999999995217892
0.9999999996544812
0.9999999998444926
1.0
1.0
0.9999999997919286
0.9999999996244074
0.9999999993992388
0.9999999992382851
0.9999999990306293
0.9999999988709389
0.9999999986827529
0.9999999985337439
0.9999999983664937
0.9999999982325444
0.9999999980908204
0.9999999979746125
0.9999999978621722
0.9999999977667743
0.9999999976857488
0.9999999976144708
0.9999999975656875
0.999999997521564
0.9999999975049015
0.9999999974903425
0.9999999975049021
0.9999999975215634
0.9999999975656876
0.9999999976144709
0.9999999976857487
0.9999999977667744
0.9999999978621721
0.9999999979746119
0.9999999980908209
0.9999999982325444
0.9999999983664936
0.9999999985337439
0.9999999986827535
0.9999999988709395
0.99999999903063
0.9999999992382866
0.9999999993992381
0.9999999996244091
0.9999999997919278
1.0
1.0
0.9999999997863475
0.9999999995308461
0.9999999993433031
0.9999999990958253
0.9999999989059893
0.9999999986827528
0.9999999984995327
0.9999999982991097
0.9999999981312337
0.9999999979572513
0.9999999978086966
0.9999999976658791
0.9999999975401453
0.9999999974317325
0.9999999973325883
0.9999999972602875
0.9999999971913103
0.9999999971556857
0.9999999971198059
0.9999999971205233
0.999999997119805
0.999999997155686
0.9999999971913097
0.9999999972602881
0.9999999973325875
0.9999999974317325
0.9999999975401449
0.9999999976658793
0.9999999978086968
0.9999999979572523
0.9999999981312345
0.9999999982991105
0.9999999984995332
0.9999999986827536
0.9999999989059899
0.9999999990958254
0.9999999993433045
0.9999999995308457
0.9999999997863486
1.0
1.0
0.9999999997316618
0.9999999995116727
0.9999999992251067
0.9999999990101764
0.9999999987490893
0.9999999985337439
0.9999999982991097
0.9999999980971392
0.9999999978893459
0.9999999977077461
0.9999999975316582
0.9999999973746951
0.999999997234675
0.9999999971065495
0.9999999970053722
0.9999999969101496
0.9999999968492669
0.999999996790374
0.9999999967702182
0.9999999967501273
0.9999999967702188
0.9999999967903739
0.9999999968492669
0.9999999969101498
0.9999999970053719
0.99999999710655
0.9999999972346746
0.9999999973746952
0.9999999975316585
0.9999999977077463
0.9999999978893456
0.99999999809714
0.9999999982991098
0.9999999985337452
0.9999999987490894
0.9999999990101773
0.9999999992251065
0.9999999995116733
0.9999999997316614
1.0
1.0
0.9999999997334663
0.999999999418731
0.9999999991811023
0.999999998879381
0.9999999986365582
0.9999999983664931
0.9999999981312344
0.9999999978893452
0.999999997674091
0.9999999974635149
0.9999999972742877
0.9999999971001461
0.9999999969417172
0.99999999680792
0.9999999966848263
0.9999999965938592
0.9999999965100185
0.9999999964632325
0.9999999964215538
0.9999999964193185
0.999999996421553
0.9999999964632326
0.9999999965100178
0.9999999965938599
0.9999999966848256
0.9999999968079197
0.9999999969417168
0.9999999971001466
0.999999997274287
0.9999999974635166
0.9999999976740919
0.9999999978893462
0.9999999981312344
0.9999999983664937
0.9999999986365582
0.9999999988793816
0.9999999991811025
0.9999999994187317
0.9999999997334669
1.0
1.0
0.9999999996781391
0.9999999994107137
0.9999999990703689
0.999999998806123
0.9999999984985997
0.9999999982325447
0.9999999979572509
0.9999999977077468
0.9999999974635154
0.9999999972403624
0.9999999970319832
0.9999999968410213
0.9999999966733845
0.9999999965197083
0.999999996396381
0.9999999962844377
0.9999999962077668
0.999999996140971
0.9999999961122518
0.9999999960927647
0.9999999961122523
0.9999999961409707
0.9999999962077672
0.9999999962844371
0.9999999963963817
0.999999996519708
0.9999999966733852
0.9999999968410214
0.9999999970319847
0.9999999972403619
0.9999999974635159
0.999999997707747
0.9999999979572519
0.9999999982325452
0.9999999984986
0.9999999988061234
0.9999999990703692
0.9999999994107135
0.9999999996781384
1.0
1.0
0.9999999996869943
0.9999999993212161
0.9999999990386814
0.9999999986909626
0.9999999984002736
0.9999999980908203
0.9999999978086971
0.9999999975316578
0.9999999972742877
0.9999999970319834
0.99999999680743
0.9999999966052111
0.9999999964193517
0.9999999962618229
0.9999999961196815
0.9999999960102375
0.9999999959157803
0.9999999958567102
0.999999995812591
0.9999999958050992
0.9999999958125907
0.9999999958567097
0.9999999959157805
0.9999999960102376
0.9999999961196815
0.9999999962618218
0.999999996419352
0.999999996605211
0.9999999968074302
0.999999997031984
0.9999999972742886
0.9999999975316586
0.9999999978086975
0.9999999980908205
0.9999999984002743
0.9999999986909629
0.9999999990386815
0.9999999993212167
0.999999999686995
1.0
1.0
0.9999999996326455
0.9999999993240707
0.9999999989387818
0.999999998631174
0.9999999982853705
0.9999999979746124
0.9999999976658794
0.9999999973746958
0.9999999971001465
0.9999999968410216
0.999999996605211
0.999999996385386
0.9999999961936976
0.9999999960189082
0.9999999958757585
0.9999999957505873
0.999999995659274
0.9999999955869553
0.9999999955496544
0.9999999955319699
0.9999999955496547
0.9999999955869556
0.999999995659274
0.9999999957505867
0.9999999958757584
0.9999999960189085
0.9999999961936981
0.9999999963853861
0.999999996605212
0.9999999968410219
0.9999999971001468
0.9999999973746955
0.9999999976658798
0.9999999979746128
0.9999999982853701
0.9999999986311737
0.9999999989387822
0.9999999993240699
0.9999999996326452
1.0
1.0
0.9999999996481971
0.9999999992404727
0.9999999989198605
0.999999998534845
0.9999999982033316
0.9999999978621726
0.9999999975401453
0.9999999972346749
0.9999999969417176
0.9999999966733852
0.9999999964193518
0.9999999961936982
0.9999999959853079
0.9999999958076476
0.9999999956501676
0.9999999955248157
0.9999999954221093
0.9999999953522436
0.9999999953066799
0.999999995294236
0.9999999953066797
0.9999999953522435
0.9999999954221092
0.9999999955248162
0.9999999956501674
0.9999999958076471
0.9999999959853073
0.999999996193698
0.9999999964193521
0.9999999966733848
0.9999999969417184
0.9999999972346754
0.999999997540146
0.9999999978621723
0.9999999982033324
0.9999999985348453
0.9999999989198598
0.9999999992404736
0.9999999996481976
1.0
1.0
0.9999999995961611
0.9999999992541445
0.9999999988332132
0.9999999984900813
0.9999999981141714
0.9999999977667748
0.9999999974317334
0.9999999971065506
0.9999999968079203
0.999999996519709
0.9999999962618225
0.9999999960189087
0.9999999958076466
0.9999999956161482
0.9999999954567551
0.9999999953212274
0.9999999952178742
0.9999999951413407
0.9999999950969339
0.9999999950808868
0.9999999950969338
0.9999999951413412
0.9999999952178746
0.9999999953212272
0.9999999954567554
0.9999999956161486
0.9999999958076473
0.9999999960189089
0.9999999962618229
0.9999999965197092
0.9999999968079201
0.9999999971065505
0.9999999974317327
0.9999999977667754
0.9999999981141706
0.999999998490081
0.9999999988332137
0.9999999992541442
0.999999999596161
1.0
1.0
0.9999999996181567
0.999999999178248
0.9999999988279005
0.9999999984144715
0.9999999980510136
0.9999999976857498
0.9999999973325878
0.9999999970053728
0.9999999966848264
0.9999999963963822
0.9999999961196816
0.9999999958757592
0.9999999956501684
0.9999999954567553
0.9999999952876067
0.9999999951498352
0.9999999950408354
0.9999999949626058
0.9999999949159111
0.9999999948996798
0.999999994915911
0.9999999949626054
0.9999999950408355
0.9999999951498357
0.9999999952876063
0.9999999954567552
0.9999999956501678
0.9999999958757593
0.9999999961196812
0.9999999963963818
0.9999999966848268
0.9999999970053729
0.9999999973325886
0.9999999976857493
0.9999999980510144
0.9999999984144713
0.999999998827901
0.999999999178248
0.9999999996181576
1.0
1.0
0.9999999995694827
0.9999999992028501
0.9999999987559979
0.9999999983866308
0.9999999979888872
0.9999999976144719
0.9999999972602885
0.9999999969101506
0.9999999965938601
0.9999999962844381
0.9999999960102387
0.9999999957505862
0.9999999955248166
0.9999999953212273
0.9999999951498355
0.9999999950067657
0.9999999948946138
0.9999999948149167
0.9999999947654252
0.9999999947504333
0.9999999947654258
0.9999999948149177
0.9999999948946142
0.9999999950067658
0.9999999951498361
0.9999999953212279
0.9999999955248164
0.9999999957505872
0.9999999960102386
0.9999999962844387
0.99999999659386
0.999999996910151
0.9999999972602879
0.9999999976144726
0.9999999979888865
0.999999998386631
0.9999999987559978
0.9999999992028505
0.9999999995694824
1.0
1.0
0.9999999995976864
0.9999999991359345
0.9999999987652548
0.9999999983325891
0.9999999979472927
0.9999999975656882
0.9999999971913102
0.9999999968492675
0.9999999965100184
0.9999999962077671
0.9999999959157801
0.9999999956592749
0.9999999954221096
0.9999999952178745
0.999999995040836
0.9999999948946134
0.999999994781271
0.9999999946974573
0.9999999946498461
0.9999999946312043
0.9999999946498461
0.9999999946974572
0.9999999947812711
0.9999999948946137
0.9999999950408359
0.9999999952178743
0.9999999954221103
0.9999999956592746
0.999999995915781
0.9999999962077672
0.9999999965100188
0.9999999968492672
0.9999999971913115
0.9999999975656872
0.9999999979472939
0.9999999983325892
0.9999999987652558
0.9999999991359348
0.9999999995976872
1.0
1.0
0.9999999995532192
0.9999999991715408
0.9999999987089162
0.9999999983235041
0.9999999979124726
0.9999999975215644
0.9999999971556867
0.9999999967903748
0.9999999964632327
0.9999999961409717
0.9999999958567105
0.9999999955869551
0.9999999953522435
0.9999999951413414
0.9999999949626057
0.9999999948149175
0.9999999946974573
0.9999999946157353
0.9999999945632649
0.999999994548779
0.9999999945632656
0.999999994615736
0.9999999946974576
0.9999999948149185
0.9999999949626058
0.9999999951413423
0.9999999953522435
0.9999999955869561
0.9999999958567102
0.9999999961409716
0.9999999964632335
0.9999999967903747
0.9999999971556863
0.9999999975215655
0.9999999979124727
0.9999999983235044
0.9999999987089162
0.9999999991715409
0.9999999995532188
1.0
1.0
0.9999999995873199
0.9999999991145203
0.9999999987335348
0.9999999982911421
0.999999997894786
0.9999999975049021
0.999999997119806
0.9999999967702187
0.9999999964215542
0.999999996112252
0.9999999958125916
0.9999999955496542
0.9999999953066809
0.9999999950969338
0.9999999949159114
0.9999999947654253
0.9999999946498461
0.9999999945632654
0.9999999945151142
0.999999994495336
0.9999999945151139
0.9999999945632653
0.9999999946498459
0.9999999947654254
0.999999994915911
0.9999999950969343
0.9999999953066805
0.9999999955496542
0.999999995812592
0.9999999961122523
0.9999999964215537
0.9999999967702193
0.9999999971198066
0.9999999975049019
0.9999999978947863
0.9999999982911428
0.9999999987335348
0.9999999991145208
0.9999999995873203
1.0
1.0
0.9999999995477538
0.9999999991610169
0.9999999986930938
0.9999999983022879
0.9999999978867886
0.9999999974903431
0.9999999971205238
0.999999996750128
0.9999999964193189
0.9999999960927657
0.9999999958050994
0.9999999955319703
0.9999999952942356
0.999999995080887
0.9999999948996802
0.9999999947504333
0.9999999946312047
0.9999999945487785
0.9999999944953362
0.9999999944809881
0.9999999944953365
0.999999994548779
0.9999999946312045
0.9999999947504337
0.9999999948996804
0.9999999950808868
0.9999999952942368
0.9999999955319708
0.9999999958050992
0.9999999960927655
0.9999999964193197
0.9999999967501276
0.9999999971205239
0.9999999974903437
0.9999999978867892
0.9999999983022875
0.9999999986930935
0.9999999991610168
0.9999999995477533
1.0
1.0
0.9999999995873193
0.9999999991145213
0.9999999987335346
0.9999999982911426
0.9999999978947858
0.9999999975049026
0.9999999971198061
0.9999999967702188
0.9999999964215537
0.9999999961122518
0.9999999958125911
0.9999999955496544
0.9999999953066803
0.9999999950969339
0.9999999949159106
0.9999999947654259
0.9999999946498458
0.9999999945632656
0.999999994515114
0.999999994495336
0.9999999945151139
0.9999999945632649
0.9999999946498461
0.9999999947654257
0.9999999949159107
0.9999999950969344
0.9999999953066798
0.9999999955496544
0.9999999958125915
0.9999999961122525
0.9999999964215535
0.9999999967702191
0.9999999971198062
0.9999999975049018
0.999999997894786
0.9999999982911427
0.9999999987335348
0.999999999114521
0.9999999995873203
1.0
1.0
0.9999999995532195
0.9999999991715406
0.9999999987089163
0.9999999983235052
0.9999999979124728
0.999999997521565
0.9999999971556859
0.9999999967903748
0.9999999964632327
0.999999996140972
0.9999999958567102
0.9999999955869558
0.9999999953522428
0.9999999951413416
0.9999999949626053
0.9999999948149179
0.9999999946974569
0.9999999946157355
0.9999999945632653
0.9999999945487786
0.9999999945632657
0.9999999946157353
0.999999994697457
0.9999999948149174
0.9999999949626057
0.9999999951413414
0.9999999953522443
0.9999999955869555
0.9999999958567108
0.9999999961409709
0.9999999964632336
0.9999999967903741
0.9999999971556868
0.9999999975215644
0.9999999979124727
0.9999999983235038
0.9999999987089165
0.9999999991715406
0.9999999995532188
1.0
1.0
0.9999999995976863
0.9999999991359352
0.999999998765255
0.9999999983325891
0.9999999979472932
0.9999999975656884
0.9999999971913108
0.9999999968492673
0.9999999965100183
0.9999999962077672
0.99999999591578
0.9999999956592746
0.9999999954221099
0.9999999952178742
0.9999999950408356
0.9999999948946134
0.9999999947812716
0.9999999946974575
0.9999999946498456
0.9999999946312044
0.9999999946498453
0.9999999946974572
0.9999999947812711
0.9999999948946136
0.9999999950408355
0.9999999952178743
0.9999999954221092
0.9999999956592748
0.9999999959157801
0.9999999962077677
0.999999996510018
0.9999999968492674
0.9999999971913106
0.9999999975656876
0.9999999979472931
0.9999999983325891
0.9999999987652552
0.9999999991359351
0.999999999597687
1.0
1.0
0.9999999995694833
0.9999999992028501
0.9999999987559977
0.9999999983866316
0.9999999979888877
0.9999999976144721
0.9999999972602884
0.9999999969101507
0.9999999965938604
0.9999999962844379
0.9999999960102385
0.9999999957505868
0.9999999955248157
0.9999999953212273
0.9999999951498351
0.9999999950067662
0.9999999948946134
0.9999999948149176
0.9999999947654258
0.9999999947504332
0.9999999947654259
0.999999994814918
0.999999994894613
0.9999999950067662
0.9999999951498352
0.9999999953212282
0.9999999955248167
0.9999999957505871
0.9999999960102386
0.999999996284438
0.9999999965938604
0.9999999969101505
0.9999999972602881
0.9999999976144724
0.9999999979888867
0.9999999983866309
0.999999998755998
0.9999999992028499
0.9999999995694825
1.0
1.0
0.9999999996181562
0.9999999991782484
0.9999999988279007
0.9999999984144717
0.999999998051014
0.9999999976857504
0.9999999973325884
0.9999999970053733
0.9999999966848256
0.9999999963963826
0.9999999961196808
0.999999995875759
0.9999999956501673
0.9999999954567559
0.9999999952876059
0.9999999951498358
0.9999999950408353
0.9999999949626056
0.9999999949159106
0.9999999948996802
0.9999999949159106
0.999999994962605
0.9999999950408364
0.9999999951498351
0.9999999952876071
0.9999999954567551
0.999999995650168
0.9999999958757587
0.9999999961196819
0.9999999963963817
0.9999999966848269
0.9999999970053725
0.9999999973325889
0.9999999976857488
0.9999999980510144
0.9999999984144713
0.9999999988279007
0.9999999991782484
0.9999999996181574
1.0
1.0
0.9999999995961611
0.9999999992541451
0.9999999988332134
0.9999999984900819
0.9999999981141716
0.9999999977667757
0.9999999974317333
0.9999999971065509
0.9999999968079213
0.9999999965197092
0.999999996261823
0.9999999960189091
0.999999995807647
0.999999995616148
0.9999999954567551
0.9999999953212272
0.9999999952178747
0.9999999951413419
0.9999999950969344
0.9999999950808868
0.9999999950969344
0.9999999951413422
0.9999999952178734
0.9999999953212283
0.9999999954567553
0.9999999956161493
0.999999995807648
0.9999999960189095
0.9999999962618228
0.9999999965197096
0.9999999968079205
0.9999999971065504
0.9999999974317327
0.999999997766776
0.9999999981141708
0.9999999984900814
0.9999999988332139
0.9999999992541444
0.9999999995961608
1.0
1.0
0.9999999996481972
0.9999999992404731
0.9999999989198608
0.9999999985348451
0.9999999982033325
0.9999999978621732
0.9999999975401461
0.9999999972346758
0.9999999969417172
0.9999999966733857
0.9999999964193516
0.9999999961936987
0.9999999959853074
0.9999999958076476
0.9999999956501676
0.9999999955248166
0.9999999954221088
0.9999999953522437
0.9999999953066802
0.9999999952942362
0.9999999953066797
0.9999999953522436
0.9999999954221105
0.9999999955248161
0.9999999956501685
0.9999999958076478
0.9999999959853078
0.9999999961936986
0.9999999964193528
0.999999996673385
0.9999999969417179
0.9999999972346756
0.9999999975401466
0.999999997862172
0.9999999982033329
0.9999999985348451
0.99999999891986
0.9999999992404733
0.9999999996481977
1.0
1.0
0.9999999996326462
0.9999999993240708
0.9999999989387824
0.9999999986311746
0.9999999982853713
0.9999999979746134
0.9999999976658808
0.9999999973746959
0.9999999971001479
0.999999996841022
0.9999999966052122
0.9999999963853865
0.9999999961936982
0.9999999960189088
0.9999999958757585
0.9999999957505868
0.9999999956592751
0.999999995586956
0.999999995549654
0.9999999955319713
0.999999995549655
0.9999999955869562
0.9999999956592743
0.9999999957505876
0.9999999958757594
0.9999999960189095
0.9999999961936991
0.999999996385387
0.9999999966052119
0.9999999968410227
0.9999999971001475
0.9999999973746958
0.99999999766588
0.9999999979746135
0.9999999982853706
0.9999999986311743
0.9999999989387824
0.9999999993240707
0.9999999996326456
1.0
1.0
0.9999999996869938
0.9999999993212165
0.9999999990386818
0.9999999986909635
0.9999999984002743
0.9999999980908216
0.9999999978086977
0.9999999975316595
0.9999999972742878
0.9999999970319845
0.99999999680743
0.9999999966052115
0.9999999964193522
0.9999999962618229
0.9999999961196818
0.9999999960102384
0.9999999959157801
0.9999999958567102
0.9999999958125924
0.9999999958050989
0.9999999958125912
0.999999995856711
0.9999999959157811
0.9999999960102389
0.9999999961196819
0.9999999962618237
0.9999999964193526
0.9999999966052122
0.9999999968074313
0.9999999970319844
0.9999999972742887
0.9999999975316596
0.9999999978086984
0.9999999980908212
0.9999999984002746
0.9999999986909632
0.999999999038682
0.9999999993212165
0.9999999996869949
1.0
1.0
0.9999999996781402
0.9999999994107136
0.9999999990703697
0.9999999988061241
0.9999999984986013
0.9999999982325458
0.9999999979572525
0.9999999977077478
0.999999997463517
0.9999999972403626
0.9999999970319849
0.9999999968410216
0.9999999966733855
0.9999999965197085
0.999999996396382
0.9999999962844377
0.9999999962077682
0.9999999961409715
0.9999999961122522
0.9999999960927658
0.9999999961122532
0.9999999961409715
0.9999999962077676
0.9999999962844389
0.9999999963963827
0.9999999965197096
0.9999999966733862
0.9999999968410227
0.999999997031985
0.9999999972403637
0.9999999974635166
0.9999999977077476
0.9999999979572521
0.9999999982325452
0.9999999984986004
0.9999999988061237
0.9999999990703694
0.999999999410714
0.9999999996781391
1.0
1.0
0.9999999997334655
0.9999999994187317
0.9999999991811029
0.999999998879382
0.999999998636559
0.9999999983664947
0.9999999981312357
0.9999999978893462
0.9999999976740922
0.9999999974635162
0.9999999972742882
0.9999999971001472
0.9999999969417182
0.9999999968079204
0.9999999966848268
0.9999999965938601
0.9999999965100183
0.9999999964632329
0.9999999964215549
0.9999999964193187
0.9999999964215537
0.9999999964632331
0.9999999965100195
0.9999999965938599
0.9999999966848274
0.9999999968079207
0.9999999969417184
0.9999999971001475
0.9999999972742889
0.9999999974635164
0.9999999976740923
0.9999999978893467
0.9999999981312359
0.9999999983664946
0.9999999986365592
0.9999999988793814
0.9999999991811033
0.9999999994187316
0.9999999997334666
1.0
1.0
0.9999999997316624
0.9999999995116731
0.9999999992251072
0.9999999990101774
0.9999999987490904
0.9999999985337452
0.9999999982991108
0.999999998097141
0.9999999978893465
0.9999999977077472
0.999999997531659
0.9999999973746958
0.9999999972346749
0.9999999971065506
0.9999999970053721
0.9999999969101511
0.9999999968492677
0.9999999967903749
0.9999999967702188
0.9999999967501286
0.9999999967702193
0.9999999967903747
0.9999999968492673
0.999999996910152
0.9999999970053729
0.9999999971065515
0.9999999972346759
0.9999999973746966
0.9999999975316594
0.999999997707748
0.9999999978893468
0.9999999980971409
0.99999999829911
0.9999999985337452
0.9999999987490897
0.9999999990101778
0.9999999992251067
0.9999999995116735
0.9999999997316614
1.0
1.0
0.9999999997863478
0.9999999995308458
0.9999999993433045
0.9999999990958256
0.9999999989059902
0.9999999986827546
0.999999998499534
0.9999999982991107
0.9999999981312352
0.9999999979572523
0.9999999978086973
0.9999999976658798
0.9999999975401459
0.9999999974317328
0.9999999973325888
0.9999999972602884
0.9999999971913105
0.9999999971556865
0.9999999971198064
0.9999999971205239
0.9999999971198057
0.9999999971556868
0.9999999971913113
0.9999999972602882
0.9999999973325889
0.9999999974317333
0.9999999975401462
0.9999999976658807
0.9999999978086981
0.9999999979572528
0.9999999981312352
0.9999999982991107
0.9999999984995342
0.9999999986827539
0.9999999989059906
0.999999999095825
0.9999999993433046
0.9999999995308455
0.9999999997863486
1.0
1.0
0.9999999997919287
0.9999999996244082
0.9999999993992388
0.9999999992382868
0.9999999990306307
0.9999999988709396
0.9999999986827541
0.9999999985337452
0.9999999983664943
0.9999999982325453
0.9999999980908209
0.999999997974613
0.9999999978621724
0.9999999977667754
0.9999999976857491
0.999999997614472
0.9999999975656885
0.9999999975215647
0.9999999975049021
0.9999999974903435
0.9999999975049033
0.9999999975215644
0.9999999975656884
0.9999999976144726
0.9999999976857501
0.9999999977667761
0.9999999978621733
0.9999999979746135
0.9999999980908215
0.9999999982325454
0.9999999983664953
0.9999999985337451
0.9999999986827538
0.9999999988709392
0.9999999990306302
0.9999999992382866
0.9999999993992388
0.9999999996244084
0.9999999997919281
1.0
1.0
0.9999999998444922
0.9999999996544814
0.9999999995217889
0.9999999993342671
0.9999999992028601
0.9999999990306312
0.9999999989059899
0.9999999987490906
0.9999999986365583
0.9999999984986007
0.999999998400274
0.9999999982853707
0.999999998203332
0.999999998114171
0.9999999980510141
0.9999999979888874
0.9999999979472926
0.9999999979124728
0.999999997894786
0.9999999978867885
0.9999999978947857
0.9999999979124734
0.9999999979472929
0.9999999979888873
0.9999999980510139
0.9999999981141716
0.9999999982033325
0.9999999982853711
0.9999999984002742
0.9999999984986014
0.999999998636558
0.9999999987490905
0.9999999989059898
0.9999999990306307
0.99999999920286
0.9999999993342668
0.9999999995217885
0.9999999996544813
0.9999999998444924
1.0
1.0
0.9999999998570656
0.9999999997469259
0.9999999995872937
0.9999999994864311
0.9999999993342676
0.9999999992382859
0.9999999990958259
0.9999999990101768
0.9999999988793824
0.9999999988061228
0.9999999986909633
0.9999999986311738
0.9999999985348453
0.9999999984900813
0.9999999984144716
0.9999999983866302
0.9999999983325899
0.9999999983235038
0.9999999982911429
0.9999999983022879
0.9999999982911434
0.9999999983235038
0.9999999983325898
0.9999999983866311
0.999999998414472
0.9999999984900814
0.9999999985348459
0.9999999986311741
0.9999999986909638
0.9999999988061233
0.9999999988793826
0.9999999990101771
0.9999999990958259
0.9999999992382862
0.9999999993342671
0.9999999994864307
0.9999999995872936
0.9999999997469259
0.9999999998570658
1.0
1.0
0.9999999999068512
0.9999999997858248
0.9999999997133159
0.9999999995872934
0.9999999995217889
0.9999999993992391
0.9999999993433045
0.9999999992251066
0.9999999991811033
0.9999999990703696
0.999999999038682
0.9999999989387819
0.999999998919861
0.9999999988332127
0.9999999988279015
0.9999999987559974
0.9999999987652552
0.9999999987089161
0.9999999987335351
0.9999999986930936
0.9999999987335348
0.9999999987089164
0.9999999987652555
0.999999998755997
0.9999999988279016
0.9999999988332129
0.9999999989198611
0.999999998938782
0.9999999990386821
0.9999999990703692
0.9999999991811028
0.9999999992251067
0.9999999993433044
0.9999999993992388
0.999999999521789
0.9999999995872934
0.9999999997133158
0.9999999997858247
0.9999999999068511
1.0
1.0
0.9999999999258653
0.9999999998754182
0.9999999997858244
0.9999999997469263
0.9999999996544813
0.9999999996244082
0.999999999530846
0.9999999995116732
0.9999999994187317
0.9999999994107137
0.9999999993212169
0.99999999932407
0.9999999992404733
0.9999999992541444
0.9999999991782486
0.9999999992028497
0.9999999991359348
0.999999999171541
0.9999999991145208
0.9999999991610173
0.999999999114521
0.9999999991715407
0.9999999991359347
0.9999999992028501
0.9999999991782484
0.9999999992541446
0.9999999992404736
0.9999999993240704
0.9999999993212171
0.9999999994107135
0.9999999994187321
0.9999999995116733
0.9999999995308458
0.9999999996244084
0.9999999996544812
0.9999999997469262
0.9999999997858247
0.9999999998754179
0.9999999999258659
1.0
1.0
0.9999999999697738
0.9999999999258655
0.9999999999068512
0.9999999998570654
0.9999999998444923
0.9999999997919287
0.9999999997863481
0.9999999997316615
0.9999999997334663
0.9999999996781394
0.9999999996869943
0.9999999996326456
0.9999999996481972
0.9999999995961614
0.9999999996181569
0.9999999995694832
0.9999999995976865
0.999999999553219
0.9999999995873199
0.9999999995477538
0.9999999995873201
0.9999999995532192
0.9999999995976868
0.9999999995694827
0.9999999996181569
0.999999999596161
0.9999999996481976
0.9999999996326453
0.9999999996869947
0.9999999996781391
0.9999999997334664
0.9999999997316614
0.9999999997863486
0.999999999791928
0.9999999998444925
0.9999999998570653
0.999999999906851
0.9999999999258657
0.9999999999697741
1.0
1.0
1.0
1.0
1.0
1.0
1.0
1.0
1.0
1.0
1.0
1.0
1.0
1.0
1.0
1.0
1.0
1.0
1.0
1.0
1.0
1.0
1.0
1.0
1.0
1.0
1.0
1.0
1.0
1.0
1.0
1.0
1.0
1.0
1.0
1.0
1.0
1.0
1.0
1.0
1.0
1.0
