1.0000015876300148
1.0000015876300148
1.0000015876300148
1.0000015876300148
1.0000015876300148
1.0000015876300148
1.0000015876300148
1.0000015876300148
1.0000015876300148
1.0000015876300148
1.0000015876300148
1.0000015876300148
1.0000015876300148
1.0000015876300148
1.0000015876300148
1.0000015876300148
1.0000015876300148
1.0000015876300148
1.0000015876300148
1.0000015876300148
1.0000015876300148
1.0000015876300148
1.0000015876300148
1.0000015876300148
1.0000015876300148
1.0000015876300148
1.0000015876300148
1.0000015876300148
1.0000015876300148
1.0000015876300148
1.0000015876300148
1.0000015876300148
1.0000015876300148
1.0000015876300148
1.0000015876300148
1.0000015876300148
1.0000015876300148
1.0000015876300148
1.0000015876300148
1.0000015876300148
1.0000015876300148
1.0000015876300148
1.0000217280141837
1.0000449130881564
1.0000549360497002
1.0000447430912578
1.0000387412998033
1.0000138447419211
1.0000018417033998
0.9999779246343532
0.9999737060950752
0.9999579538474619
0.9999616172221724
0.9999530165651179
0.9999634637568559
0.9999636466194168
0.9999829656093921
0.9999874099091448
1.0000051199214912
1.0000042365694666
1.0000150061532644
1.000008170149676
1.0000150061532644
1.0000042365694666
1.0000051199214912
0.9999874099091445
0.999982965609392
0.9999636466194161
0.9999634637568555
0.9999530165651181
0.9999616172221728
0.9999579538474619
0.9999737060950754
0.9999779246343535
1.0000018417034005
1.0000138447419216
1.0000387412998037
1.0000447430912582
1.000054936049701
1.000044913088157
1.0000217280141837
1.0000015876300148
1.0000015876300148
1.0000449130881572
1.0000346628552892
1.0000452087862726
1.0000229318410585
1.0000185357644014
0.9999959664338657
0.9999859312687568
0.9999725448395941
0.999968068119631
0.9999635157654176
0.9999598278216937
0.9999604457507776
0.9999595764548729
0.9999734025407898
0.9999853067401152
1.0000078455047239
1.0000166605953218
1.0000316017580997
1.0000292088440803
1.000036078768766
1.0000292088440803
1.0000316017580992
1.0000166605953213
1.0000078455047232
0.9999853067401149
0.9999734025407897
0.9999595764548731
0.9999604457507775
0.9999598278216936
0.9999635157654176
0.999968068119632
0.9999725448395946
0.9999859312687571
0.9999959664338657
1.0000185357644016
1.000022931841059
1.0000452087862728
1.0000346628552887
1.000044913088157
1.0000015876300148
1.0000015876300148
1.0000549360497
1.0000452087862721
1.0000567743653241
1.000027469295387
1.0000084907165299
0.9999774249206523
0.9999598780457251
0.9999531788347782
0.999956772415316
0.9999666086070466
0.9999726015183544
0.9999791354039324
0.9999806875303779
0.9999919291579665
1.0000040979412745
1.0000200797075158
1.0000281791464447
1.0000341344424748
1.0000322851584469
1.0000329466802855
1.000032285158447
1.0000341344424746
1.0000281791464445
1.0000200797075154
1.0000040979412743
0.9999919291579666
0.9999806875303777
0.9999791354039322
0.999972601518355
0.999966608607047
0.9999567724153161
0.9999531788347783
0.9999598780457257
0.9999774249206529
1.0000084907165303
1.0000274692953868
1.0000567743653244
1.0000452087862728
1.0000549360497006
1.0000015876300148
1.0000015876300148
1.0000447430912576
1.0000229318410587
1.000027469295387
1.0000243807927738
1.000004334157409
0.9999959192190374
0.9999673596044915
0.9999679243388858
0.9999595302011245
0.9999754951623726
0.9999809585123325
0.999994371854436
1.0000013945739512
1.000012162416533
1.0000261029209607
1.000030259635661
1.0000353166830622
1.0000238031796276
1.0000221543974879
1.0000118233530322
1.0000221543974879
1.0000238031796276
1.000035316683062
1.0000302596356605
1.00002610292096
1.0000121624165328
1.0000013945739512
0.9999943718544367
0.9999809585123329
0.9999754951623735
0.9999595302011244
0.9999679243388868
0.9999673596044912
0.9999959192190382
1.0000043341574087
1.0000243807927751
1.0000274692953868
1.000022931841059
1.0000447430912578
1.0000015876300148
1.0000015876300148
1.0000387412998035
1.0000185357644014
1.0000084907165296
1.0000043341574087
0.9999860450799356
0.9999848199203462
0.9999817818404232
0.9999860708085616
0.9999959452537299
0.9999972954672963
1.0000040960867347
1.0000006396668295
1.0000083384917655
1.0000151577329381
1.0000269669805206
1.0000328102968696
1.0000248292838723
1.0000150073472263
0.9999960104025551
0.9999951841326638
0.9999960104025556
1.000015007347226
1.000024829283872
1.0000328102968694
1.0000269669805206
1.0000151577329386
1.000008338491766
1.0000006396668295
1.0000040960867358
0.9999972954672964
0.9999959452537307
0.9999860708085619
0.9999817818404235
0.9999848199203468
0.9999860450799364
1.0000043341574096
1.0000084907165308
1.000018535764402
1.0000387412998035
1.0000015876300148
1.0000015876300148
1.0000138447419213
0.9999959664338652
0.9999774249206528
0.9999959192190373
0.9999848199203464
0.9999871163093111
0.9999871485754996
0.9999933997482777
1.00001390979416
1.0000229994114778
1.000030086552984
1.0000207587195595
1.000013908270014
1.0000093706918611
1.0000117136093374
1.0000151402629198
1.0000092475442273
0.9999989419598331
0.9999846778760256
0.9999810361884974
0.9999846778760254
0.9999989419598332
1.0000092475442273
1.0000151402629198
1.0000117136093374
1.000009370691861
1.0000139082700148
1.0000207587195593
1.0000300865529848
1.0000229994114782
1.0000139097941607
0.9999933997482787
0.9999871485755001
0.9999871163093116
0.9999848199203466
0.999995919219038
0.9999774249206528
0.9999959664338655
1.0000138447419216
1.0000015876300148
1.0000015876300148
1.000001841703401
0.9999859312687568
0.999959878045725
0.999967359604491
0.9999817818404235
0.9999871485754991
1.0000076061146694
1.0000101068077625
1.0000203618516783
1.0000302620154635
1.000028492765139
1.000032673396768
1.0000152273522656
1.0000090178981793
0.9999949666954505
0.9999919544590352
0.999988870514108
0.9999808221138354
0.9999818909602963
0.999974186081931
0.9999818909602961
0.999980822113835
0.999988870514108
0.9999919544590351
0.9999949666954506
1.0000090178981793
1.000015227352266
1.0000326733967688
1.00002849276514
1.0000302620154642
1.0000203618516792
1.0000101068077634
1.0000076061146697
0.9999871485755002
0.999981781840424
0.9999673596044918
0.9999598780457258
0.9999859312687576
1.0000018417034005
1.0000015876300148
1.0000015876300148
0.9999779246343528
0.9999725448395942
0.9999531788347782
0.9999679243388859
0.9999860708085622
0.9999933997482782
1.000010106807763
1.0000259633712993
1.0000315347188835
1.0000344984574847
1.0000250088647806
1.0000143715316765
1.0000085460054589
0.9999964530754657
0.9999924290299047
0.9999831672075341
0.9999783249118398
0.9999770188976078
0.9999733180385983
0.9999784934743093
0.9999733180385983
0.9999770188976079
0.9999783249118394
0.999983167207534
0.9999924290299044
0.9999964530754657
1.0000085460054586
1.0000143715316765
1.0000250088647813
1.0000344984574852
1.0000315347188846
1.0000259633713002
1.0000101068077636
0.9999933997482787
0.9999860708085623
0.9999679243388866
0.9999531788347785
0.9999725448395945
0.9999779246343535
1.0000015876300148
1.0000015876300148
0.9999737060950751
0.9999680681196316
0.999956772415316
0.9999595302011245
0.9999959452537303
1.0000139097941603
1.0000203618516785
1.0000315347188835
1.0000259512019798
1.0000301961823261
1.0000209523046948
1.0000032103516878
0.9999905703880462
0.9999796798194562
0.9999832666410771
0.999986163706755
0.9999862101385627
0.9999822621525752
0.9999749444039598
0.9999747486007959
0.9999749444039595
0.9999822621525751
0.9999862101385629
0.999986163706755
0.9999832666410767
0.999979679819457
0.9999905703880464
1.0000032103516885
1.000020952304695
1.000030196182327
1.000025951201981
1.0000315347188846
1.0000203618516794
1.0000139097941612
0.9999959452537308
0.9999595302011253
0.999956772415316
0.999968068119632
0.9999737060950747
1.0000015876300148
1.0000015876300148
0.9999579538474613
0.999963515765418
0.9999666086070464
0.9999754951623735
0.9999972954672963
1.0000229994114778
1.0000302620154635
1.0000344984574845
1.000030196182327
1.0000111254734207
1.0000073232170459
0.9999950316296095
0.9999824311740255
0.9999797736658479
0.9999734412595686
0.9999883830733016
0.9999937360964132
0.9999933187744361
0.9999910331136729
0.9999815083609752
0.999991033113673
0.9999933187744358
0.9999937360964135
0.9999883830733018
0.999973441259569
0.9999797736658477
0.9999824311740256
0.9999950316296098
1.0000073232170468
1.0000111254734219
1.000030196182327
1.0000344984574854
1.0000302620154649
1.0000229994114784
0.9999972954672969
0.9999754951623737
0.9999666086070472
0.9999635157654181
0.9999579538474617
1.0000015876300148
1.0000015876300148
0.9999616172221725
0.9999598278216938
0.9999726015183549
0.9999809585123328
1.0000040960867356
1.0000300865529843
1.0000284927651395
1.0000250088647813
1.0000209523046941
1.0000073232170459
0.999990709793939
0.9999833099211425
0.9999798976883658
0.9999821853193991
0.999986195985009
0.9999846218375799
0.9999928858518758
1.0000014032075404
1.000006505207974
1.0000131354987989
1.0000065052079739
1.0000014032075408
0.9999928858518757
0.9999846218375797
0.9999861959850092
0.9999821853193995
0.9999798976883667
0.9999833099211433
0.9999907097939398
1.0000073232170472
1.0000209523046955
1.0000250088647815
1.0000284927651406
1.0000300865529852
1.0000040960867356
0.9999809585123334
0.9999726015183553
0.9999598278216939
0.9999616172221729
1.0000015876300148
1.0000015876300148
0.999953016565118
0.9999604457507775
0.9999791354039325
0.9999943718544366
1.0000006396668295
1.0000207587195598
1.000032673396769
1.0000143715316767
1.0000032103516878
0.9999950316296093
0.9999833099211425
0.9999850042294676
0.9999813219218873
0.999984528381254
0.9999933656834372
0.999992372135214
0.9999967477744994
1.0000073814392307
1.0000219442710083
1.0000326371380666
1.0000219442710079
1.0000073814392307
0.9999967477744991
0.9999923721352141
0.9999933656834374
0.9999845283812541
0.9999813219218879
0.9999850042294685
0.9999833099211434
0.9999950316296102
1.000003210351689
1.0000143715316772
1.0000326733967693
1.0000207587195604
1.0000006396668297
0.9999943718544373
0.9999791354039328
0.9999604457507782
0.9999530165651181
1.0000015876300148
1.0000015876300148
0.9999634637568561
0.9999595764548733
0.9999806875303783
1.0000013945739519
1.0000083384917664
1.0000139082700152
1.0000152273522656
1.000008546005459
0.9999905703880467
0.9999824311740254
0.9999798976883666
0.9999813219218875
0.999993719489817
0.9999909184615231
0.9999879115794552
1.0000016697741083
1.000007321067375
1.0000197840043004
1.0000286775928933
1.0000253118752005
1.0000286775928937
1.000019784004301
1.000007321067375
1.0000016697741088
0.9999879115794557
0.9999909184615235
0.9999937194898177
0.9999813219218884
0.999979897688367
0.9999824311740262
0.9999905703880471
1.00000854600546
1.0000152273522662
1.0000139082700157
1.0000083384917668
1.0000013945739517
0.9999806875303784
0.9999595764548733
0.9999634637568564
1.0000015876300148
1.0000015876300148
0.9999636466194162
0.9999734025407899
0.9999919291579671
1.0000121624165332
1.0000151577329386
1.0000093706918614
1.00000901789818
0.999996453075466
0.9999796798194573
0.999979773665848
0.9999821853193991
0.9999845283812541
0.9999909184615231
0.9999977363302317
0.9999984493723559
1.0000035895652803
1.000018736253265
1.0000252055990038
1.0000220040140149
1.000021655920663
1.0000220040140153
1.0000252055990035
1.000018736253265
1.0000035895652803
0.9999984493723565
0.9999977363302325
0.9999909184615239
0.999984528381255
0.9999821853194002
0.9999797736658491
0.999979679819458
0.9999964530754665
1.0000090178981809
1.0000093706918618
1.000015157732939
1.000012162416534
0.9999919291579674
0.9999734025407901
0.9999636466194168
1.0000015876300148
1.0000015876300148
0.9999829656093921
0.9999853067401155
1.0000040979412748
1.0000261029209612
1.0000269669805208
1.0000117136093383
0.9999949666954514
0.9999924290299049
0.9999832666410765
0.9999734412595693
0.999986195985009
0.9999933656834378
0.9999879115794553
0.9999984493723562
1.0000102042054073
1.0000154787586748
1.0000184358902127
1.0000135420460603
1.0000137529773434
1.0000191134772802
1.0000137529773434
1.000013542046061
1.0000184358902136
1.0000154787586757
1.0000102042054084
0.9999984493723566
0.9999879115794561
0.9999933656834381
0.9999861959850097
0.9999734412595701
0.9999832666410777
0.9999924290299057
0.9999949666954517
1.0000117136093387
1.000026966980522
1.0000261029209614
1.0000040979412754
0.9999853067401154
0.9999829656093928
1.0000015876300148
1.0000015876300148
0.9999874099091443
1.0000078455047237
1.0000200797075163
1.000030259635661
1.0000328102968703
1.00001514026292
0.9999919544590357
0.9999831672075344
0.9999861637067552
0.9999883830733021
0.9999846218375805
0.9999923721352143
1.0000016697741085
1.0000035895652801
1.0000154787586752
1.0000218937439864
1.000009317448917
1.0000051435014212
1.0000051632826041
1.0000021753388322
1.000005163282605
1.0000051435014214
1.000009317448917
1.0000218937439866
1.0000154787586755
1.0000035895652812
1.0000016697741096
0.9999923721352151
0.9999846218375814
0.999988383073303
0.9999861637067561
0.9999831672075354
0.9999919544590362
1.0000151402629212
1.0000328102968707
1.0000302596356618
1.000020079707517
1.0000078455047245
0.9999874099091448
1.0000015876300148
1.0000015876300148
1.0000051199214912
1.0000166605953211
1.0000281791464447
1.000035316683062
1.0000248292838725
1.0000092475442277
0.9999888705141082
0.9999783249118396
0.9999862101385629
0.9999937360964132
0.9999928858518758
0.999996747774499
1.0000073210673754
1.0000187362532649
1.000018435890213
1.0000093174489166
1.0000036628972662
0.9999987965407828
0.9999887778594242
0.9999834446368612
0.999988777859424
0.9999987965407835
1.0000036628972668
1.0000093174489177
1.0000184358902133
1.000018736253266
1.0000073210673759
0.9999967477745001
0.9999928858518767
0.9999937360964144
0.9999862101385636
0.9999783249118408
0.9999888705141092
1.000009247544229
1.0000248292838732
1.0000353166830631
1.0000281791464454
1.000016660595322
1.0000051199214912
1.0000015876300148
1.0000015876300148
1.0000042365694666
1.0000316017581001
1.0000341344424755
1.0000238031796282
1.0000150073472265
0.9999989419598333
0.9999808221138352
0.9999770188976079
0.999982262152575
0.9999933187744364
1.0000014032075408
1.000007381439231
1.0000197840043001
1.0000252055990038
1.0000135420460605
1.0000051435014217
0.9999987965407827
0.999983794501696
0.9999734414436333
0.9999729156978167
0.9999734414436339
0.9999837945016965
0.9999987965407829
1.0000051435014212
1.0000135420460616
1.0000252055990042
1.0000197840043015
1.0000073814392318
1.0000014032075417
0.9999933187744369
0.9999822621525765
0.999977018897609
0.999980822113836
0.9999989419598343
1.0000150073472271
1.0000238031796291
1.0000341344424757
1.0000316017581006
1.0000042365694668
1.0000015876300148
1.0000015876300148
1.0000150061532647
1.00002920884408
1.000032285158447
1.0000221543974879
0.9999960104025554
0.999984677876026
0.9999818909602967
0.9999733180385985
0.9999749444039598
0.9999910331136729
1.000006505207974
1.0000219442710083
1.0000286775928933
1.0000220040140149
1.0000137529773436
1.0000051632826044
0.9999887778594236
0.9999734414436335
0.9999647191501184
0.9999621128922039
0.9999647191501185
0.9999734414436339
0.9999887778594242
1.0000051632826052
1.0000137529773436
1.000022004014015
1.000028677592894
1.0000219442710088
1.0000065052079747
0.9999910331136733
0.9999749444039605
0.9999733180385992
0.9999818909602973
0.9999846778760263
0.9999960104025565
1.0000221543974883
1.0000322851584478
1.0000292088440805
1.000015006153265
1.0000015876300148
1.0000015876300148
1.0000081701496755
1.0000360787687665
1.000032946680286
1.0000118233530328
0.9999951841326649
0.9999810361884978
0.9999741860819309
0.9999784934743092
0.9999747486007964
0.9999815083609757
1.0000131354987996
1.0000326371380666
1.0000253118752007
1.000021655920663
1.0000191134772802
1.0000021753388324
0.9999834446368612
0.9999729156978164
0.9999621128922039
0.9999560603377097
0.9999621128922042
0.9999729156978168
0.9999834446368612
1.0000021753388317
1.0000191134772802
1.0000216559206636
1.0000253118752014
1.0000326371380668
1.0000131354988002
0.999981508360976
0.9999747486007972
0.9999784934743099
0.9999741860819314
0.9999810361884985
0.9999951841326651
1.000011823353033
1.0000329466802862
1.0000360787687672
1.0000081701496757
1.0000015876300148
1.0000015876300148
1.0000150061532647
1.0000292088440805
1.0000322851584476
1.0000221543974883
0.9999960104025559
0.999984677876026
0.9999818909602969
0.9999733180385988
0.99997494440396
0.9999910331136729
1.0000065052079739
1.0000219442710083
1.0000286775928928
1.000022004014015
1.000013752977343
1.0000051632826048
0.9999887778594235
0.999973441443634
0.9999647191501181
0.9999621128922043
0.9999647191501184
0.9999734414436335
0.9999887778594241
1.0000051632826052
1.0000137529773439
1.0000220040140155
1.0000286775928937
1.000021944271009
1.0000065052079743
0.9999910331136737
0.9999749444039608
0.9999733180385992
0.9999818909602972
0.9999846778760262
0.9999960104025564
1.0000221543974879
1.0000322851584478
1.0000292088440808
1.0000150061532647
1.0000015876300148
1.0000015876300148
1.0000042365694666
1.0000316017581
1.000034134442475
1.000023803179629
1.000015007347227
0.999998941959834
0.9999808221138353
0.9999770188976084
0.9999822621525755
0.9999933187744364
1.000001403207541
1.000007381439231
1.0000197840043004
1.0000252055990035
1.0000135420460605
1.0000051435014212
0.9999987965407829
0.9999837945016962
0.9999734414436334
0.9999729156978165
0.9999734414436333
0.999983794501696
0.9999987965407829
1.0000051435014217
1.0000135420460614
1.000025205599004
1.0000197840043015
1.0000073814392316
1.0000014032075415
0.9999933187744369
0.9999822621525759
0.9999770188976087
0.9999808221138359
0.9999989419598343
1.0000150073472265
1.0000238031796291
1.0000341344424757
1.0000316017581001
1.000004236569467
1.0000015876300148
1.0000015876300148
1.0000051199214914
1.000016660595322
1.0000281791464447
1.0000353166830631
1.000024829283873
1.0000092475442284
0.999988870514109
0.99997832491184
0.999986210138563
0.9999937360964134
0.999992885851876
0.9999967477744994
1.0000073210673757
1.0000187362532649
1.000018435890213
1.0000093174489169
1.0000036628972662
0.9999987965407827
0.9999887778594237
0.9999834446368614
0.9999887778594239
0.999998796540783
1.0000036628972668
1.0000093174489173
1.000018435890213
1.0000187362532658
1.0000073210673759
0.9999967477744999
0.9999928858518765
0.9999937360964142
0.9999862101385636
0.9999783249118408
0.999988870514109
1.0000092475442284
1.0000248292838732
1.000035316683063
1.0000281791464454
1.0000166605953216
1.0000051199214914
1.0000015876300148
1.0000015876300148
0.9999874099091449
1.000007845504724
1.0000200797075167
1.0000302596356616
1.0000328102968707
1.0000151402629203
0.9999919544590359
0.999983167207535
0.9999861637067554
0.9999883830733024
0.9999846218375803
0.9999923721352143
1.0000016697741083
1.0000035895652808
1.0000154787586752
1.0000218937439864
1.0000093174489173
1.0000051435014214
1.000005163282605
1.0000021753388322
1.000005163282605
1.0000051435014212
1.0000093174489175
1.0000218937439866
1.0000154787586757
1.000003589565281
1.000001669774109
0.999992372135215
0.999984621837581
0.9999883830733031
0.9999861637067559
0.9999831672075347
0.9999919544590361
1.0000151402629207
1.000032810296871
1.000030259635662
1.0000200797075167
1.0000078455047243
0.9999874099091453
1.0000015876300148
1.0000015876300148
0.9999829656093924
0.9999853067401157
1.0000040979412745
1.0000261029209614
1.0000269669805215
1.0000117136093387
0.9999949666954516
0.999992429029905
0.9999832666410774
0.9999734412595692
0.9999861959850094
0.9999933656834379
0.9999879115794554
0.9999984493723558
1.0000102042054082
1.0000154787586755
1.0000184358902129
1.0000135420460607
1.0000137529773434
1.0000191134772805
1.0000137529773439
1.0000135420460612
1.000018435890213
1.0000154787586755
1.000010204205409
0.9999984493723565
0.9999879115794565
0.9999933656834384
0.9999861959850096
0.99997344125957
0.9999832666410778
0.9999924290299059
0.9999949666954517
1.0000117136093387
1.000026966980521
1.0000261029209614
1.0000040979412752
0.9999853067401158
0.9999829656093925
1.0000015876300148
1.0000015876300148
0.9999636466194165
0.9999734025407904
0.9999919291579679
1.0000121624165341
1.000015157732939
1.0000093706918616
1.0000090178981806
0.9999964530754666
0.9999796798194576
0.9999797736658488
0.9999821853193998
0.9999845283812544
0.9999909184615238
0.9999977363302325
0.9999984493723564
1.0000035895652808
1.0000187362532653
1.0000252055990044
1.0000220040140155
1.0000216559206634
1.0000220040140153
1.000025205599004
1.000018736253266
1.0000035895652808
0.9999984493723568
0.9999977363302329
0.9999909184615244
0.9999845283812548
0.9999821853194003
0.9999797736658489
0.999979679819458
0.9999964530754663
1.0000090178981804
1.000009370691862
1.000015157732939
1.000012162416534
0.9999919291579673
0.9999734025407905
0.9999636466194167
1.0000015876300148
1.0000015876300148
0.9999634637568561
0.9999595764548735
0.9999806875303783
1.0000013945739519
1.0000083384917668
1.000013908270016
1.000015227352266
1.000008546005459
0.9999905703880468
0.9999824311740259
0.9999798976883665
0.9999813219218886
0.9999937194898175
0.9999909184615235
0.9999879115794555
1.000001669774109
1.0000073210673754
1.000019784004301
1.000028677592893
1.000025311875202
1.000028677592894
1.0000197840043015
1.0000073210673759
1.0000016697741096
0.9999879115794565
0.9999909184615244
0.999993719489818
0.9999813219218892
0.9999798976883677
0.9999824311740266
0.9999905703880476
1.0000085460054602
1.0000152273522664
1.000013908270016
1.0000083384917662
1.0000013945739519
0.9999806875303783
0.9999595764548738
0.9999634637568562
1.0000015876300148
1.0000015876300148
0.9999530165651183
0.999960445750778
0.9999791354039332
0.9999943718544377
1.0000006396668302
1.0000207587195609
1.0000326733967693
1.000014371531678
1.0000032103516892
0.9999950316296101
0.9999833099211443
0.9999850042294679
0.9999813219218887
0.9999845283812548
0.9999933656834382
0.9999923721352152
0.9999967477744998
1.0000073814392318
1.0000219442710088
1.000032637138067
1.000021944271009
1.000007381439232
0.9999967477745003
0.9999923721352153
0.9999933656834389
0.9999845283812555
0.999981321921889
0.9999850042294691
0.9999833099211438
0.999995031629611
1.0000032103516887
1.0000143715316783
1.00003267339677
1.000020758719561
1.0000006396668302
0.9999943718544375
0.9999791354039329
0.999960445750778
0.9999530165651184
1.0000015876300148
1.0000015876300148
0.9999616172221729
0.9999598278216941
0.9999726015183554
0.9999809585123333
1.0000040960867362
1.0000300865529852
1.0000284927651408
1.0000250088647817
1.0000209523046955
1.0000073232170468
0.99999070979394
0.9999833099211437
0.999979897688367
0.9999821853193996
0.9999861959850092
0.9999846218375804
0.9999928858518764
1.000001403207541
1.0000065052079745
1.0000131354988002
1.0000065052079752
1.0000014032075413
0.9999928858518774
0.9999846218375815
0.99998619598501
0.9999821853194009
0.9999798976883678
0.999983309921144
0.9999907097939408
1.0000073232170477
1.000020952304697
1.0000250088647822
1.0000284927651408
1.0000300865529859
1.0000040960867362
0.9999809585123337
0.9999726015183557
0.9999598278216942
0.9999616172221729
1.0000015876300148
1.0000015876300148
0.9999579538474616
0.9999635157654186
0.9999666086070476
0.9999754951623743
0.9999972954672974
1.000022999411479
1.000030262015465
1.000034498457486
1.0000301961823277
1.0000111254734223
1.0000073232170472
0.9999950316296103
0.9999824311740266
0.999979773665849
0.9999734412595701
0.9999883830733028
0.9999937360964144
0.9999933187744369
0.999991033113674
0.9999815083609765
0.9999910331136735
0.9999933187744373
0.9999937360964142
0.9999883830733032
0.9999734412595707
0.9999797736658497
0.9999824311740267
0.9999950316296115
1.0000073232170477
1.0000111254734234
1.0000301961823277
1.0000344984574865
1.0000302620154655
1.0000229994114793
0.999997295467297
0.999975495162374
0.9999666086070473
0.9999635157654183
0.9999579538474618
1.0000015876300148
1.0000015876300148
0.9999737060950745
0.9999680681196323
0.9999567724153167
0.9999595302011256
0.9999959452537314
1.0000139097941616
1.0000203618516796
1.000031534718885
1.0000259512019811
1.0000301961823277
1.000020952304696
1.000003210351689
0.999990570388047
0.9999796798194576
0.9999832666410776
0.999986163706756
0.9999862101385636
0.999982262152576
0.999974944403961
0.999974748600797
0.999974944403961
0.9999822621525758
0.9999862101385646
0.9999861637067569
0.999983266641078
0.9999796798194588
0.999990570388048
1.0000032103516898
1.0000209523046966
1.0000301961823281
1.000025951201982
1.0000315347188855
1.0000203618516799
1.0000139097941612
0.999995945253731
0.9999595302011253
0.9999567724153167
0.9999680681196322
0.999973706095075
1.0000015876300148
1.0000015876300148
0.9999779246343539
0.9999725448395944
0.9999531788347789
0.999967924338887
0.9999860708085628
0.9999933997482794
1.000010106807764
1.0000259633713007
1.0000315347188848
1.0000344984574858
1.000025008864782
1.0000143715316778
1.0000085460054597
0.9999964530754671
0.9999924290299057
0.9999831672075354
0.9999783249118408
0.9999770188976088
0.9999733180385991
0.9999784934743102
0.9999733180385992
0.999977018897609
0.9999783249118411
0.9999831672075354
0.9999924290299063
0.9999964530754675
1.0000085460054604
1.0000143715316783
1.0000250088647828
1.0000344984574863
1.000031534718886
1.0000259633713011
1.000010106807764
0.9999933997482793
0.9999860708085628
0.9999679243388871
0.9999531788347791
0.9999725448395944
0.9999779246343542
1.0000015876300148
1.0000015876300148
1.0000018417034002
0.9999859312687572
0.9999598780457261
0.9999673596044917
0.9999817818404246
0.9999871485755009
1.00000760611467
1.000010106807764
1.0000203618516796
1.0000302620154646
1.0000284927651406
1.0000326733967693
1.000015227352266
1.0000090178981806
0.9999949666954513
0.9999919544590362
0.9999888705141091
0.9999808221138364
0.9999818909602975
0.9999741860819321
0.9999818909602979
0.9999808221138367
0.9999888705141092
0.999991954459037
0.9999949666954523
1.0000090178981813
1.0000152273522673
1.00003267339677
1.0000284927651413
1.000030262015466
1.0000203618516799
1.0000101068077645
1.0000076061146703
0.9999871485755003
0.9999817818404243
0.999967359604492
0.999959878045726
0.9999859312687578
1.0000018417034002
1.0000015876300148
1.0000015876300148
1.0000138447419213
0.9999959664338658
0.9999774249206532
0.9999959192190383
0.9999848199203472
0.9999871163093121
0.999987148575501
0.9999933997482792
1.0000139097941612
1.0000229994114789
1.0000300865529856
1.0000207587195602
1.0000139082700152
1.0000093706918622
1.0000117136093383
1.000015140262921
1.0000092475442286
0.9999989419598343
0.9999846778760264
0.9999810361884985
0.9999846778760264
0.9999989419598347
1.0000092475442288
1.0000151402629214
1.0000117136093392
1.0000093706918622
1.0000139082700161
1.0000207587195613
1.000030086552986
1.0000229994114793
1.0000139097941616
0.999993399748279
0.999987148575501
0.9999871163093123
0.9999848199203474
0.9999959192190383
0.9999774249206532
0.9999959664338656
1.000013844741922
1.0000015876300148
1.0000015876300148
1.0000387412998035
1.0000185357644018
1.0000084907165305
1.0000043341574099
0.9999860450799367
0.9999848199203474
0.9999817818404241
0.9999860708085627
0.9999959452537307
0.9999972954672965
1.0000040960867354
1.0000006396668297
1.0000083384917666
1.0000151577329388
1.0000269669805215
1.00003281029687
1.0000248292838736
1.0000150073472267
0.9999960104025569
0.999995184132665
0.9999960104025573
1.0000150073472276
1.0000248292838734
1.0000328102968716
1.000026966980522
1.00001515773294
1.000008338491767
1.0000006396668304
1.0000040960867367
0.9999972954672977
0.9999959452537318
0.999986070808563
0.9999817818404244
0.9999848199203472
0.9999860450799363
1.0000043341574094
1.000008490716531
1.0000185357644016
1.0000387412998035
1.0000015876300148
1.0000015876300148
1.000044743091258
1.0000229318410587
1.000027469295387
1.0000243807927751
1.0000043341574099
0.9999959192190384
0.999967359604492
0.9999679243388867
0.9999595302011252
0.9999754951623742
0.9999809585123334
0.999994371854437
1.0000013945739519
1.0000121624165335
1.0000261029209614
1.0000302596356616
1.0000353166830627
1.0000238031796287
1.0000221543974885
1.0000118233530335
1.0000221543974883
1.0000238031796291
1.0000353166830633
1.000030259635662
1.0000261029209618
1.0000121624165343
1.000001394573952
0.9999943718544376
0.9999809585123339
0.9999754951623743
0.9999595302011256
0.9999679243388868
0.999967359604492
0.9999959192190384
1.0000043341574099
1.000024380792775
1.0000274692953872
1.0000229318410594
1.000044743091258
1.0000015876300148
1.0000015876300148
1.0000549360497009
1.0000452087862728
1.0000567743653246
1.0000274692953872
1.000008490716531
0.999977424920653
0.9999598780457256
0.9999531788347787
0.9999567724153162
0.9999666086070469
0.9999726015183551
0.9999791354039328
0.9999806875303776
0.9999919291579675
1.0000040979412748
1.0000200797075165
1.0000281791464452
1.0000341344424755
1.000032285158448
1.0000329466802862
1.0000322851584484
1.000034134442476
1.0000281791464456
1.000020079707517
1.0000040979412756
0.9999919291579676
0.999980687530379
0.9999791354039331
0.9999726015183557
0.999966608607048
0.9999567724153166
0.9999531788347791
0.9999598780457258
0.9999774249206531
1.0000084907165308
1.0000274692953872
1.0000567743653244
1.0000452087862728
1.0000549360497006
1.0000015876300148
1.0000015876300148
1.0000449130881572
1.000034662855289
1.0000452087862726
1.000022931841059
1.000018535764402
0.9999959664338657
0.9999859312687579
0.9999725448395947
0.9999680681196323
0.9999635157654186
0.9999598278216941
0.9999604457507777
0.9999595764548741
0.9999734025407899
0.9999853067401155
1.0000078455047239
1.0000166605953225
1.0000316017581
1.0000292088440814
1.0000360787687665
1.000029208844081
1.0000316017581001
1.000016660595322
1.0000078455047243
0.9999853067401159
0.9999734025407905
0.9999595764548737
0.9999604457507781
0.9999598278216943
0.9999635157654186
0.9999680681196323
0.9999725448395946
0.9999859312687572
0.9999959664338656
1.0000185357644018
1.0000229318410592
1.000045208786273
1.000034662855289
1.0000449130881568
1.0000015876300148
1.0000015876300148
1.000021728014184
1.0000449130881568
1.0000549360497004
1.000044743091258
1.000038741299804
1.000013844741922
1.0000018417034002
0.9999779246343539
0.9999737060950751
0.9999579538474617
0.9999616172221729
0.999953016565118
0.9999634637568557
0.9999636466194165
0.9999829656093923
0.9999874099091447
1.0000051199214917
1.0000042365694664
1.000015006153265
1.000008170149676
1.0000150061532653
1.0000042365694666
1.0000051199214914
0.9999874099091453
0.9999829656093921
0.9999636466194168
0.9999634637568559
0.9999530165651181
0.9999616172221731
0.9999579538474616
0.999973706095075
0.9999779246343534
1.0000018417034005
1.0000138447419218
1.0000387412998035
1.000044743091258
1.0000549360497009
1.0000449130881568
1.000021728014184
1.0000015876300148
1.0000015876300148
1.0000015876300148
1.0000015876300148
1.0000015876300148
1.0000015876300148
1.0000015876300148
1.0000015876300148
1.0000015876300148
1.0000015876300148
1.0000015876300148
1.0000015876300148
1.0000015876300148
1.0000015876300148
1.0000015876300148
1.0000015876300148
1.0000015876300148
1.0000015876300148
1.0000015876300148
1.0000015876300148
1.0000015876300148
1.0000015876300148
1.0000015876300148
1.0000015876300148
1.0000015876300148
1.0000015876300148
1.0000015876300148
1.0000015876300148
1.0000015876300148
1.0000015876300148
1.0000015876300148
1.0000015876300148
1.0000015876300148
1.0000015876300148
1.0000015876300148
1.0000015876300148
1.0000015876300148
1.0000015876300148
1.0000015876300148
1.0000015876300148
1.0000015876300148
1.0000015876300148
