1.0
1.0
1.0
1.0
1.0
1.0
1.0
1.0
1.0
1.0
1.0
1.0
1.0
1.0
1.0
1.0
1.0
1.0
1.0
1.0
1.0
1.0
1.0
1.0
1.0
1.0
1.0
1.0
1.0
1.0
1.0
1.0
1.0
1.0
1.0
1.0
1.0
1.0
1.0
1.0
1.0
1.0
0.9999507025669501
0.9999019113003332
0.9998539244917637
0.999807034255486
0.9997615247559061
0.9997176704912877
0.9996757346439311
0.9996359675067107
0.9995986049953351
0.9995638672551301
0.9995319573705341
0.9995030601848233
0.999477341236889
0.9994549458211333
0.9994359981757703
0.9994206008040226
0.9994088339318429
0.9994007551049684
0.9993963989272187
0.9993957769410912
0.999398877650819
0.9994056666871791
0.9994160871124751
0.9994300598632506
0.9994474843274604
0.9994682390520077
0.9994921825757613
0.9995191543824279
0.9995489759669159
0.9995814520081758
0.9996163716408522
0.9996535098175173
0.9996926287527206
0.9997334794396268
0.9997758032295944
0.9998193334647055
0.9998637971529644
0.9999089166756627
0.9999544115162561
1.0
1.0
0.9999021124947525
0.999805230060604
0.9997099450009834
0.9996168373531763
0.999526471368816
0.9994393921058916
0.9993561221527731
0.9992771585038588
0.9992029696054379
0.9991339925892481
0.9990706307099816
0.9990132510016764
0.9989621821665279
0.9989177127081752
0.9988800893199623
0.9988495155370724
0.9988261506597697
0.9988101089532951
0.998801459128232
0.9988002241034212
0.9988063810517561
0.9988198617274509
0.998840553071636
0.9988682980914463
0.9989028970060922
0.9989441086517866
0.9989916521358392
0.9990452087287276
0.9991044239815352
0.9991689100547994
0.9992382482435721
0.9993119916823379
0.999389668212391
0.9994707833933433
0.9995548236396112
0.9996412594620421
0.9997295487942641
0.9998191403829108
0.999909477220553
1.0
1.0
0.9998545230938646
0.9997105398904561
0.9995689306504147
0.999430557404817
0.9992962587245915
0.9991668446556726
0.999043091850354
0.9989257389239797
0.9988154820646068
0.9987129709216152
0.9986188047974222
0.9985335291644976
0.9984576325277991
0.9983915436505365
0.9983356291588749
0.9982901915387974
0.998255467535883
0.9982316269662339
0.9982187719442325
0.9982169365302115
0.9982260867985332
0.9982461213239786
0.9982768720817818
0.9983181057541143
0.9983695254333489
0.998430772710027
0.9985014301311241
0.9985810240119871
0.9986690275832001
0.9987648644516396
0.99886791235313
0.9989775071723931
0.9990929472044385
0.9992134976301499
0.999338395177612
0.9994668529396866
0.9995980653175036
0.9997312130588741
0.9998654683601774
1.0
1.0
0.9998082191153679
0.9996184073686186
0.9994317251999899
0.9992493090177643
0.99907226430282
0.9989016589316745
0.9987385167581799
0.9985838114922808
0.9984384609122677
0.9983033214447662
0.9981791831443091
0.9980667651017564
0.9979667113080791
0.997879586997122
0.9978058754879219
0.9977459755440067
0.9977001992638567
0.9976687705133852
0.9976518239079181
0.9976494043477474
0.9976614671079024
0.9976878784793761
0.997728416955656
0.9977827749550721
0.9978505610662152
0.9979313028005001
0.9980244498328916
0.9981293777088672
0.9982453919929088
0.9983717328311879
0.9985075798986551
0.9986520576985028
0.998804241179912
0.9989631616381663
0.9991278128596259
0.9992971574726789
0.9994701334646826
0.9996456608240395
0.9998226482659456
1.0
1.0
0.9997634750690837
0.9995293786964007
0.9992991420631252
0.9990741667115121
0.9988558160406612
0.9986454070717558
0.9984442025322976
0.9982534033067199
0.9980741412983041
0.997907472744636
0.9977543720258711
0.9976157260019104
0.9974923289111813
0.9973848778601533
0.9972939689289616
0.9972200939146324
0.997163637729397
0.997124876467484
0.9971039761496182
0.9971009921502424
0.9971158693082645
0.9971484427179184
0.9971984391921498
0.9972654793868299
0.9973490805700719
0.9974486600170135
0.9975635390066472
0.9976929473936634
0.9978360287248299
0.9979918458661932
0.9981593871043686
0.9983375726824067
0.9985252617281987
0.9987212595311259
0.9989243251206894
0.9991331790991722
0.9993465116790157
0.9995629908745195
0.999781270796738
1.0
1.0
0.9997205536183511
0.9994439765037205
0.9991719595501908
0.9989061586343014
0.9986481845675531
0.9983995933672837
0.9981618769044408
0.9979364539842165
0.9977246619126307
0.9975277485989619
0.9973468652404214
0.9971830596317217
0.9970372701381701
0.9969103203666985
0.99680291456481
0.9967156337728345
0.996648932750154
0.9966031376912151
0.9965784447422293
0.9965749193244922
0.9965924962652647
0.9966309807321836
0.9966900499622388
0.9967692557714938
0.9968680278269713
0.9969856776575035
0.9971214033758752
0.9972742950803247
0.9974433408993887
0.9976274336402612
0.9978253779972703
0.9980358982737834
0.9982576465678814
0.9984892113694667
0.9987291265141445
0.9989758804372333
0.9992279256696323
0.9994836885160172
0.9997415788549533
1.0
1.0
0.9996797040606984
0.9993626968260433
0.9990509163665036
0.9987462606159629
0.9984505758554482
0.9981656455617778
0.9978931796882028
0.9976348044411911
0.9973920526142059
0.9971663545356635
0.9969590296842573
0.9967712790205266
0.9966041780789523
0.9964586708600175
0.9963355645565996
0.9962355251437924
0.9961590738558413
0.9961065845683209
0.9960782820980473
0.9960742414275219
0.9960943878549867
0.9961384980654696
0.9962062021125438
0.996296986294958
0.996410196906842
0.9965450448348935
0.9967006109708333
0.9968758524025175
0.9970696093424356
0.9972806127479384
0.997507492583453
0.9977487866711767
0.998002950073326
0.9982683649459568
0.9985433508017079
0.9988261751165391
0.9991150642136788
0.9994082143565487
0.999703802981424
1.0
1.0
0.999641160903045
0.999286006269412
0.9989367073904342
0.9985953905907853
0.9982641243263549
0.9979449066909599
0.9976396534070389
0.9973501863722003
0.997078222829798
0.9968253652276003
0.9965930918241414
0.9963827480975126
0.9961955390062084
0.9960325221462067
0.9958946018427868
0.9957825242096844
0.9956968732021155
0.9956380676839798
0.9956063595232372
0.995601832723071
0.9956244035900501
0.9956738219341056
0.995749673288813
0.9958513821342276
0.995978216098415
0.9961292911078782
0.9963035774513562
0.9964999067159747
0.996716979549508
0.9969533741976065
0.997207555760257
0.9974778861075313
0.997762634390848
0.998059988082547
0.9983680644735868
0.9986849225566296
0.9990085752196863
0.9993370016738848
0.9996681600377828
1.0
1.0
0.9996051425394229
0.9992143393794624
0.9988299797552915
0.9984544034216875
0.9980898864558263
0.9977386275099568
0.9974027345966414
0.9970842124856536
0.9967849507875438
0.9965067127943764
0.9962511251432024
0.9960196683625258
0.9958136683563563
0.9956342888744633
0.9954825250111947
0.9953591977687395
0.9952649497140189
0.9952002417515596
0.9951653510277466
0.9951603699748311
0.9951852064960232
0.9952395852859693
0.9953230502739453
0.9954349681702301
0.9955745330894066
0.9957407722177996
0.9959325524859594
0.9961485882010513
0.9963874495882727
0.9966475721850118
0.9969272670264278
0.9972247315564853
0.9975380611942704
0.9978652614816402
0.9982042607349735
0.9985529231209863
0.9989090620742735
0.9992704539724699
0.9996348519836659
1.0
1.0
0.999571850038509
0.9991480962289414
0.9987313292566141
0.9983240861542492
0.9979288349076925
0.9975479595494467
0.9971837458296855
0.9968383675504993
0.9965138736447179
0.9962121760757499
0.995935038629538
0.9956840666639655
0.995460697874908
0.9952661941316473
0.9951016344275807
0.9949679089851283
0.9948657145464831
0.994795550874442
0.994757718480012
0.9947523175858708
0.9947792483271246
0.9948382121831785
0.9949287146269832
0.995050068970475
0.9952014013777365
0.9953816570103304
0.995589607262409
0.9958238580366591
0.9960828590059113
0.9963649137993836
0.9966681910470642
0.9969907362107097
0.9973304841253656
0.9976852721712283
0.9980528539921051
0.9984309136736854
0.9988170802923481
0.9992089427433016
0.9996040647555002
1.0
1.0
0.9995414660475446
0.999087640236798
0.99864129710432
0.9982051537263071
0.9977818532318037
0.9973739488383568
0.9969838885061365
0.9966140003023658
0.9962664785631735
0.9959433709347373
0.995646566369861
0.9953777841499584
0.9951385639958371
0.9949302573237417
0.9947540196958463
0.9946108045068602
0.9945013579406359
0.9944262152227384
0.9943856981868484
0.9943799141647269
0.9944087562012832
0.9944719045881207
0.9945688297008497
0.9946987961174757
0.9948608679873763
0.9950539156127871
0.995276623197395
0.9955274977096228
0.9958048788015186
0.9961069497178866
0.99643174912445
0.9967771837784402
0.9971410419601233
0.9975210075793939
0.9979146748677464
0.9983195635626828
0.9987331344889459
0.9991528054389016
0.9995759672529494
1.0
1.0
0.9995141538184326
0.999033296230383
0.9985603670369083
0.9980982451558229
0.9976497311528494
0.9972175303263344
0.9968042364472792
0.9964123162519963
0.9960440947796941
0.9957017416417386
0.9953872583032654
0.9951024664512872
0.9948489975164625
0.9946282834083487
0.9944415485162601
0.9942898030198705
0.9941738375454755
0.9940942191954079
0.9940512889695527
0.9940451605892591
0.9940757207252846
0.9941426306227542
0.9942453291075348
0.9943830369499956
0.9945547625538362
0.9947593089296416
0.994995281905057
0.9952610995160395
0.9955550025165819
0.9958750659376544
0.9962192116199069
0.9965852216389702
0.9969707525370074
0.9973733502695341
0.997790465772477
0.998219471050991
0.9986576756887322
0.9991023436740937
0.9995507104383793
1.0
1.0
0.9994900563610274
0.9989853487607293
0.9984889628125484
0.9980039202266249
0.99753316047447
0.9970795230346683
0.9966457303264037
0.9962343714329528
0.9958478867120203
0.9954885533839737
0.9951584721826481
0.9948595551465449
0.9945935146209242
0.9943618535335744
0.9941658569989689
0.9940065852971374
0.9938848682649434
0.9938013011286304
0.9937562417975127
0.9937498096296261
0.9937818856710492
0.9938521143615262
0.9939599066900232
0.9941044447749872
0.9942846878353924
0.9944993795102272
0.9947470564759272
0.9950260583034582
0.9953345384893368
0.9956704765878994
0.9960316913656191
0.9964158548922843
0.9968205074784071
0.9972430733633654
0.9976808770545412
0.9981311602140873
0.9985910989869936
0.9990578216618375
0.9995284265539723
1.0
1.0
0.9994692957278024
0.9989440406792365
0.9984274460894654
0.9979226566884108
0.9974327316189228
0.9969606259596395
0.9965091729636855
0.9960810671195026
0.9956788481346419
0.9953048859372727
0.9949613667835339
0.9946502805517158
0.9943734092966418
0.99413231712959
0.9939283414806933
0.9937625857920244
0.9936359136805981
0.9935489446013207
0.993502051030574
0.9934953571816884
0.993528739254079
0.9936018272083806
0.9937140080505417
0.9938644305986173
0.9940520116969674
0.9942754438337845
0.994533204109401
0.9948235644947067
0.995144603311287
0.9954942178576326
0.9958701380989972
0.9962699413322466
0.9966910677313794
0.9971308366743358
0.9975864637472956
0.9980550783188918
0.9985337415736834
0.9990194648918468
0.9995092284603612
1.0
1.0
0.9994519724332438
0.9989095719824278
0.9983761147055429
0.997854847984122
0.9973489308184939
0.9968614147474779
0.9963952255072879
0.9959531455394166
0.9955377974516182
0.9951516285298376
0.9947968963920918
0.9944756558679303
0.9941897471792419
0.9939407854898807
0.9937301518829025
0.9935589858151976
0.9934281790900265
0.9933383713784694
0.993289947311151
0.9932830351518582
0.9933175070548873
0.9933929808981947
0.9935088236747652
0.9936641564150689
0.9938578606041666
0.9940885860479436
0.9943547601342081
0.9946545984260023
0.9949861165165047
0.9953471430674017
0.9957353339456191
0.9961481873668582
0.9965830599485394
0.9970371835695303
0.9975076829294655
0.9979915936965745
0.9984858811297589
0.9989874590581761
0.999493209099873
1.0
1.0
0.9994381650104649
0.9988820989297431
0.9983352013645387
0.9978008015144508
0.9972821379707298
0.9967823391552114
0.9963044045170937
0.9958511866000954
0.9954253740867348
0.9950294759200442
0.9946658065960191
0.9943364727125339
0.9940433608524031
0.9937881268697566
0.9935721866400029
0.9933967083244201
0.9932626061908975
0.9931705360226218
0.9931208921366044
0.9931138060239592
0.9931491466138104
0.9932265221527078
0.9933452836815112
0.9935045300819386
0.993703114655411
0.9939396531875301
0.9942125334425572
0.9945199260236574
0.9948597965265115
0.9952299189062057
0.9956278899701404
0.9960511449031006
0.9964969737246366
0.9969625385735426
0.9974448917095456
0.9979409941183222
0.9984477346027005
0.9989619492403766
0.9994804410866912
1.0
1.0
0.9994279297066776
0.9988617334376173
0.9983048727337486
0.9977607374458789
0.9972326251653861
0.9967237213067608
0.9962370799618052
0.9957756056400817
0.9953420360042902
0.9949389257027237
0.9945686313937935
0.9942332980499251
0.9939348466199135
0.9936749631201649
0.9934550892162034
0.9932764143464015
0.9931398694302186
0.9930461221933192
0.9929955741318602
0.9929883591280786
0.993024343719085
0.9931031290105955
0.9932240542172324
0.9933862018010781
0.9935884041704354
0.9938292518912785
0.9941071033547468
0.9944200958352759
0.9947661578656499
0.9951430228474208
0.9955482438078528
0.9959792092078179
0.9964331596989771
0.9969072057231171
0.9973983458417515
0.9979034856800344
0.9984194573657076
0.9989430393412316
0.9994709764254373
1.0
1.0
0.9994213003182848
0.9988485427513681
0.998285228955395
0.9977347880652416
0.9972005558867987
0.9966857547486652
0.9961934741344521
0.995726652211613
0.995288058366746
0.994880276850697
0.9945056916295582
0.9941664725298742
0.9938645627580579
0.9936016678652662
0.9933792462198132
0.9931985010396917
0.9930603740279685
0.9929655406438023
0.99291440703163
0.9929071086207903
0.9929435103975132
0.9930232088409064
0.9931455355043587
0.993309562213712
0.9935141078437155
0.9937577466246905
0.9940388179221046
0.9943554374228898
0.9947055096539293
0.9950867417502199
0.995496658382833
0.9959326177499955
0.996391828528445
0.99687136767669
0.9973681989769886
0.9978791921987461
0.9984011427626795
0.9989307917824796
0.9994648463588813
1.0
1.0
0.9994182881654973
0.9988425493947038
0.9982763035714476
0.9977229976804393
0.9971859848912067
0.9966685043048809
0.9961736614856622
0.9957044098934916
0.9952635333284412
0.9948536294906939
0.994477094752707
0.994136110232328
0.9938326292472864
0.9935683662226765
0.9933447871138347
0.9931631013974518
0.993024255673911
0.9929289289137629
0.9928775293710094
0.9928701931755155
0.9929067846064943
0.9929868980386514
0.9931098615423019
0.9932747421086731
0.9934803524616928
0.9937252594079496
0.9940077936672197
0.9943260611170469
0.9946779553764217
0.9950611716456232
0.9954732217118892
0.9959114500237279
0.9963730507304913
0.9968550855782756
0.9973545025483784
0.9978681551203983
0.9983928220386997
0.9989252274583351
0.9994620613446821
1.0
1.0
0.9994188822055209
0.9988437313949458
0.998278063859047
0.9977253230635548
0.997188858754406
0.9966719067251778
0.9961775693684084
0.9957087971272107
0.9952683709575857
0.9948588859051943
0.9944827358930858
0.994142099809063
0.9938389289730202
0.9935749360558
0.9933515855119057
0.9931700855788532
0.9930313818861118
0.992936152706508
0.9928848058727362
0.9928774773712898
0.9929140316157455
0.9929940633909969
0.9931169014497726
0.9932816137326709
0.9934870141730582
0.9937316710385586
0.9940139167515902
0.9943318591225032
0.9946833939204348
0.9950662186990402
0.9954778477868428
0.9959156283451295
0.9963767573901083
0.9968582996705102
0.9973572062869753
0.9978703339354417
0.9983944646533699
0.9989263259450359
0.9994626111602736
1.0
1.0
0.9994230492825142
0.9988520227803867
0.9982904115711959
0.9977416344293286
0.9972090170810173
0.9966957721168208
0.9962049796823833
0.9957395690630362
0.9953023012718654
0.9948957527442532
0.994522300234708
0.9941841070040167
0.9938831103764906
0.9936210107383247
0.9933992620389706
0.9932190638479208
0.9930813550095461
0.9929868089286212
0.9929358305090265
0.9929285547578358
0.9929648470567219
0.9930443050923243
0.9931662624270506
0.9933297936817513
0.9935337212918818
0.9937766237892357
0.9940568455521072
0.9943725079579174
0.9947215218639548
0.9951016013339822
0.995510278521103
0.9959449196105041
0.9964027417195368
0.996880830647098
0.997376159359467
0.9978856070956595
0.9984059789720074
0.9989340259630782
0.9994664651342242
1.0
1.0
0.9994307345116844
0.9988673143445513
0.998313184074927
0.9977717169387009
0.9972461943626533
0.9967397861444746
0.9962555314007059
0.9957963203966259
0.9953648773662445
0.9949637444240456
0.9945952666630106
0.9942615785257899
0.9939645915277244
0.9937059834017976
0.9934871887265845
0.9933093910889033
0.9931735168232403
0.9930802303601447
0.9930299312057812
0.9930227525646906
0.9930585616076547
0.993136961376426
0.9932572943070388
0.993418647343513
0.9936198586040863
0.9938595255526852
0.9941360146192578
0.9944474722038796
0.9947918369912749
0.9951668534945957
0.9955700867400491
0.9959989379972739
0.996450661454289
0.9969223817304238
0.997411112115881
0.9979137734225568
0.9984272133274311
0.9989482260872758
0.9994735725016358
1.0
1.0
0.999441861794092
0.998889454670529
0.9983461558767712
0.9978152727139739
0.9973000224683678
0.996803512978663
0.9963287239563655
0.9958784891708176
0.9954554796049961
0.9950621876817324
0.994700912653034
0.9943737472376795
0.9940825655842471
0.993829012628292
0.9936144949035373
0.9934401728577793
0.9933069547147492
0.9932154919135016
0.9931661761470789
0.9931591380122655
0.9931942472722916
0.9932711147244055
0.9933890956543838
0.9935472948503459
0.9937445731387434
0.9939795553961588
0.9942506399816369
0.9945560095257344
0.9948936430043582
0.9952613290178255
0.9956566801884617
0.9960771485834947
0.9965200420640513
0.9969825414557403
0.997461718431662
0.9979545539947138
0.9984579574428325
0.9989687856982894
0.9994838628804016
1.0
1.0
0.999456334457947
0.9989182514069894
0.9983890405230389
0.9978719233491012
0.9973700337470016
0.9968863989686447
0.9964239214606795
0.9959853615114654
0.9955733208436414
0.9951902272493652
0.9948383203585078
0.994519638622759
0.9942360075908139
0.9939890295415567
0.9937800745335725
0.9936102729203576
0.9934805093714053
0.9933914184299198
0.9933433816283372
0.9933365261731633
0.9933707252009372
0.9934455995974466
0.9935605213627297
0.993714618494943
0.9939067813569301
0.994135670480322
0.9943997257533311
0.9946971769300725
0.9950260553913503
0.9953842070794057
0.9957693065221873
0.9961788718563229
0.9966102807521681
0.9970607871391312
0.9975275386249378
0.9980075944986487
0.9984979442040797
0.9989955261678324
0.9994972468644215
1.0
1.0
0.999474036021436
0.9989534727860142
0.9984414928602142
0.9979412128956863
0.9974556647174211
0.996987777011293
0.9965403577211327
0.9961160772606867
0.9957174526404
0.9953468326029297
0.9950063838547325
0.9946980784739873
0.9944236825675637
0.9941847462417892
0.9939825949434283
0.9938183222186502
0.9936927839288434
0.9936065939530327
0.993560121397384
0.9935534893229309
0.9935865749932726
0.9936590116346233
0.9937701916913146
0.9939192715507084
0.9941051777025252
0.9943266142888967
0.9945820719930494
0.9948698382064789
0.9951880084068355
0.9955344986715351
0.9959070592454109
0.996303289074539
0.9967206512127607
0.9971564890024125
0.9976080429263985
0.9980724680249953
0.9985468517677412
0.9990282322683812
0.9995136167291854
1.0
1.0
0.9994948310714122
0.9989948493714585
0.9985031116386565
0.9980226113024819
0.9975562603192194
0.9971068715834939
0.9966771420212871
0.9962696364656318
0.9958867724109657
0.9955308057363448
0.9952038174814052
0.9949077017521564
0.9946441548264504
0.9944146655213086
0.9942205068762986
0.9940627291988391
0.9939421545087604
0.9938593724106948
0.9938147374139703
0.9938083677107057
0.9938401454137776
0.9939097182473476
0.9940165026737122
0.9941596884314634
0.9943382444513491
0.9945509261078651
0.9947962837565448
0.9950726724991874
0.9953782631119177
0.9957110540640609
0.996068884549376
0.9964494484452536
0.9968503091100964
0.9972689149242934
0.9977026154759795
0.9981486782891983
0.9986043059891461
0.999066653796905
0.9995328472444751
1.0
1.0
0.999518566251599
0.9990420760252195
0.9985734424408123
0.9981155182835714
0.9976710786931875
0.9972428044017355
0.9968332656210375
0.9964449066759367
0.9960800314749554
0.9957407899042992
0.9954291652251548
0.9951469625477445
0.9948957984486957
0.9946770917909906
0.994492055798136
0.9943416914262793
0.9942267820698418
0.9941478896278971
0.9941053519500506
0.9940992816720016
0.9941295664423936
0.9941958705339693
0.994297637823566
0.9944340961171043
0.994604262787545
0.9948069516858085
0.9950407812769824
0.9953041839467623
0.995595416416083
0.9959125711953042
0.996253589003181
0.9966162720701902
0.9969982982406512
0.9973972357834909
0.997810558817496
0.9982356632534733
0.9986698831529532
0.9991105074008908
0.9995547965883175
1.0
1.0
0.9995450713533455
0.9990948140775492
0.9986519809132889
0.9982192675879435
0.9977992964578465
0.9973946006689764
0.9970076089313706
0.9966406309983924
0.9962958439372884
0.9959752792722636
0.9956808110756248
0.9954141450764054
0.9951768088493715
0.9949701431404036
0.9947952943770582
0.9946532084056214
0.994544625488269
0.994470076586061
0.9944298809454889
0.994424144998205
0.9944527625754359
0.9945154164304946
0.9946115810547638
0.9947405267646275
0.9949013250290751
0.9950928550001874
0.9953138112014401
0.9955627123218134
0.9958379110570681
0.9961376049333417
0.9964598480424015
0.9968025636125601
0.9971635573343991
0.9975405313561164
0.9979310988595238
0.9983327991244865
0.9987431129869686
0.999159478593786
0.9995793073557434
1.0
1.0
0.9995741605013791
0.9991526936863879
0.9987381762804232
0.9983331316409201
0.9979400144455254
0.9975611958655619
0.9971989493139789
0.9968554368530935
0.9965326963430311
0.9962326294069023
0.9959569902834304
0.9957073756320128
0.9954852153490809
0.9952917644481881
0.9951280960494959
0.9949950955173328
0.994893455777292
0.994823673836946
0.9947860485267667
0.9947806794702578
0.9948074672847116
0.9948661150064178
0.994956130726636
0.9950768314172456
0.9952273479177326
0.9954066310481386
0.9956134588057902
0.995846444597116
0.996104046449671
0.9963845771436571
0.9966862151968037
0.9970070166314663
0.9973449274482639
0.9976977967265168
0.9980633902681959
0.9984394046990823
0.998823481938354
0.9992132239459066
0.9996062076553691
1.0
1.0
0.9996056334264852
0.9992153163696561
0.9988314351154148
0.9984563265258249
0.9980922638589196
0.9977414430379405
0.9974059694526092
0.9970878453714298
0.9967889580399559
0.9965110685354356
0.9962558014433246
0.9960246354158471
0.9958188946671204
0.9956397414533927
0.9954881695806932
0.9953649989757077
0.9952708713490197
0.9952062469730151
0.9951714025898106
0.995166430457549
0.9951912385363647
0.9952455518083041
0.9953289147185238
0.9954406947182352
0.9955800868831519
0.9957461195746772
0.9959376611047649
0.9961534273593642
0.9963919903296173
0.9966517874945915
0.9969311319942921
0.997228223527076
0.9975411599013793
0.9978679491679113
0.9982065222551871
0.9985547460284707
0.998910436689914
0.9992713734358961
0.9996353122863334
1.0
1.0
0.9996392768165618
0.9992822576934892
0.9989311253436953
0.9985880172724305
0.9982550128067735
0.9979341205362188
0.9976272662399115
0.9973362813727948
0.997062892179205
0.9968087094983245
0.9965752193213983
0.996363774155752
0.9961755852454851
0.9960117156932413
0.9958730745217481
0.9957604117078821
0.9956743142159139
0.9956152030503286
0.9955833313422682
0.9955787834772302
0.9956014752652086
0.9956511551480554
0.9957274064324575
0.9958296505306719
0.9959571511850069
0.9961090196460848
0.9962842207691477
0.9964815799871687
0.9966997911142678
0.9969374249280119
0.9971929384745718
0.9974646850364763
0.9977509246988522
0.9980498354466073
0.9983595247220071
0.9986780413695356
0.99900338789284
0.9993335329469323
0.9996664239876847
1.0
1.0
0.9996748657370823
0.9993530700985772
0.999036580451961
0.9987273234170861
0.9984271731753167
0.9981379401492069
0.9978613601208159
0.9975990838538007
0.9973526672810547
0.9971235623159539
0.996913108341201
0.9967225244248774
0.9965529023086585
0.9964052002082068
0.9962802374606248
0.9961786900484864
0.9961010870244721
0.9960478078549921
0.9960190806954559
0.9960149816040678
0.9960354346952202
0.9960802132277707
0.9961489416177522
0.9962410983594068
0.996356019832912
0.9964929049717819
0.9966508207577354
0.9968287085058575
0.9970253908981441
0.9972395797190808
0.9974698842427572
0.9977148202171984
0.9979728193881336
0.9982422395013203
0.9985213747198307
0.9988084663904147
0.9991017140911476
0.9993992868911246
0.9996993347519274
1.0
1.0
0.9997121651116456
0.9994272858460586
0.9991471038752451
0.9988733247980298
0.998607607790345
0.998351555583555
0.998106704831104
0.9978745169211488
0.997656369289866
0.9974535472868282
0.997267236640251
0.9970985165660263
0.9969483535603403
0.9968175959113029
0.9967069689604634
0.9966170711403488
0.9965483708092917
0.9965012038998204
0.996475772391822
0.996472143616561
0.9964902503925083
0.9965298919888025
0.9965907359070915
0.9966723204674952
0.9967740581795353
0.9968952398741142
0.9970350395680334
0.9971925200281359
0.9973666389979748
0.9975562560459741
0.997760139990375
0.997976976852884
0.9982053782898686
0.9984438904472016
0.998691003182467
0.9989451595961821
0.9992047658120414
0.9994682009448735
0.9997338271941053
1.0
1.0
0.9997509312529901
0.9995044200638205
0.9992619735335162
0.9990250675482257
0.9987951378234083
0.9985735712318813
0.9983616974678917
0.9981607810971123
0.9979720140398811
0.9977965085321646
0.9976352906055989
0.9974892941246191
0.9973593554151083
0.9972462085152252
0.9971504810751234
0.9970726909281831
0.9970132433521512
0.9969724290342765
0.9969504227501339
0.9969472827614078
0.9969629509334526
0.9969972535690206
0.9970499029501474
0.9971204995758559
0.9972085350791048
0.9973133958022842
0.997434367006588
0.9975706376867802
0.9977213059592527
0.9978853849878686
0.9980618094089052
0.9982494422134867
0.9984470820432444
0.9986534708525652
0.9988673018887185
0.999087227939381
0.9993118697956385
0.9995398248774192
0.9997696759675282
1.0
1.0
0.9997909134346123
0.9995839738735955
0.9993804464886
0.9991815702471417
0.9989885503944218
0.9988025511734389
0.9986246888271897
0.9984560249248425
0.9982975600516144
0.9981502278996839
0.998014889794862
0.997892329690926
0.9977832496605208
0.9976882659083669
0.9976079053291983
0.997542602629418
0.9974926980279174
0.997458435547881
0.9974399619077154
0.9974373260155274
0.9974504790678332
0.9974792752494746
0.9975234730280087
0.9975827370322228
0.9976566405008515
0.9977446682841252
0.9978462203774409
0.9979606159632373
0.9980870979341369
0.9982248378675345
0.9983729414191682
0.9985304541007354
0.9986963674043987
0.9988696252350332
0.9990491306093159
0.9992337525792909
0.999422333336818
0.9996136954543751
0.9998066492170283
1.0
1.0
0.999831855492966
0.9996654375788997
0.9995017636917012
0.9993418301922118
0.9991866063221851
0.9990370283498917
0.9988939939425755
0.9987583567994506
0.9986309215771825
0.9985124391378802
0.9984036021475228
0.9983050410504748
0.9982173204433388
0.9981409358688399
0.9980763110477785
0.998023795564318
0.99798366301703
0.9979561096452024
0.9979412534369575
0.9979391337227335
0.9979497112546848
0.9979728687695588
0.9980084120296455
0.998056071333466
0.9981155034850114
0.9981862942075602
0.9982679609854139
0.9983599563143298
0.9984616713389698
0.9985724398534026
0.9986915426385367
0.9988182121083976
0.9989516372353675
0.9990909687229003
0.9992353243928287
0.9993837947531877
0.9995354487115009
0.9996893393977194
0.9998445100604746
1.0
1.0
0.9998734974500998
0.9997482938936388
0.9996251547914933
0.999504829750305
0.9993880479737753
0.9992755138581376
0.9991679027582994
0.9990658569500028
0.9989699818120366
0.998880842251089
0.9987989593902483
0.9987248075404571
0.9986588114724031
0.9986013440044245
0.9985527239199916
0.9985132142262565
0.9984830207630125
0.9984622911692163
0.9984511142119971
0.9984495194808283
0.9984574774472761
0.9984748998884883
0.9985016406703597
0.9985374968841001
0.9985822103277909
0.9986354693224151
0.998696910849829
0.998766122998211
0.9988426476986816
0.998925983735058
0.9990155900070997
0.9991108890261053
0.9992112706203858
0.9993160958269216
0.999424700944465
0.9995364017224536
0.9996504976593567
0.9997662763835214
0.9998830180891723
1.0
1.0
0.9999155771465541
0.9998320211911266
0.9997498429726013
0.9996695427493408
0.999591607163553
0.9995165063018733
0.9994446908698512
0.9993765894972492
0.9993126061901975
0.9992531179452806
0.9991984725395717
0.9991489865095005
0.9991049433302227
0.9990665918058869
0.9990341446798467
0.9990077774724919
0.9989876275529282
0.9989737934492826
0.9989663344009175
0.9989652701543411
0.9989705810030891
0.9989822080703534
0.9990000538316426
0.9990239828732919
0.9990538228812007
0.9990893658527876
0.9991303695237931
0.9991765590002801
0.9992276285849503
0.9992832437857377
0.9993430434935717
0.9994066423152007
0.9994736330460772
0.999543589267495
0.999616068051467
0.999690612756236
0.9997667558948173
0.9998440220585976
0.9999219308777398
1.0
1.0
0.999957831874351
0.999916096753289
0.9998750497943627
0.9998349408702765
0.9997960130526257
0.9997585011436941
0.999722630265143
0.9996886145120406
0.9996566556802463
0.9996269420746752
0.9995996474054499
0.9995749297783714
0.9995529307855392
0.9995337747013109
0.9995175677881251
0.999504397716014
0.9994943330989244
0.9994874231502264
0.9994836974590545
0.999483165888371
0.9994858185948905
0.9994916261702532
0.9995005399020909
0.9995124921528958
0.9995273968538871
0.9995451501103674
0.9995656309143961
0.9995887019599544
0.9996142105551672
0.9996419896255712
0.9996718588018787
0.9997036255851934
0.9997370865821829
0.9997720288023132
0.999808231008899
0.9998454651154223
0.9998834976183291
0.9999220910573258
0.9999610054940608
1.0
1.0
1.0
1.0
1.0
1.0
1.0
1.0
1.0
1.0
1.0
1.0
1.0
1.0
1.0
1.0
1.0
1.0
1.0
1.0
1.0
1.0
1.0
1.0
1.0
1.0
1.0
1.0
1.0
1.0
1.0
1.0
1.0
1.0
1.0
1.0
1.0
1.0
1.0
1.0
1.0
1.0
