1.0
1.0
1.0
1.0
1.0
1.0
1.0
1.0
1.0
1.0
1.0
1.0
1.0
1.0
1.0
1.0
1.0
1.0
1.0
1.0
1.0
1.0
1.0
1.0
1.0
1.0
1.0
1.0
1.0
1.0
1.0
1.0
1.0
1.0
1.0
1.0
1.0
1.0
1.0
1.0
1.0
1.0
0.9999997216648938
0.9999992353872124
0.9999991029547357
0.999998529197814
0.9999985029806312
0.9999978562842761
0.9999979381133176
0.9999972409212393
0.9999974196449715
0.9999966963892988
0.9999969636250501
0.999996233098487
0.9999965834761764
0.9999958610410712
0.999996289408341
0.9999955888653563
0.9999960890124916
0.9999954229873755
0.9999959874801804
0.9999953672677285
0.99999598748018
0.9999954229873758
0.9999960890124913
0.9999955888653554
0.999996289408341
0.9999958610410707
0.9999965834761758
0.9999962330984864
0.9999969636250498
0.999996696389299
0.9999974196449714
0.9999972409212398
0.9999979381133176
0.9999978562842763
0.9999985029806318
0.9999985291978142
0.9999991029547365
0.9999992353872124
0.9999997216648943
1.0
1.0
0.9999992353872125
0.9999987516021269
0.9999978620199262
0.9999974556109585
0.9999965471646578
0.9999962290504797
0.9999953199055235
0.9999950866945705
0.9999942158710367
0.9999940601360058
0.9999932559994977
0.9999931803294312
0.9999924598376777
0.9999924714951953
0.9999918455411676
0.9999919518848327
0.9999914277422489
0.9999916346825839
0.9999912163677211
0.9999915280264715
0.9999912163677208
0.9999916346825837
0.9999914277422485
0.9999919518848324
0.9999918455411674
0.999992471495195
0.9999924598376781
0.9999931803294305
0.9999932559994982
0.9999940601360057
0.9999942158710372
0.9999950866945703
0.9999953199055244
0.9999962290504798
0.9999965471646585
0.9999974556109594
0.9999978620199261
0.9999987516021276
0.9999992353872117
1.0
1.0
0.9999991029547358
0.9999978620199264
0.9999971272418164
0.9999958921350808
0.999995215419502
0.9999940111443459
0.9999934197045869
0.9999922885656657
0.9999917757668245
0.9999907622901811
0.9999903326984876
0.9999894621280041
0.9999891314783895
0.9999884168780216
0.999988203300143
0.9999876515839569
0.9999875713079145
0.9999871849019003
0.9999872512706823
0.9999870280935005
0.9999872512706827
0.9999871849019
0.9999875713079149
0.9999876515839565
0.9999882033001434
0.9999884168780212
0.9999891314783892
0.9999894621280037
0.9999903326984875
0.9999907622901812
0.9999917757668251
0.9999922885656661
0.999993419704588
0.999994011144346
0.9999952154195029
0.9999958921350808
0.9999971272418176
0.9999978620199259
0.9999991029547366
1.0
1.0
0.999998529197814
0.9999974556109588
0.9999958921350802
0.9999948235087774
0.99999336204391
0.9999923386947355
0.999990994086079
0.999990031270489
0.9999888587506066
0.9999879629004614
0.9999869984384306
0.9999861936229595
0.9999854528240139
0.9999847703000041
0.9999842586814875
0.9999837281328462
0.9999834457126695
0.9999830924364956
0.9999830341608548
0.9999828787775207
0.9999830341608544
0.9999830924364957
0.9999834457126688
0.9999837281328461
0.999984258681487
0.999984770300004
0.9999854528240143
0.9999861936229595
0.9999869984384311
0.999987962900462
0.999988858750607
0.9999900312704895
0.9999909940860793
0.9999923386947365
0.9999933620439102
0.9999948235087779
0.9999958921350808
0.9999974556109591
0.9999985291978141
1.0
1.0
0.9999985029806316
0.9999965471646577
0.9999952154195024
0.9999933620439101
0.999992043061854
0.9999903107480538
0.9999890732237191
0.9999875075567455
0.9999863625912109
0.9999850171996421
0.9999839887375888
0.9999828913759645
0.9999820162510455
0.9999811796007226
0.9999804942140953
0.9999799247690252
0.9999794589152432
0.9999791589181601
0.9999789349748444
0.9999789014756124
0.9999789349748444
0.9999791589181607
0.9999794589152432
0.9999799247690251
0.9999804942140952
0.9999811796007226
0.9999820162510452
0.9999828913759646
0.9999839887375889
0.9999850171996424
0.9999863625912113
0.9999875075567461
0.9999890732237197
0.9999903107480544
0.9999920430618546
0.9999933620439113
0.9999952154195024
0.9999965471646586
0.9999985029806318
1.0
1.0
0.9999978562842764
0.9999962290504794
0.9999940111443459
0.9999923386947355
0.9999903107480538
0.9999886784678739
0.999986835007287
0.9999852910251706
0.9999836909158791
0.9999822625709438
0.9999809453497673
0.9999796770247836
0.9999786603658006
0.999977600001362
0.9999768927635195
0.9999760808087887
0.9999756882844687
0.9999751548163421
0.9999750781916517
0.999974843705008
0.9999750781916522
0.9999751548163414
0.999975688284468
0.9999760808087883
0.999976892763519
0.9999776000013614
0.999978660365801
0.9999796770247835
0.9999809453497677
0.9999822625709444
0.9999836909158794
0.9999852910251711
0.9999868350072872
0.9999886784678748
0.9999903107480537
0.999992338694736
0.9999940111443466
0.9999962290504799
0.9999978562842761
1.0
1.0
0.9999979381133168
0.9999953199055243
0.9999934197045867
0.99999099408608
0.9999890732237194
0.9999868350072872
0.9999850186866329
0.9999830011956132
0.9999813288091526
0.9999795867016342
0.9999781038231003
0.9999766671981111
0.9999754276690327
0.9999743137199016
0.9999733645935489
0.9999725871161266
0.9999719622180604
0.9999715327629198
0.9999712528037581
0.9999711782407742
0.9999712528037576
0.9999715327629203
0.9999719622180603
0.9999725871161266
0.999973364593549
0.9999743137199019
0.9999754276690322
0.9999766671981113
0.9999781038231009
0.9999795867016343
0.9999813288091532
0.9999830011956132
0.9999850186866341
0.9999868350072869
0.9999890732237205
0.9999909940860799
0.9999934197045875
0.9999953199055243
0.9999979381133177
1.0
1.0
0.9999972409212402
0.99999508669457
0.999992288565666
0.9999900312704885
0.9999875075567457
0.9999852910251704
0.9999830011956135
0.9999809175824075
0.9999789139899181
0.9999770156619425
0.9999753391393452
0.9999736882836862
0.9999723613959922
0.9999710171250696
0.9999700566965722
0.9999690642283651
0.9999684856734344
0.9999678742371839
0.9999676897417279
0.9999674744912384
0.9999676897417284
0.999967874237183
0.9999684856734347
0.9999690642283643
0.9999700566965715
0.9999710171250693
0.999972361395992
0.9999736882836864
0.9999753391393446
0.9999770156619436
0.9999789139899179
0.9999809175824081
0.9999830011956136
0.9999852910251716
0.9999875075567457
0.9999900312704894
0.9999922885656664
0.9999950866945707
0.9999972409212398
1.0
1.0
0.9999974196449711
0.9999942158710372
0.9999917757668245
0.9999888587506073
0.9999863625912114
0.9999836909158788
0.9999813288091529
0.9999789139899177
0.99997675777216
0.9999746526382237
0.9999727669250826
0.9999710066562438
0.99996945648716
0.9999680670141298
0.999966904706881
0.999965910274165
0.9999651702195002
0.9999645932142319
0.999964292834089
0.9999641503474818
0.9999642928340887
0.999964593214232
0.9999651702195
0.9999659102741651
0.9999669047068814
0.9999680670141295
0.9999694564871596
0.9999710066562438
0.9999727669250834
0.9999746526382242
0.999976757772161
0.9999789139899183
0.9999813288091534
0.9999836909158794
0.999986362591212
0.999988858750608
0.9999917757668246
0.9999942158710374
0.9999974196449712
1.0
1.0
0.9999966963892991
0.9999940601360053
0.9999907622901815
0.9999879629004617
0.9999850171996421
0.999982262570944
0.9999795867016347
0.9999770156619434
0.9999746526382237
0.9999723396667185
0.9999703346101071
0.9999683528605607
0.9999667382335476
0.9999651515628607
0.999963955568116
0.9999628104329978
0.9999620591986027
0.9999613836116736
0.9999610985664183
0.9999609042688793
0.9999610985664181
0.9999613836116729
0.9999620591986026
0.9999628104329977
0.9999639555681148
0.9999651515628607
0.9999667382335476
0.9999683528605607
0.999970334610107
0.999972339666719
0.9999746526382242
0.9999770156619441
0.9999795867016349
0.9999822625709447
0.9999850171996425
0.9999879629004619
0.9999907622901822
0.9999940601360057
0.999996696389299
1.0
1.0
0.99999696362505
0.9999932559994982
0.9999903326984875
0.9999869984384313
0.9999839887375896
0.9999809453497671
0.9999781038231005
0.9999753391393444
0.9999727669250833
0.9999703346101068
0.9999681080724911
0.9999660539025642
0.9999642416175188
0.9999626045868202
0.9999612594535491
0.999960075295433
0.9999592315057361
0.999958531278588
0.9999582054095233
0.9999580121830344
0.9999582054095231
0.9999585312785881
0.9999592315057363
0.9999600752954325
0.9999612594535497
0.9999626045868196
0.9999642416175188
0.9999660539025644
0.999968108072492
0.9999703346101072
0.999972766925084
0.9999753391393446
0.9999781038231011
0.9999809453497677
0.9999839887375896
0.999986998438432
0.9999903326984876
0.9999932559994984
0.99999696362505
1.0
1.0
0.9999962330984862
0.9999931803294311
0.9999894621280043
0.9999861936229594
0.9999828913759644
0.999979677024784
0.9999766671981118
0.999973688283686
0.9999710066562442
0.9999683528605605
0.9999660539025652
0.9999638012237216
0.9999619321084836
0.9999601433031996
0.9999587454947249
0.9999574663292311
0.9999565751184777
0.9999558340749599
0.9999554760485487
0.9999552855989611
0.9999554760485492
0.9999558340749595
0.9999565751184774
0.9999574663292309
0.9999587454947241
0.9999601433031996
0.9999619321084835
0.9999638012237225
0.999966053902565
0.9999683528605608
0.9999710066562443
0.9999736882836865
0.9999766671981116
0.9999796770247844
0.9999828913759645
0.9999861936229599
0.9999894621280041
0.9999931803294311
0.9999962330984866
1.0
1.0
0.9999965834761765
0.9999924598376781
0.9999891314783893
0.9999854528240152
0.9999820162510463
0.9999786603658012
0.9999754276690324
0.9999723613959927
0.99996945648716
0.9999667382335484
0.9999642416175183
0.9999619321084839
0.9999599096220464
0.9999580632061377
0.9999565653255132
0.9999552284892705
0.9999542896381122
0.9999534988842839
0.999953137776608
0.9999529175273801
0.9999531377766071
0.9999534988842845
0.999954289638112
0.9999552284892703
0.9999565653255137
0.9999580632061377
0.9999599096220464
0.9999619321084833
0.9999642416175194
0.9999667382335484
0.9999694564871606
0.9999723613959923
0.9999754276690331
0.9999786603658007
0.999982016251046
0.9999854528240147
0.9999891314783896
0.9999924598376781
0.9999965834761763
1.0
1.0
0.9999958610410707
0.9999924714951951
0.999988416878022
0.9999847703000038
0.9999811796007229
0.9999776000013626
0.9999743137199024
0.9999710171250697
0.99996806701413
0.9999651515628611
0.9999626045868205
0.9999601433031999
0.9999580632061377
0.999956114335842
0.999954555464215
0.999953163469172
0.9999521678986335
0.9999513633321486
0.9999509592629525
0.9999507583099683
0.9999509592629531
0.9999513633321483
0.9999521678986334
0.9999531634691723
0.9999545554642143
0.9999561143358424
0.9999580632061374
0.9999601433032005
0.9999626045868201
0.999965151562861
0.9999680670141297
0.9999710171250705
0.9999743137199018
0.9999776000013628
0.9999811796007231
0.9999847703000041
0.9999884168780219
0.9999924714951953
0.9999958610410713
1.0
1.0
0.9999962894083408
0.9999918455411679
0.9999882033001433
0.9999842586814884
0.9999804942140958
0.99997689276352
0.9999733645935494
0.9999700566965726
0.9999669047068818
0.9999639555681161
0.9999612594535493
0.9999587454947252
0.9999565653255131
0.999954555464215
0.9999529382857184
0.9999514877174192
0.9999504687498163
0.9999496167506241
0.9999492183835075
0.9999489880006681
0.9999492183835077
0.9999496167506242
0.9999504687498173
0.9999514877174189
0.9999529382857197
0.9999545554642149
0.999956565325514
0.999958745494725
0.9999612594535499
0.9999639555681168
0.9999669047068823
0.999970056696572
0.9999733645935502
0.9999768927635195
0.9999804942140961
0.9999842586814888
0.9999882033001437
0.999991845541168
0.9999962894083413
1.0
1.0
0.9999955888653557
0.9999919518848324
0.9999876515839566
0.9999837281328464
0.9999799247690254
0.9999760808087893
0.9999725871161269
0.9999690642283653
0.9999659102741651
0.9999628104329983
0.9999600752954333
0.9999574663292319
0.9999552284892704
0.9999531634691727
0.9999514877174193
0.9999500099808677
0.9999489428158723
0.999948085524359
0.9999476548631887
0.9999474386161882
0.9999476548631894
0.9999480855243587
0.9999489428158723
0.9999500099808684
0.999951487717419
0.9999531634691726
0.9999552284892712
0.999957466329232
0.999960075295433
0.9999628104329981
0.9999659102741653
0.9999690642283655
0.9999725871161268
0.9999760808087897
0.9999799247690261
0.9999837281328463
0.9999876515839573
0.9999919518848328
0.999995588865356
1.0
1.0
0.9999960890124922
0.9999914277422489
0.9999875713079153
0.9999834457126693
0.9999794589152443
0.999975688284468
0.9999719622180615
0.9999684856734347
0.9999651702195014
0.9999620591986027
0.9999592315057368
0.9999565751184771
0.9999542896381124
0.999952167898633
0.999950468749817
0.9999489428158722
0.9999478661827259
0.9999469764676828
0.9999465481996096
0.9999463157442525
0.9999465481996096
0.9999469764676838
0.999947866182726
0.9999489428158727
0.9999504687498173
0.9999521678986341
0.9999542896381125
0.9999565751184782
0.999959231505737
0.9999620591986038
0.999965170219501
0.9999684856734352
0.9999719622180614
0.9999756882844689
0.9999794589152438
0.9999834457126705
0.9999875713079154
0.9999914277422493
0.9999960890124915
1.0
1.0
0.9999954229873755
0.999991634682584
0.9999871849019001
0.9999830924364957
0.9999791589181604
0.9999751548163425
0.9999715327629203
0.9999678742371837
0.9999645932142324
0.9999613836116734
0.9999585312785882
0.9999558340749604
0.9999534988842841
0.9999513633321497
0.9999496167506234
0.9999480855243589
0.999946976467683
0.999946084775142
0.999945640433932
0.9999454121639625
0.9999456404339322
0.999946084775142
0.9999469764676833
0.9999480855243592
0.9999496167506239
0.9999513633321492
0.9999534988842848
0.9999558340749604
0.9999585312785885
0.9999613836116729
0.9999645932142329
0.9999678742371839
0.9999715327629204
0.9999751548163429
0.9999791589181608
0.9999830924364959
0.9999871849019005
0.9999916346825846
0.999995422987376
1.0
1.0
0.9999959874801805
0.9999912163677213
0.999987251270683
0.9999830341608549
0.9999789349748454
0.9999750781916521
0.9999712528037584
0.9999676897417291
0.9999642928340892
0.9999610985664188
0.9999582054095238
0.9999554760485487
0.9999531377766085
0.9999509592629522
0.9999492183835078
0.9999476548631895
0.9999465481996097
0.9999456404339314
0.9999451958521656
0.9999449635909239
0.9999451958521659
0.9999456404339324
0.9999465481996099
0.9999476548631892
0.9999492183835083
0.9999509592629527
0.999953137776608
0.9999554760485492
0.9999582054095237
0.9999610985664199
0.999964292834089
0.9999676897417293
0.9999712528037585
0.9999750781916521
0.9999789349748451
0.9999830341608554
0.9999872512706836
0.9999912163677211
0.9999959874801801
1.0
1.0
0.9999953672677276
0.9999915280264716
0.9999870280935005
0.9999828787775212
0.9999789014756125
0.9999748437050091
0.9999711782407745
0.9999674744912382
0.9999641503474821
0.999960904268879
0.9999580121830343
0.9999552855989616
0.9999529175273796
0.9999507583099689
0.9999489880006677
0.9999474386161875
0.9999463157442525
0.9999454121639626
0.9999449635909239
0.999944730894599
0.9999449635909237
0.9999454121639623
0.9999463157442525
0.9999474386161882
0.9999489880006683
0.9999507583099683
0.9999529175273806
0.9999552855989615
0.9999580121830351
0.9999609042688787
0.9999641503474828
0.9999674744912384
0.999971178240775
0.9999748437050093
0.999978901475613
0.999982878777521
0.9999870280935006
0.999991528026472
0.9999953672677288
1.0
1.0
0.9999959874801808
0.9999912163677213
0.999987251270683
0.9999830341608553
0.9999789349748451
0.9999750781916528
0.9999712528037583
0.9999676897417291
0.9999642928340889
0.9999610985664188
0.9999582054095237
0.9999554760485491
0.9999531377766082
0.9999509592629521
0.999949218383508
0.9999476548631893
0.9999465481996095
0.9999456404339317
0.999945195852165
0.9999449635909243
0.9999451958521655
0.9999456404339326
0.9999465481996096
0.999947654863189
0.9999492183835078
0.9999509592629524
0.9999531377766079
0.9999554760485487
0.9999582054095237
0.9999610985664192
0.9999642928340895
0.999967689741729
0.9999712528037585
0.9999750781916518
0.999978934974845
0.9999830341608551
0.9999872512706832
0.9999912163677217
0.9999959874801803
1.0
1.0
0.9999954229873755
0.999991634682584
0.9999871849019007
0.9999830924364962
0.9999791589181609
0.9999751548163422
0.9999715327629203
0.9999678742371836
0.9999645932142324
0.9999613836116726
0.9999585312785879
0.9999558340749598
0.9999534988842842
0.999951363332149
0.9999496167506241
0.9999480855243583
0.9999469764676836
0.9999460847751419
0.9999456404339327
0.9999454121639615
0.9999456404339323
0.9999460847751414
0.9999469764676829
0.9999480855243589
0.9999496167506238
0.9999513633321493
0.9999534988842843
0.9999558340749605
0.9999585312785882
0.9999613836116731
0.9999645932142324
0.9999678742371837
0.9999715327629203
0.9999751548163426
0.9999791589181605
0.9999830924364962
0.9999871849019003
0.9999916346825843
0.9999954229873762
1.0
1.0
0.9999960890124918
0.9999914277422494
0.9999875713079153
0.9999834457126702
0.9999794589152442
0.9999756882844693
0.9999719622180615
0.9999684856734357
0.9999651702195007
0.9999620591986038
0.9999592315057371
0.9999565751184777
0.9999542896381125
0.9999521678986334
0.9999504687498167
0.9999489428158725
0.9999478661827259
0.9999469764676827
0.999946548199609
0.9999463157442525
0.9999465481996094
0.9999469764676835
0.9999478661827264
0.9999489428158715
0.9999504687498172
0.9999521678986328
0.9999542896381126
0.9999565751184772
0.999959231505737
0.9999620591986037
0.9999651702195007
0.9999684856734351
0.9999719622180613
0.9999756882844688
0.9999794589152441
0.9999834457126695
0.9999875713079157
0.9999914277422493
0.9999960890124918
1.0
1.0
0.9999955888653561
0.9999919518848327
0.9999876515839572
0.9999837281328471
0.999979924769026
0.999976080808789
0.9999725871161268
0.9999690642283645
0.9999659102741657
0.9999628104329976
0.9999600752954327
0.9999574663292312
0.9999552284892707
0.9999531634691724
0.9999514877174192
0.9999500099808677
0.9999489428158723
0.999948085524359
0.9999476548631895
0.9999474386161875
0.999947654863189
0.9999480855243587
0.9999489428158718
0.9999500099808685
0.9999514877174187
0.9999531634691734
0.9999552284892704
0.9999574663292323
0.9999600752954328
0.9999628104329981
0.9999659102741655
0.9999690642283654
0.9999725871161266
0.9999760808087895
0.9999799247690251
0.9999837281328474
0.9999876515839563
0.999991951884833
0.9999955888653558
1.0
1.0
0.9999962894083408
0.9999918455411679
0.9999882033001444
0.9999842586814882
0.9999804942140963
0.9999768927635204
0.9999733645935508
0.999970056696573
0.9999669047068824
0.9999639555681168
0.99996125945355
0.9999587454947252
0.9999565653255137
0.9999545554642149
0.9999529382857189
0.9999514877174193
0.9999504687498165
0.9999496167506238
0.9999492183835071
0.9999489880006686
0.9999492183835075
0.9999496167506242
0.999950468749817
0.9999514877174187
0.9999529382857189
0.9999545554642149
0.9999565653255135
0.9999587454947254
0.9999612594535491
0.9999639555681177
0.9999669047068814
0.9999700566965728
0.9999733645935496
0.9999768927635198
0.9999804942140955
0.9999842586814881
0.9999882033001436
0.9999918455411682
0.999996289408341
1.0
1.0
0.9999958610410717
0.9999924714951957
0.9999884168780219
0.9999847703000049
0.999981179600724
0.9999776000013626
0.9999743137199022
0.9999710171250696
0.9999680670141305
0.9999651515628606
0.9999626045868203
0.9999601433032003
0.9999580632061378
0.9999561143358424
0.9999545554642149
0.9999531634691718
0.9999521678986344
0.9999513633321495
0.999950959262953
0.9999507583099683
0.9999509592629525
0.999951363332149
0.9999521678986335
0.9999531634691728
0.999954555464215
0.9999561143358432
0.9999580632061381
0.9999601433032005
0.9999626045868211
0.9999651515628606
0.9999680670141309
0.9999710171250699
0.999974313719902
0.9999776000013627
0.9999811796007233
0.9999847703000043
0.9999884168780219
0.9999924714951953
0.9999958610410711
1.0
1.0
0.9999965834761754
0.9999924598376787
0.9999891314783901
0.9999854528240153
0.9999820162510465
0.9999786603658021
0.999975427669034
0.9999723613959934
0.9999694564871607
0.9999667382335489
0.9999642416175194
0.9999619321084843
0.9999599096220466
0.999958063206138
0.9999565653255132
0.9999552284892714
0.999954289638112
0.9999534988842842
0.999953137776608
0.9999529175273806
0.9999531377766081
0.9999534988842848
0.9999542896381123
0.9999552284892705
0.999956565325514
0.999958063206138
0.9999599096220474
0.999961932108484
0.9999642416175192
0.99996673823355
0.9999694564871603
0.9999723613959934
0.9999754276690334
0.9999786603658014
0.9999820162510455
0.999985452824015
0.9999891314783895
0.9999924598376786
0.9999965834761763
1.0
1.0
0.9999962330984872
0.9999931803294314
0.9999894621280045
0.9999861936229605
0.999982891375966
0.9999796770247842
0.9999766671981122
0.9999736882836864
0.9999710066562452
0.9999683528605605
0.9999660539025653
0.9999638012237221
0.9999619321084843
0.9999601433032
0.9999587454947257
0.9999574663292313
0.9999565751184779
0.999955834074961
0.9999554760485491
0.9999552855989621
0.9999554760485487
0.9999558340749606
0.9999565751184776
0.9999574663292329
0.999958745494725
0.9999601433032015
0.9999619321084839
0.9999638012237231
0.9999660539025661
0.9999683528605605
0.999971006656245
0.999973688283687
0.9999766671981116
0.9999796770247846
0.9999828913759651
0.9999861936229597
0.9999894621280044
0.9999931803294311
0.9999962330984866
1.0
1.0
0.9999969636250493
0.9999932559994991
0.999990332698488
0.9999869984384325
0.9999839887375896
0.9999809453497696
0.9999781038231019
0.9999753391393461
0.9999727669250835
0.9999703346101082
0.9999681080724924
0.9999660539025649
0.999964241617519
0.9999626045868206
0.999961259453549
0.9999600752954333
0.9999592315057365
0.9999585312785881
0.9999582054095234
0.999958012183035
0.9999582054095241
0.9999585312785886
0.9999592315057371
0.9999600752954331
0.9999612594535509
0.9999626045868203
0.99996424161752
0.999966053902566
0.9999681080724921
0.9999703346101086
0.9999727669250842
0.9999753391393457
0.9999781038231021
0.9999809453497676
0.9999839887375894
0.9999869984384318
0.9999903326984876
0.999993255999499
0.9999969636250499
1.0
1.0
0.9999966963892999
0.999994060136006
0.999990762290182
0.9999879629004627
0.9999850171996435
0.9999822625709448
0.9999795867016351
0.9999770156619441
0.9999746526382249
0.9999723396667192
0.9999703346101072
0.999968352860561
0.9999667382335491
0.9999651515628609
0.9999639555681167
0.9999628104329986
0.9999620591986033
0.999961383611674
0.9999610985664192
0.9999609042688797
0.9999610985664191
0.9999613836116735
0.9999620591986036
0.9999628104329991
0.9999639555681167
0.9999651515628619
0.999966738233549
0.9999683528605617
0.9999703346101086
0.9999723396667191
0.9999746526382253
0.9999770156619443
0.9999795867016347
0.9999822625709454
0.999985017199643
0.9999879629004624
0.9999907622901821
0.9999940601360058
0.9999966963892994
1.0
1.0
0.9999974196449708
0.9999942158710377
0.9999917757668257
0.9999888587506086
0.9999863625912118
0.9999836909158811
0.999981328809154
0.9999789139899196
0.9999767577721604
0.9999746526382255
0.9999727669250837
0.999971006656245
0.9999694564871595
0.9999680670141308
0.9999669047068813
0.9999659102741649
0.9999651702195004
0.9999645932142324
0.9999642928340893
0.9999641503474826
0.9999642928340892
0.9999645932142331
0.9999651702195007
0.9999659102741656
0.9999669047068829
0.9999680670141309
0.9999694564871607
0.9999710066562454
0.9999727669250836
0.999974652638226
0.9999767577721608
0.9999789139899192
0.9999813288091542
0.9999836909158794
0.9999863625912119
0.9999888587506081
0.9999917757668255
0.9999942158710374
0.9999974196449717
1.0
1.0
0.9999972409212403
0.9999950866945709
0.9999922885656664
0.9999900312704897
0.999987507556747
0.9999852910251715
0.999983001195614
0.9999809175824084
0.9999789139899189
0.9999770156619437
0.9999753391393449
0.9999736882836862
0.9999723613959938
0.9999710171250692
0.9999700566965728
0.9999690642283658
0.9999684856734351
0.9999678742371843
0.9999676897417293
0.9999674744912387
0.9999676897417299
0.9999678742371833
0.9999684856734361
0.999969064228366
0.9999700566965728
0.9999710171250706
0.9999723613959937
0.9999736882836869
0.9999753391393468
0.9999770156619433
0.9999789139899201
0.9999809175824085
0.999983001195614
0.9999852910251721
0.9999875075567466
0.9999900312704892
0.9999922885656669
0.9999950866945707
0.99999724092124
1.0
1.0
0.9999979381133176
0.9999953199055238
0.9999934197045885
0.9999909940860797
0.9999890732237213
0.9999868350072876
0.9999850186866355
0.9999830011956138
0.9999813288091544
0.9999795867016346
0.9999781038231025
0.9999766671981114
0.9999754276690329
0.9999743137199018
0.9999733645935502
0.9999725871161251
0.9999719622180617
0.9999715327629197
0.9999712528037589
0.9999711782407743
0.9999712528037588
0.9999715327629205
0.9999719622180618
0.9999725871161262
0.9999733645935511
0.9999743137199018
0.9999754276690344
0.9999766671981121
0.9999781038231019
0.9999795867016354
0.9999813288091539
0.999983001195614
0.9999850186866351
0.9999868350072865
0.9999890732237204
0.99999099408608
0.9999934197045874
0.9999953199055245
0.9999979381133177
1.0
1.0
0.9999978562842762
0.9999962290504805
0.999994011144346
0.9999923386947368
0.9999903107480542
0.9999886784678753
0.9999868350072874
0.999985291025172
0.99998369091588
0.9999822625709447
0.9999809453497673
0.9999796770247837
0.9999786603658014
0.9999776000013618
0.9999768927635198
0.99997608080879
0.9999756882844691
0.9999751548163422
0.9999750781916525
0.999974843705009
0.9999750781916531
0.9999751548163425
0.9999756882844693
0.9999760808087899
0.9999768927635205
0.9999776000013632
0.9999786603658017
0.9999796770247846
0.9999809453497689
0.9999822625709446
0.9999836909158806
0.9999852910251716
0.9999868350072869
0.9999886784678755
0.9999903107480541
0.9999923386947361
0.9999940111443467
0.99999622905048
0.999997856284276
1.0
1.0
0.9999985029806319
0.9999965471646581
0.9999952154195035
0.9999933620439108
0.9999920430618551
0.9999903107480543
0.9999890732237212
0.9999875075567458
0.9999863625912122
0.9999850171996424
0.9999839887375896
0.9999828913759645
0.9999820162510459
0.9999811796007231
0.999980494214096
0.9999799247690246
0.9999794589152441
0.9999791589181607
0.999978934974845
0.999978901475613
0.9999789349748452
0.999979158918161
0.9999794589152443
0.9999799247690255
0.9999804942140964
0.9999811796007233
0.999982016251047
0.9999828913759649
0.9999839887375898
0.9999850171996432
0.999986362591212
0.9999875075567464
0.999989073223721
0.9999903107480536
0.9999920430618547
0.9999933620439106
0.9999952154195026
0.9999965471646584
0.9999985029806323
1.0
1.0
0.9999985291978138
0.9999974556109595
0.9999958921350804
0.9999948235087782
0.9999933620439105
0.9999923386947366
0.9999909940860792
0.9999900312704902
0.9999888587506074
0.9999879629004625
0.9999869984384312
0.9999861936229597
0.9999854528240145
0.9999847703000041
0.9999842586814875
0.9999837281328473
0.9999834457126698
0.9999830924364962
0.9999830341608555
0.999982878777521
0.9999830341608555
0.9999830924364964
0.9999834457126703
0.9999837281328474
0.9999842586814884
0.9999847703000052
0.9999854528240145
0.9999861936229609
0.9999869984384314
0.9999879629004624
0.9999888587506081
0.9999900312704899
0.9999909940860798
0.9999923386947371
0.9999933620439108
0.9999948235087776
0.9999958921350812
0.9999974556109588
0.999998529197814
1.0
1.0
0.9999991029547368
0.9999978620199259
0.9999971272418178
0.9999958921350808
0.9999952154195033
0.9999940111443462
0.9999934197045884
0.9999922885656662
0.9999917757668257
0.9999907622901815
0.9999903326984878
0.999989462128004
0.9999891314783893
0.9999884168780219
0.9999882033001437
0.999987651583956
0.9999875713079149
0.9999871849019006
0.9999872512706827
0.9999870280935014
0.9999872512706828
0.9999871849019011
0.999987571307915
0.9999876515839567
0.9999882033001439
0.9999884168780215
0.9999891314783906
0.9999894621280042
0.9999903326984884
0.9999907622901818
0.9999917757668256
0.9999922885656665
0.9999934197045882
0.9999940111443459
0.999995215419503
0.9999958921350812
0.9999971272418169
0.9999978620199264
0.9999991029547363
1.0
1.0
0.999999235387212
0.9999987516021276
0.9999978620199261
0.9999974556109592
0.9999965471646585
0.9999962290504805
0.9999953199055241
0.9999950866945709
0.9999942158710372
0.9999940601360058
0.9999932559994984
0.9999931803294309
0.9999924598376781
0.9999924714951945
0.9999918455411677
0.9999919518848327
0.9999914277422495
0.9999916346825838
0.9999912163677219
0.9999915280264715
0.9999912163677219
0.9999916346825841
0.9999914277422499
0.9999919518848328
0.9999918455411682
0.9999924714951955
0.9999924598376779
0.9999931803294317
0.9999932559994983
0.9999940601360061
0.9999942158710371
0.999995086694571
0.9999953199055243
0.9999962290504804
0.9999965471646587
0.9999974556109588
0.9999978620199267
0.999998751602127
0.9999992353872125
1.0
1.0
0.9999997216648938
0.9999992353872121
0.9999991029547364
0.9999985291978142
0.999998502980632
0.9999978562842763
0.9999979381133177
0.9999972409212401
0.9999974196449716
0.999996696389299
0.9999969636250499
0.9999962330984865
0.9999965834761764
0.9999958610410711
0.9999962894083414
0.9999955888653553
0.9999960890124917
0.9999954229873754
0.9999959874801807
0.9999953672677283
0.9999959874801806
0.9999954229873756
0.9999960890124918
0.9999955888653554
0.9999962894083413
0.999995861041071
0.9999965834761769
0.999996233098486
0.9999969636250505
0.9999966963892987
0.9999974196449721
0.9999972409212396
0.999997938113318
0.9999978562842758
0.9999985029806321
0.9999985291978137
0.9999991029547365
0.9999992353872121
0.999999721664894
1.0
1.0
1.0
1.0
1.0
1.0
1.0
1.0
1.0
1.0
1.0
1.0
1.0
1.0
1.0
1.0
1.0
1.0
1.0
1.0
1.0
1.0
1.0
1.0
1.0
1.0
1.0
1.0
1.0
1.0
1.0
1.0
1.0
1.0
1.0
1.0
1.0
1.0
1.0
1.0
1.0
1.0
