1.0000000000363654
1.0000000000363654
1.0000000000363654
1.0000000000363654
1.0000000000363654
1.0000000000363654
1.0000000000363654
1.0000000000363654
1.0000000000363654
1.0000000000363654
1.0000000000363654
1.0000000000363654
1.0000000000363654
1.0000000000363654
1.0000000000363654
1.0000000000363654
1.0000000000363654
1.0000000000363654
1.0000000000363654
1.0000000000363654
1.0000000000363654
1.0000000000363654
1.0000000000363654
1.0000000000363654
1.0000000000363654
1.0000000000363654
1.0000000000363654
1.0000000000363654
1.0000000000363654
1.0000000000363654
1.0000000000363654
1.0000000000363654
1.0000000000363654
1.0000000000363654
1.0000000000363654
1.0000000000363654
1.0000000000363654
1.0000000000363654
1.0000000000363654
1.0000000000363654
1.0000000000363654
1.0000000000363654
1.0000000005610175
1.0000000008026613
1.000000000483325
1.000000000342428
0.9999999999575379
0.9999999997809146
0.9999999987485105
0.9999999981984142
0.9999999977645035
0.9999999989000409
0.9999999996870208
1.000000000775816
1.0000000007607754
1.0000000012667063
1.0000000009295336
1.0000000011276535
1.0000000004401637
1.000000000237543
0.9999999989899209
0.9999999991766729
0.999999998989921
1.000000000237543
1.0000000004401635
1.0000000011276533
1.0000000009295333
1.0000000012667063
1.0000000007607754
1.0000000007758159
0.9999999996870207
0.999999998900041
0.9999999977645037
0.9999999981984148
0.9999999987485109
0.9999999997809147
0.9999999999575381
1.0000000003424288
1.0000000004833254
1.0000000008026615
1.0000000005610177
1.0000000000363654
1.0000000000363654
1.000000000802661
1.0000000007813403
1.0000000012024708
1.0000000005400285
1.0000000005667475
0.9999999987254118
0.9999999982939614
0.9999999968534588
0.9999999975671611
0.9999999977052134
0.999999999749807
1.0000000005876977
1.0000000019295083
1.000000001960295
1.0000000020571527
1.0000000018462085
1.0000000008924097
1.0000000000330396
0.9999999985226041
0.9999999983826384
0.9999999985226041
1.0000000000330393
1.0000000008924093
1.0000000018462085
1.0000000020571524
1.0000000019602948
1.000000001929508
1.0000000005876974
0.9999999997498072
0.9999999977052138
0.9999999975671615
0.9999999968534589
0.9999999982939618
0.9999999987254126
1.0000000005667482
1.0000000005400287
1.000000001202472
1.0000000007813408
1.0000000008026613
1.0000000000363654
1.0000000000363654
1.0000000004833247
1.000000001202471
1.000000001101508
1.0000000014753148
1.0000000005308833
0.9999999995838706
0.9999999979438136
0.9999999969378454
0.9999999974800057
0.9999999981156887
0.99999999957674
0.9999999997102401
1.0000000018623814
1.0000000024327813
1.0000000027511824
1.000000002248118
1.0000000004674434
1.0000000000100815
0.9999999982049992
0.9999999978511165
0.9999999982049992
1.000000000010081
1.0000000004674436
1.0000000022481175
1.0000000027511826
1.0000000024327809
1.0000000018623814
0.9999999997102401
0.9999999995767402
0.9999999981156887
0.9999999974800057
0.9999999969378454
0.9999999979438143
0.9999999995838713
1.000000000530884
1.0000000014753159
1.0000000011015084
1.0000000012024717
1.0000000004833254
1.0000000000363654
1.0000000000363654
1.000000000342428
1.000000000540028
1.000000001475315
1.0000000020309705
1.0000000013708583
1.0000000004713978
0.9999999988342324
0.9999999987779216
0.9999999977014554
0.9999999982729966
0.9999999987234712
0.9999999996515309
1.0000000013529928
1.000000000922075
1.0000000022632227
1.0000000022774331
1.000000000600745
0.9999999996119445
0.9999999983780947
0.9999999971642949
0.9999999983780948
0.9999999996119446
1.0000000006007448
1.000000002277433
1.0000000022632223
1.000000000922075
1.0000000013529928
0.999999999651531
0.9999999987234715
0.9999999982729968
0.9999999977014555
0.9999999987779221
0.9999999988342331
1.0000000004713985
1.0000000013708592
1.0000000020309714
1.0000000014753154
1.0000000005400291
1.0000000003424285
1.0000000000363654
1.0000000000363654
0.9999999999575375
1.0000000005667475
1.0000000005308831
1.0000000013708583
1.0000000019664306
1.0000000023242248
1.000000001419231
0.9999999998310483
0.9999999984289037
0.9999999988127644
0.9999999982763067
0.9999999992341758
0.9999999996918845
0.9999999993262293
1.0000000015327029
1.0000000016040016
1.0000000002264315
0.9999999996985165
0.9999999988913431
0.9999999975752341
0.9999999988913431
0.9999999996985163
1.0000000002264313
1.0000000016040014
1.000000001532703
0.9999999993262295
0.9999999996918845
0.9999999992341762
0.9999999982763068
0.9999999988127648
0.9999999984289044
0.9999999998310488
1.0000000014192318
1.0000000023242255
1.0000000019664317
1.0000000013708592
1.0000000005308842
1.0000000005667482
0.999999999957538
1.0000000000363654
1.0000000000363654
0.9999999997809146
0.9999999987254118
0.9999999995838705
1.0000000004713976
1.0000000023242248
1.0000000030807101
1.0000000031018275
1.0000000015786732
1.0000000003911211
0.9999999989353341
0.99999999780239
0.9999999982950657
0.9999999979328512
0.999999998991879
1.0000000012205432
1.0000000002014418
0.9999999991933624
1.0000000000957985
0.9999999998964815
0.9999999995982505
0.9999999998964817
1.0000000000957983
0.999999999193362
1.0000000002014415
1.0000000012205428
0.9999999989918787
0.9999999979328511
0.9999999982950658
0.99999999780239
0.9999999989353342
1.0000000003911214
1.0000000015786739
1.0000000031018283
1.000000003080711
1.0000000023242257
1.0000000004713987
0.9999999995838714
0.9999999987254126
0.9999999997809147
1.0000000000363654
1.0000000000363654
0.9999999987485105
0.9999999982939614
0.9999999979438136
0.9999999988342324
1.0000000014192314
1.0000000031018275
1.0000000037612993
1.000000003145288
1.0000000015184427
0.9999999994022276
0.999999997793008
0.9999999979897379
0.9999999970114192
0.9999999986910809
1.000000000198479
0.9999999993363575
0.9999999997082599
1.0000000000473273
1.0000000010102192
1.0000000012761685
1.0000000010102195
1.0000000000473275
0.99999999970826
0.999999999336358
1.000000000198479
0.9999999986910809
0.9999999970114191
0.9999999979897379
0.9999999977930083
0.9999999994022278
1.0000000015184434
1.000000003145289
1.0000000037613002
1.0000000031018281
1.000000001419232
0.9999999988342332
0.9999999979438144
0.9999999982939619
0.999999998748511
1.0000000000363654
1.0000000000363654
0.9999999981984148
0.9999999968534584
0.9999999969378451
0.9999999987779218
0.9999999998310481
1.0000000015786732
1.000000003145288
1.000000003179754
1.0000000023988482
1.0000000005799956
0.9999999993940071
0.9999999974872787
0.9999999965685809
0.9999999986829334
0.999999999526469
0.9999999992402789
1.0000000001740095
1.0000000007587198
1.000000001488656
1.0000000020694342
1.0000000014886563
1.0000000007587198
1.0000000001740097
0.9999999992402787
0.9999999995264692
0.9999999986829333
0.9999999965685809
0.9999999974872789
0.9999999993940072
1.0000000005799963
1.000000002398849
1.0000000031797547
1.0000000031452891
1.000000001578674
0.999999999831049
0.9999999987779226
0.9999999969378458
0.9999999968534593
0.9999999981984148
1.0000000000363654
1.0000000000363654
0.9999999977645034
0.9999999975671613
0.9999999974800056
0.9999999977014553
0.999999998428904
1.0000000003911214
1.0000000015184427
1.0000000023988482
1.0000000026406308
1.000000001318021
1.0000000001356697
0.9999999983650705
0.9999999981703347
0.9999999993374852
0.9999999989572517
0.9999999985372001
0.999999999760929
1.000000001115109
1.0000000021586115
1.0000000025765334
1.0000000021586115
1.000000001115109
0.9999999997609289
0.9999999985372002
0.9999999989572513
0.9999999993374851
0.9999999981703349
0.9999999983650706
1.0000000001356704
1.0000000013180217
1.0000000026406317
1.0000000023988491
1.0000000015184436
1.000000000391122
0.9999999984289049
0.9999999977014559
0.9999999974800062
0.9999999975671618
0.9999999977645039
1.0000000000363654
1.0000000000363654
0.9999999989000408
0.9999999977052133
0.9999999981156888
0.9999999982729963
0.9999999988127648
0.9999999989353339
0.9999999994022274
1.0000000005799958
1.000000001318021
1.0000000016986637
1.000000001342194
1.0000000007589884
1.000000000421761
1.0000000001007314
0.9999999980185909
0.9999999978643073
0.9999999998184717
1.0000000009541583
1.0000000021787672
1.0000000023974018
1.0000000021787667
1.0000000009541585
0.9999999998184717
0.9999999978643074
0.9999999980185907
1.0000000001007314
1.0000000004217613
1.0000000007589889
1.0000000013421948
1.000000001698664
1.0000000013180217
1.0000000005799963
0.9999999994022284
0.9999999989353348
0.9999999988127656
0.9999999982729973
0.9999999981156895
0.9999999977052139
0.999999998900041
1.0000000000363654
1.0000000000363654
0.9999999996870206
0.9999999997498071
0.99999999957674
0.9999999987234713
0.9999999982763067
0.9999999978023898
0.9999999977930084
0.9999999993940069
1.0000000001356697
1.0000000013421941
1.000000002460131
1.000000002036063
1.000000001746728
1.0000000004349834
0.9999999987391607
0.9999999985850984
1.0000000002495197
1.000000000948667
1.00000000048214
1.0000000003083707
1.0000000004821403
1.0000000009486674
1.0000000002495197
0.9999999985850985
0.9999999987391606
1.0000000004349836
1.0000000017467285
1.0000000020360638
1.0000000024601317
1.000000001342195
1.0000000001356708
0.999999999394008
0.9999999977930087
0.9999999978023906
0.9999999982763074
0.9999999987234722
0.9999999995767406
0.9999999997498078
0.9999999996870209
1.0000000000363654
1.0000000000363654
1.000000000775816
1.0000000005876974
0.9999999997102401
0.999999999651531
0.9999999992341763
0.9999999982950658
0.999999997989738
0.9999999974872792
0.9999999983650708
1.0000000007589893
1.0000000020360633
1.0000000025562137
1.0000000026861302
1.0000000014968318
0.9999999996716361
1.0000000000128428
1.0000000009708025
0.9999999999977477
0.9999999985471526
0.9999999976171521
0.9999999985471526
0.9999999999977479
1.000000000970803
1.0000000000128428
0.999999999671636
1.000000001496832
1.0000000026861304
1.000000002556214
1.0000000020360638
1.0000000007589893
0.9999999983650714
0.9999999974872795
0.9999999979897387
0.9999999982950666
0.9999999992341768
0.9999999996515315
0.9999999997102406
1.000000000587698
1.0000000007758163
1.0000000000363654
1.0000000000363654
1.0000000007607754
1.0000000019295086
1.0000000018623816
1.000000001352993
0.9999999996918848
0.9999999979328514
0.9999999970114194
0.9999999965685814
0.999999998170335
1.0000000004217615
1.0000000017467283
1.00000000268613
1.000000002674547
1.0000000012786427
0.9999999997697347
1.0000000005208594
1.0000000011649597
0.9999999991445016
0.999999997276258
0.999999996571958
0.999999997276258
0.9999999991445014
1.0000000011649601
1.0000000005208594
0.9999999997697345
1.0000000012786432
1.000000002674547
1.0000000026861309
1.0000000017467288
1.0000000004217622
0.9999999981703355
0.999999996568582
0.9999999970114198
0.999999997932852
0.9999999996918851
1.0000000013529935
1.0000000018623822
1.0000000019295088
1.0000000007607759
1.0000000000363654
1.0000000000363654
1.0000000012667063
1.000000001960295
1.000000002432781
1.0000000009220753
0.9999999993262298
0.9999999989918794
0.9999999986910817
0.9999999986829338
0.9999999993374857
1.0000000001007319
1.0000000004349838
1.000000001496832
1.000000001278643
0.999999999795942
0.9999999999621946
1.0000000008193033
1.000000000911692
0.9999999991786812
0.9999999972561929
0.9999999965516728
0.999999997256193
0.9999999991786813
1.0000000009116925
1.0000000008193033
0.9999999999621948
0.9999999997959423
1.0000000012786436
1.0000000014968322
1.0000000004349845
1.000000000100732
0.9999999993374862
0.999999998682934
0.999999998691082
0.9999999989918799
0.9999999993262301
1.000000000922076
1.0000000024327815
1.0000000019602955
1.0000000012667067
1.0000000000363654
1.0000000000363654
1.0000000009295333
1.0000000020571524
1.0000000027511828
1.0000000022632225
1.0000000015327035
1.0000000012205437
1.0000000001984795
0.9999999995264698
0.9999999989572521
0.9999999980185915
0.9999999987391609
0.999999999671636
0.9999999997697347
0.9999999999621947
1.000000000129694
1.000000001143852
1.0000000009205507
0.9999999988843351
0.9999999974978099
0.9999999967651307
0.99999999749781
0.9999999988843353
1.000000000920551
1.0000000011438526
1.0000000001296943
0.9999999999621954
0.999999999769735
0.9999999996716366
0.9999999987391613
0.999999998018592
0.9999999989572527
0.9999999995264701
1.00000000019848
1.0000000012205443
1.000000001532704
1.0000000022632234
1.0000000027511833
1.0000000020571531
1.0000000009295338
1.0000000000363654
1.0000000000363654
1.0000000011276535
1.0000000018462083
1.0000000022481175
1.0000000022774334
1.0000000016040018
1.000000000201442
0.9999999993363584
0.9999999992402792
0.9999999985372005
0.9999999978643078
0.9999999985850987
1.0000000000128428
1.0000000005208598
1.0000000008193035
1.0000000011438523
1.0000000012764136
1.0000000009633998
0.99999999912797
0.9999999980080695
0.9999999979148836
0.9999999980080697
0.9999999991279704
1.0000000009634005
1.000000001276414
1.0000000011438528
1.000000000819304
1.00000000052086
1.0000000000128437
0.9999999985850992
0.9999999978643084
0.999999998537201
0.99999999924028
0.9999999993363589
1.0000000002014424
1.0000000016040025
1.0000000022774342
1.0000000022481186
1.000000001846209
1.000000001127654
1.0000000000363654
1.0000000000363654
1.0000000004401632
1.0000000008924097
1.0000000004674439
1.000000000600745
1.000000000226432
0.9999999991933622
0.9999999997082603
1.0000000001740097
0.9999999997609295
0.9999999998184718
1.00000000024952
1.0000000009708028
1.00000000116496
1.0000000009116923
1.0000000009205505
1.0000000009634
1.0000000005094127
0.9999999997511005
0.9999999996807135
0.9999999996070648
0.999999999680714
0.9999999997511009
1.0000000005094132
1.0000000009634002
1.0000000009205512
1.0000000009116932
1.0000000011649606
1.0000000009708034
1.0000000002495204
0.9999999998184725
0.9999999997609301
1.0000000001740108
0.999999999708261
0.9999999991933634
1.0000000002264327
1.000000000600746
1.0000000004674447
1.0000000008924104
1.000000000440164
1.0000000000363654
1.0000000000363654
1.0000000002375433
1.0000000000330398
1.0000000000100815
0.9999999996119449
0.9999999996985164
1.0000000000957985
1.0000000000473275
1.0000000007587198
1.0000000011151091
1.0000000009541588
1.0000000009486674
0.9999999999977477
0.9999999991445014
0.9999999991786812
0.9999999988843351
0.9999999991279699
0.9999999997511004
1.0000000001454434
1.0000000013816728
1.000000001985067
1.0000000013816728
1.0000000001454437
0.9999999997511011
0.9999999991279704
0.999999998884336
0.9999999991786819
0.9999999991445023
0.9999999999977482
1.0000000009486683
1.0000000009541594
1.00000000111511
1.0000000007587206
1.0000000000473288
1.0000000000957994
0.9999999996985175
0.9999999996119455
1.0000000000100822
1.0000000000330402
1.0000000002375433
1.0000000000363654
1.0000000000363654
0.9999999989899212
0.9999999985226046
0.9999999982049996
0.9999999983780948
0.9999999988913431
0.9999999998964818
1.0000000010102197
1.0000000014886563
1.0000000021586115
1.0000000021787672
1.0000000004821403
0.9999999985471526
0.9999999972762581
0.9999999972561928
0.99999999749781
0.9999999980080696
0.9999999996807133
1.0000000013816728
1.0000000036329888
1.0000000048722033
1.0000000036329895
1.0000000013816732
0.9999999996807138
0.9999999980080698
0.9999999974978104
0.9999999972561935
0.9999999972762588
0.9999999985471533
1.000000000482141
1.000000002178768
1.0000000021586126
1.000000001488657
1.0000000010102206
0.9999999998964828
0.999999998891344
0.999999998378096
0.9999999982050003
0.999999998522605
0.9999999989899215
1.0000000000363654
1.0000000000363654
0.999999999176673
0.9999999983826388
0.9999999978511165
0.9999999971642954
0.9999999975752345
0.9999999995982507
1.0000000012761685
1.0000000020694344
1.0000000025765334
1.000000002397402
1.0000000003083707
0.9999999976171521
0.9999999965719578
0.9999999965516729
0.9999999967651304
0.9999999979148835
0.9999999996070646
1.000000001985067
1.0000000048722033
1.000000005876538
1.000000004872203
1.0000000019850672
0.9999999996070649
0.9999999979148839
0.9999999967651306
0.9999999965516732
0.9999999965719586
0.9999999976171527
1.0000000003083716
1.0000000023974027
1.0000000025765343
1.000000002069435
1.0000000012761694
0.9999999995982517
0.999999997575235
0.9999999971642959
0.9999999978511172
0.9999999983826393
0.9999999991766729
1.0000000000363654
1.0000000000363654
0.999999998989921
0.9999999985226046
0.999999998205
0.9999999983780952
0.9999999988913435
0.999999999896482
1.00000000101022
1.0000000014886563
1.000000002158612
1.0000000021787672
1.0000000004821405
0.9999999985471526
0.999999997276258
0.9999999972561927
0.9999999974978099
0.9999999980080695
0.9999999996807135
1.0000000013816728
1.0000000036329888
1.0000000048722035
1.0000000036329892
1.000000001381673
0.9999999996807134
0.9999999980080697
0.99999999749781
0.9999999972561934
0.9999999972762585
0.9999999985471534
1.0000000004821408
1.0000000021787676
1.0000000021586126
1.0000000014886572
1.0000000010102204
0.9999999998964825
0.9999999988913439
0.9999999983780956
0.9999999982050004
0.9999999985226049
0.9999999989899215
1.0000000000363654
1.0000000000363654
1.000000000237543
1.0000000000330398
1.0000000000100817
0.9999999996119452
0.999999999698517
1.000000000095799
1.000000000047328
1.0000000007587202
1.0000000011151091
1.0000000009541588
1.0000000009486674
0.9999999999977477
0.9999999991445017
0.999999999178681
0.9999999988843351
0.99999999912797
0.9999999997511008
1.0000000001454432
1.000000001381673
1.000000001985067
1.0000000013816728
1.0000000001454434
0.9999999997511005
0.9999999991279703
0.9999999988843356
0.9999999991786818
0.9999999991445019
0.9999999999977481
1.0000000009486678
1.0000000009541592
1.0000000011151096
1.0000000007587204
1.0000000000473281
1.0000000000957991
0.9999999996985174
0.9999999996119454
1.0000000000100822
1.0000000000330402
1.0000000002375433
1.0000000000363654
1.0000000000363654
1.0000000004401637
1.00000000089241
1.0000000004674443
1.0000000006007457
1.0000000002264322
0.9999999991933627
0.9999999997082607
1.0000000001740101
0.9999999997609296
0.9999999998184719
1.0000000002495202
1.000000000970803
1.00000000116496
1.0000000009116923
1.0000000009205507
1.0000000009634
1.0000000005094132
0.9999999997511007
0.9999999996807135
0.9999999996070649
0.9999999996807136
0.9999999997511007
1.000000000509413
1.0000000009634002
1.000000000920551
1.0000000009116927
1.0000000011649604
1.0000000009708037
1.0000000002495202
0.9999999998184724
0.9999999997609297
1.0000000001740104
0.999999999708261
0.999999999193363
1.0000000002264324
1.000000000600746
1.0000000004674447
1.0000000008924104
1.0000000004401637
1.0000000000363654
1.0000000000363654
1.0000000011276537
1.0000000018462087
1.0000000022481181
1.0000000022774338
1.0000000016040023
1.0000000002014422
0.9999999993363586
0.9999999992402795
0.9999999985372007
0.9999999978643082
0.9999999985850991
1.0000000000128433
1.0000000005208598
1.0000000008193037
1.0000000011438521
1.000000001276414
1.0000000009634002
0.9999999991279704
0.9999999980080698
0.9999999979148838
0.9999999980080699
0.9999999991279703
1.0000000009634
1.000000001276414
1.0000000011438526
1.0000000008193037
1.0000000005208602
1.0000000000128437
0.9999999985850992
0.9999999978643084
0.9999999985372009
0.99999999924028
0.9999999993363589
1.0000000002014424
1.0000000016040023
1.0000000022774338
1.0000000022481186
1.000000001846209
1.000000001127654
1.0000000000363654
1.0000000000363654
1.0000000009295336
1.000000002057153
1.000000002751183
1.0000000022632232
1.000000001532704
1.000000001220544
1.00000000019848
0.9999999995264699
0.9999999989572526
0.9999999980185916
0.9999999987391612
0.9999999996716364
0.9999999997697349
0.999999999962195
1.0000000001296943
1.0000000011438523
1.000000000920551
0.9999999988843356
0.9999999974978103
0.999999996765131
0.9999999974978102
0.9999999988843357
1.0000000009205512
1.0000000011438528
1.0000000001296947
0.9999999999621955
0.9999999997697355
0.9999999996716368
0.9999999987391617
0.9999999980185922
0.9999999989572524
0.9999999995264701
1.0000000001984801
1.000000001220544
1.000000001532704
1.0000000022632232
1.0000000027511833
1.000000002057153
1.0000000009295338
1.0000000000363654
1.0000000000363654
1.0000000012667067
1.0000000019602955
1.0000000024327818
1.0000000009220762
0.9999999993262304
0.99999999899188
0.9999999986910821
0.9999999986829341
0.9999999993374862
1.0000000001007323
1.0000000004349845
1.0000000014968322
1.0000000012786434
0.9999999997959421
0.999999999962195
1.0000000008193037
1.0000000009116927
0.9999999991786818
0.9999999972561936
0.9999999965516733
0.9999999972561936
0.9999999991786818
1.0000000009116927
1.000000000819304
0.9999999999621955
0.999999999795943
1.000000001278644
1.000000001496833
1.0000000004349847
1.0000000001007323
0.9999999993374864
0.9999999986829342
0.9999999986910822
0.9999999989918797
0.9999999993262302
1.000000000922076
1.0000000024327818
1.0000000019602955
1.000000001266707
1.0000000000363654
1.0000000000363654
1.0000000007607757
1.0000000019295088
1.0000000018623818
1.0000000013529935
0.9999999996918855
0.9999999979328521
0.9999999970114202
0.9999999965685817
0.9999999981703357
1.0000000004217622
1.000000001746729
1.0000000026861309
1.0000000026745473
1.0000000012786434
0.999999999769735
1.0000000005208598
1.0000000011649606
0.9999999991445022
0.999999997276259
0.9999999965719586
0.9999999972762589
0.9999999991445021
1.0000000011649606
1.0000000005208602
0.9999999997697356
1.0000000012786439
1.0000000026745481
1.0000000026861313
1.0000000017467294
1.0000000004217624
0.9999999981703361
0.9999999965685822
0.9999999970114204
0.9999999979328523
0.9999999996918857
1.0000000013529935
1.0000000018623825
1.000000001929509
1.0000000007607759
1.0000000000363654
1.0000000000363654
1.0000000007758163
1.000000000587698
0.9999999997102408
0.9999999996515317
0.9999999992341772
0.9999999982950667
0.9999999979897393
0.9999999974872799
0.9999999983650717
1.0000000007589898
1.0000000020360642
1.0000000025562144
1.0000000026861309
1.0000000014968322
0.9999999996716368
1.0000000000128437
1.0000000009708037
0.9999999999977486
0.9999999985471536
0.9999999976171531
0.9999999985471536
0.9999999999977486
1.0000000009708037
1.0000000000128442
0.999999999671637
1.0000000014968335
1.0000000026861315
1.000000002556215
1.0000000020360647
1.00000000075899
0.999999998365072
0.9999999974872801
0.9999999979897392
0.9999999982950668
0.999999999234177
0.9999999996515317
0.9999999997102409
1.0000000005876983
1.0000000007758165
1.0000000000363654
1.0000000000363654
0.9999999996870209
0.9999999997498072
0.9999999995767409
0.9999999987234722
0.999999998276308
0.999999997802391
0.9999999977930095
0.9999999993940084
1.0000000001356713
1.0000000013421955
1.000000002460132
1.0000000020360642
1.0000000017467292
1.0000000004349838
0.9999999987391615
0.999999998585099
1.0000000002495206
1.0000000009486683
1.0000000004821412
1.0000000003083716
1.000000000482141
1.0000000009486683
1.000000000249521
0.9999999985850998
0.999999998739162
1.000000000434985
1.0000000017467299
1.0000000020360647
1.000000002460133
1.0000000013421955
1.000000000135672
0.9999999993940089
0.9999999977930095
0.9999999978023913
0.9999999982763078
0.9999999987234723
0.9999999995767409
0.9999999997498077
0.999999999687021
1.0000000000363654
1.0000000000363654
0.9999999989000411
0.9999999977052139
0.9999999981156894
0.9999999982729975
0.999999998812766
0.9999999989353352
0.9999999994022292
1.0000000005799972
1.0000000013180226
1.000000001698665
1.0000000013421955
1.0000000007589898
1.000000000421762
1.0000000001007323
0.999999998018592
0.9999999978643085
0.9999999998184725
1.0000000009541594
1.0000000021787678
1.0000000023974032
1.000000002178768
1.0000000009541594
0.9999999998184731
0.9999999978643087
0.9999999980185926
1.0000000001007328
1.0000000004217626
1.00000000075899
1.000000001342196
1.0000000016986657
1.0000000013180228
1.0000000005799974
0.9999999994022292
0.999999998935335
0.9999999988127659
0.9999999982729977
0.9999999981156896
0.9999999977052141
0.9999999989000411
1.0000000000363654
1.0000000000363654
0.999999997764504
0.9999999975671618
0.9999999974800066
0.9999999977014564
0.9999999984289055
1.000000000391123
1.0000000015184443
1.0000000023988498
1.0000000026406324
1.0000000013180224
1.0000000001356713
0.9999999983650715
0.999999998170336
0.9999999993374862
0.9999999989572526
0.999999998537201
0.99999999976093
1.0000000011151098
1.0000000021586128
1.0000000025765345
1.0000000021586126
1.00000000111511
0.9999999997609302
0.9999999985372018
0.999999998957253
0.9999999993374867
0.9999999981703364
0.9999999983650723
1.000000000135672
1.0000000013180228
1.0000000026406326
1.0000000023988498
1.0000000015184445
1.0000000003911227
0.9999999984289055
0.9999999977014563
0.9999999974800069
0.9999999975671622
0.9999999977645039
1.0000000000363654
1.0000000000363654
0.9999999981984149
0.9999999968534593
0.9999999969378461
0.9999999987779229
0.9999999998310496
1.0000000015786743
1.0000000031452896
1.0000000031797553
1.0000000023988493
1.0000000005799972
0.9999999993940082
0.9999999974872799
0.999999996568582
0.9999999986829343
0.99999999952647
0.9999999992402798
1.0000000001740106
1.0000000007587204
1.000000001488657
1.0000000020694353
1.0000000014886572
1.000000000758721
1.0000000001740108
0.9999999992402804
0.9999999995264707
0.9999999986829349
0.9999999965685823
0.9999999974872802
0.999999999394009
1.0000000005799976
1.0000000023988502
1.0000000031797556
1.0000000031452898
1.0000000015786743
0.9999999998310496
0.9999999987779229
0.9999999969378461
0.9999999968534593
0.999999998198415
1.0000000000363654
1.0000000000363654
0.999999998748511
0.999999998293962
0.9999999979438147
0.9999999988342336
1.0000000014192325
1.0000000031018288
1.0000000037613006
1.0000000031452896
1.0000000015184438
0.9999999994022287
0.999999997793009
0.9999999979897388
0.9999999970114198
0.9999999986910819
1.00000000019848
0.9999999993363585
0.999999999708261
1.0000000000473284
1.0000000010102204
1.0000000012761694
1.0000000010102206
1.0000000000473286
0.9999999997082614
0.9999999993363592
1.0000000001984803
0.9999999986910828
0.9999999970114206
0.9999999979897396
0.9999999977930097
0.9999999994022293
1.0000000015184445
1.0000000031452898
1.0000000037613008
1.0000000031018288
1.0000000014192325
0.9999999988342337
0.9999999979438147
0.9999999982939622
0.9999999987485111
1.0000000000363654
1.0000000000363654
0.9999999997809148
0.9999999987254126
0.9999999995838715
1.0000000004713987
1.000000002324226
1.0000000030807117
1.000000003101829
1.0000000015786745
1.0000000003911225
0.9999999989353348
0.9999999978023907
0.9999999982950665
0.9999999979328519
0.9999999989918796
1.0000000012205439
1.0000000002014424
0.9999999991933629
1.0000000000957994
0.9999999998964826
0.9999999995982519
0.9999999998964829
1.0000000000957996
0.9999999991933634
1.000000000201443
1.0000000012205443
0.9999999989918805
0.9999999979328527
0.999999998295067
0.9999999978023915
0.9999999989353354
1.0000000003911227
1.0000000015786743
1.000000003101829
1.0000000030807115
1.0000000023242257
1.0000000004713987
0.9999999995838716
0.9999999987254129
0.999999999780915
1.0000000000363654
1.0000000000363654
0.999999999957538
1.0000000005667484
1.0000000005308842
1.0000000013708596
1.0000000019664321
1.0000000023242261
1.0000000014192325
0.9999999998310494
0.9999999984289053
0.9999999988127654
0.9999999982763073
0.9999999992341767
0.9999999996918851
0.9999999993262301
1.0000000015327037
1.0000000016040023
1.0000000002264324
0.9999999996985174
0.9999999988913439
0.9999999975752353
0.9999999988913442
0.9999999996985174
1.0000000002264329
1.0000000016040027
1.0000000015327042
0.9999999993262305
0.9999999996918858
0.9999999992341773
0.9999999982763079
0.9999999988127659
0.9999999984289057
0.9999999998310497
1.0000000014192325
1.0000000023242257
1.0000000019664321
1.0000000013708592
1.0000000005308842
1.0000000005667482
0.9999999999575384
1.0000000000363654
1.0000000000363654
1.0000000003424285
1.0000000005400287
1.0000000014753156
1.0000000020309716
1.0000000013708596
1.0000000004713987
0.9999999988342337
0.9999999987779226
0.999999997701456
0.9999999982729972
0.9999999987234719
0.9999999996515313
1.0000000013529933
1.0000000009220755
1.000000002263223
1.0000000022774336
1.0000000006007457
0.9999999996119455
0.999999998378096
0.9999999971642962
0.999999998378096
0.9999999996119459
1.0000000006007461
1.0000000022774342
1.0000000022632236
1.0000000009220762
1.0000000013529937
0.9999999996515319
0.9999999987234724
0.9999999982729978
0.9999999977014566
0.9999999987779231
0.9999999988342337
1.0000000004713987
1.0000000013708594
1.0000000020309712
1.0000000014753156
1.000000000540029
1.0000000003424283
1.0000000000363654
1.0000000000363654
1.0000000004833254
1.0000000012024715
1.0000000011015087
1.0000000014753159
1.0000000005308842
0.9999999995838714
0.9999999979438146
0.9999999969378458
0.9999999974800065
0.9999999981156893
0.9999999995767404
0.9999999997102403
1.0000000018623818
1.0000000024327813
1.000000002751183
1.0000000022481181
1.0000000004674445
1.0000000000100822
0.9999999982050004
0.9999999978511172
0.9999999982050004
1.0000000000100822
1.0000000004674447
1.0000000022481186
1.0000000027511833
1.0000000024327818
1.0000000018623822
0.9999999997102407
0.9999999995767408
0.9999999981156895
0.9999999974800068
0.9999999969378464
0.9999999979438147
0.9999999995838716
1.000000000530884
1.000000001475316
1.0000000011015084
1.0000000012024717
1.0000000004833254
1.0000000000363654
1.0000000000363654
1.0000000008026613
1.0000000007813408
1.0000000012024715
1.000000000540029
1.0000000005667484
0.9999999987254127
0.999999998293962
0.9999999968534592
0.9999999975671617
0.9999999977052139
0.9999999997498072
1.000000000587698
1.0000000019295083
1.0000000019602953
1.0000000020571527
1.0000000018462085
1.00000000089241
1.0000000000330398
0.9999999985226048
0.9999999983826392
0.9999999985226049
1.0000000000330405
1.0000000008924101
1.0000000018462092
1.0000000020571531
1.0000000019602957
1.000000001929509
1.0000000005876981
0.9999999997498076
0.9999999977052141
0.999999997567162
0.9999999968534592
0.9999999982939619
0.9999999987254125
1.0000000005667482
1.000000000540029
1.0000000012024717
1.0000000007813408
1.0000000008026615
1.0000000000363654
1.0000000000363654
1.0000000005610177
1.0000000008026613
1.0000000004833252
1.0000000003424288
0.9999999999575381
0.9999999997809152
0.9999999987485108
0.9999999981984149
0.9999999977645038
0.9999999989000411
0.9999999996870207
1.0000000007758163
1.0000000007607759
1.0000000012667065
1.0000000009295336
1.0000000011276537
1.0000000004401635
1.0000000002375433
0.999999998989921
0.999999999176673
0.9999999989899213
1.0000000002375433
1.000000000440164
1.0000000011276537
1.0000000009295338
1.0000000012667065
1.0000000007607759
1.0000000007758165
0.9999999996870211
0.9999999989000412
0.9999999977645038
0.9999999981984148
0.9999999987485111
0.999999999780915
0.999999999957538
1.0000000003424285
1.0000000004833254
1.0000000008026615
1.0000000005610177
1.0000000000363654
1.0000000000363654
1.0000000000363654
1.0000000000363654
1.0000000000363654
1.0000000000363654
1.0000000000363654
1.0000000000363654
1.0000000000363654
1.0000000000363654
1.0000000000363654
1.0000000000363654
1.0000000000363654
1.0000000000363654
1.0000000000363654
1.0000000000363654
1.0000000000363654
1.0000000000363654
1.0000000000363654
1.0000000000363654
1.0000000000363654
1.0000000000363654
1.0000000000363654
1.0000000000363654
1.0000000000363654
1.0000000000363654
1.0000000000363654
1.0000000000363654
1.0000000000363654
1.0000000000363654
1.0000000000363654
1.0000000000363654
1.0000000000363654
1.0000000000363654
1.0000000000363654
1.0000000000363654
1.0000000000363654
1.0000000000363654
1.0000000000363654
1.0000000000363654
1.0000000000363654
1.0000000000363654
