1.0
1.0
1.0
1.0
1.0
1.0
1.0
1.0
1.0
1.0
1.0
1.0
1.0
1.0
1.0
1.0
1.0
1.0
1.0
1.0
1.0
1.0
1.0
1.0
1.0
1.0
1.0
1.0
1.0
1.0
1.0
1.0
1.0
1.0
1.0
1.0
1.0
1.0
1.0
1.0
1.0
1.0
0.9999999950550341
0.9999999901608478
0.9999999853473643
0.9999999806438885
0.9999999760789264
0.9999999716800146
0.9999999674735536
0.9999999634846513
0.9999999597369714
0.9999999562525967
0.9999999530518973
0.9999999501534128
0.999999947573746
0.9999999453274688
0.9999999434270405
0.9999999418827399
0.9999999407026099
0.9999999398924196
0.999999939455636
0.9999999393934128
0.999999939704593
0.9999999403857252
0.9999999414310939
0.9999999428327665
0.9999999445806469
0.9999999466625503
0.9999999490642855
0.9999999517697498
0.9999999547610372
0.9999999580185552
0.999999961521153
0.999999965246258
0.9999999691700197
0.9999999732674639
0.9999999775126482
0.9999999818788284
0.9999999863386251
0.9999999908641943
0.9999999954274026
1.0
1.0
0.9999999901810352
0.9999999804629002
0.9999999709050135
0.9999999615655628
0.999999952501152
0.9999999437664585
0.999999935413905
0.9999999274933459
0.9999999200517706
0.9999999131330264
0.9999999067775615
0.9999999010221895
0.9999998958998777
0.9999998914395606
0.9999998876659777
0.9999998845995388
0.9999998822562156
0.9999998806474626
0.9999998797801638
0.9999998796566102
0.9999998802745045
0.9999998816269935
0.9999998837027294
0.9999998864859583
0.9999998899566349
0.999999894090564
0.999999898859566
0.9999999042316674
0.999999910171313
0.9999999166395994
0.9999999235945283
0.9999999309912777
0.9999999387824905
0.9999999469185746
0.9999999553480196
0.9999999640177195
0.9999999728733086
0.9999999818594992
0.9999999909204279
1.0
1.0
0.9999999854074302
0.9999999709647096
0.9999999567601439
0.9999999428802097
0.9999999294090289
0.9999999164278615
0.999999904014616
0.9999998922433838
0.9999998811839992
0.999999870901626
0.9999998614563772
0.9999998529029632
0.9999998452903796
0.9999998386616269
0.9999998330534725
0.9999998284962481
0.9999998250136909
0.9999998226228237
0.9999998213338773
0.9999998211502568
0.9999998220685478
0.9999998240785654
0.9999998271634445
0.9999998312997728
0.9999998364577597
0.9999998426014468
0.9999998496889553
0.999999857672767
0.999999866500041
0.9999998761129608
0.9999998864491099
0.9999998974418763
0.9999999090208787
0.999999921112416
0.9999999336399343
0.999999946524511
0.9999999596853486
0.9999999730402814
0.9999999865062871
1.0
1.0
0.9999999807627871
0.9999999617231181
0.999999942997406
0.999999924699652
0.9999999069407529
0.9999998898278326
0.9999998734635969
0.9999998579457198
0.9999998433662629
0.9999998298111314
0.9999998173595709
0.9999998060837058
0.999999796048126
0.9999997873095192
0.9999997799163554
0.9999997739086202
0.999999769317606
0.9999997661657536
0.9999997644665509
0.9999997642244863
0.9999997654350585
0.9999997680848409
0.9999997721516011
0.9999997776044739
0.9999997844041874
0.9999997925033378
0.9999998018467169
0.999999812371682
0.9999998240085736
0.9999998366811726
0.9999998503071966
0.9999998647988313
0.999999880063294
0.9999998960034254
0.9999999125183056
0.9999999295038914
0.9999999468536689
0.9999999644593202
0.999999982211397
1.0
1.0
0.9999999762746449
0.9999999527929223
0.9999999296984043
0.9999999071316888
0.9999998852295462
0.9999998641240924
0.9999998439419953
0.9999998248037166
0.9999998068227965
0.9999997901051825
0.9999997747486078
0.9999997608420247
0.999999748465092
0.9999997376877228
0.9999997285696951
0.9999997211603242
0.9999997154982024
0.9999997116110065
0.9999997095153709
0.9999997092168315
0.9999997107098365
0.999999713977827
0.9999997189933835
0.9999997257184401
0.9999997341045619
0.9999997440932865
0.9999997556165243
0.9999997685970187
0.9999997829488576
0.99999979857804
0.9999998153830862
0.9999998332556946
0.9999998520814359
0.9999998717404829
0.9999998921083709
0.9999999130567822
0.9999999344543531
0.9999999561674945
0.9999999780612232
1.0
1.0
0.999999971969355
0.9999999442265527
0.9999999169412188
0.9999998902794641
0.9999998644028781
0.9999998394675511
0.9999998156231364
0.9999997930119555
0.9999997717681517
0.999999752016898
0.9999997338736628
0.99999971744354
0.9999997028206435
0.9999996900875734
0.999999679314955
0.9999996705610523
0.9999996638714616
0.9999996592788807
0.9999996568029633
0.9999996564502497
0.999999658214181
0.999999662075193
0.9999996680008908
0.9999996759463009
0.9999996858541992
0.9999996976555143
0.9999997112698014
0.9999997266057838
0.9999997435619601
0.9999997620272713
0.999999781881823
0.9999998029976606
0.99999982523959
0.99999984846604
0.9999998725299596
0.9999998972797467
0.9999999225601993
0.999999948213487
0.9999999740801321
1.0
1.0
0.9999999678719257
0.9999999360737701
0.9999999047999537
0.9999998742408699
0.9999998445817279
0.999999816001435
0.9999997886715206
0.9999997627551102
0.9999997384059555
0.9999997157675269
0.9999996949721722
0.999999676140347
0.9999996593799226
0.9999996447855735
0.9999996324382483
0.9999996224047283
0.9999996147372745
0.9999996094733653
0.9999996066355262
0.9999996062312542
0.9999996082530312
0.9999996126784335
0.9999996194703308
0.9999996285771753
0.9999996399333781
0.9999996534597715
0.999999669064151
0.999999686641898
0.9999997060766737
0.9999997272411846
0.9999997499980106
0.9999997742004932
0.9999997996936763
0.9999998263152937
0.9999998538967996
0.9999998822644309
0.9999999112402986
0.9999999406435012
0.9999999702912494
1.0
1.0
0.9999999640058811
0.9999999283813806
0.9999998933443145
0.9999998591079862
0.9999998258798918
0.9999997938604669
0.9999997632418814
0.9999997342068901
0.999999706927746
0.9999996815651837
0.9999996582674764
0.9999996371695747
0.9999996183923301
0.9999996020418095
0.9999995882087024
0.999999576967826
0.9999995683777301
0.9999995624804024
0.99999955930108
0.9999995588481607
0.9999995611132227
0.9999995660711438
0.9999995736803257
0.9999995838830176
0.9999995966057383
0.9999996117597936
0.9999996292418837
0.9999996489348012
0.9999996707082078
0.9999996944194927
0.9999997199146996
0.9999997470295224
0.9999997755903584
0.999999805415416
0.9999998363158674
0.9999998680970406
0.9999999005596409
0.9999999335009981
0.9999999667163276
1.0
1.0
0.999999960393128
0.9999999211929731
0.9999998826392138
0.9999998449665627
0.9999998084033429
0.9999997731701076
0.9999997394783147
0.9999997075290622
0.9999996775118928
0.9999996496036734
0.99999962396756
0.9999996007520481
0.9999995800901191
0.9999995620984862
0.999999546876941
0.9999995345078107
0.9999995250555209
0.9999995185662749
0.9999995150678417
0.9999995145694627
0.9999995170618704
0.9999995225174213
0.9999995308903417
0.9999995421170845
0.9999995561167929
0.9999995727918705
0.9999995920286497
0.999999613698158
0.9999996376569757
0.9999996637481777
0.9999996918023552
0.9999997216387105
0.9999997530662161
0.9999997858848343
0.9999998198867843
0.9999998548578544
0.999999890578747
0.9999999268264498
0.9999999633756236
1.0
1.0
0.9999999570538339
0.9999999145486757
0.9999998727444112
0.999999831895542
0.9999997922496415
0.9999997540458576
0.9999997175134768
0.9999996828705516
0.9999996503226053
0.9999996200614166
0.9999995922638973
0.9999995670910629
0.9999995446871067
0.9999995251785816
0.999999508673693
0.9999994952617092
0.9999994850124877
0.9999994779761269
0.9999994741827375
0.9999994736423397
0.9999994763448847
0.9999994822603985
0.999999491339248
0.9999995035125284
0.9999995186925659
0.9999995367735356
0.9999995576321864
0.9999995811286723
0.9999996071074813
0.999999635398458
0.9999996658179107
0.999999698169798
0.9999997322469873
0.9999997678325753
0.9999998047012629
0.9999998426207781
0.9999998813533343
0.9999999206571162
0.9999999602877866
1.0
1.0
0.9999999540063177
0.9999999084849379
0.999999863714188
0.9999998199666297
0.999999777507404
0.9999997365926298
0.9999996974678631
0.9999996603666309
0.9999996255090394
0.9999995931004773
0.9999995633304095
0.9999995363712777
0.9999995123775073
0.9999994914846316
0.9999994738085348
0.9999994594448187
0.9999994484682992
0.9999994409326292
0.9999994368700557
0.9999994362913104
0.9999994391856318
0.9999994455209181
0.9999994552440147
0.9999994682811271
0.9999994845383602
0.999999503902379
0.9999995262411869
0.9999995514050142
0.9999995792273136
0.9999996095258551
0.9999996421039119
0.9999996767515317
0.9999997132468829
0.9999997513576706
0.9999997908426087
0.9999998314529424
0.9999998729340115
0.9999999150268413
0.999999957469756
1.0
1.0
0.9999999512669515
0.999999903034336
0.9999998555970574
0.9999998092439113
0.9999997642558306
0.999999720904188
0.9999996794491652
0.9999996401381976
0.9999996032045013
0.9999995688656977
0.9999995373225362
0.9999995087577288
0.9999994833348985
0.9999994611976513
0.9999994424687726
0.9999994272495593
0.9999994156192825
0.9999994076347904
0.9999994033302518
0.999999402717037
0.9999994057837428
0.9999994124963564
0.9999994227985569
0.9999994366121547
0.9999994538376624
0.9999994743549948
0.9999994980242936
0.9999995246868687
0.9999995541662536
0.9999995862693647
0.999999620787758
0.9999996574989767
0.9999996961679771
0.9999997365486288
0.9999997783852744
0.9999998214143442
0.9999998653660098
0.9999999099658725
0.9999999549366709
1.0
1.0
0.9999999488500764
0.9999998982254039
0.9999998484355129
0.9999997997835212
0.9999997525642937
0.9999997070626623
0.9999996635517122
0.9999996222911496
0.9999995835257575
0.9999995474839493
0.9999995143764308
0.9999994843949752
0.9999994577113208
0.999999434476195
0.9999994148184733
0.9999993988444756
0.9999993866374047
0.9999993782569288
0.99999937373891
0.9999993730952833
0.9999993763140799
0.9999993833595998
0.9999993941727294
0.9999994086714011
0.9999994267511936
0.9999994482860661
0.9999994731292241
0.9999995011141076
0.9999995320554982
0.9999995657507365
0.999999601981041
0.999999640512922
0.9999996810996795
0.9999997234829762
0.9999997673944757
0.9999998125575364
0.9999998586889485
0.9999999055007044
0.9999999527017925
1.0
1.0
0.9999999467679299
0.9999998940824922
0.9999998422658173
0.9999997916333616
0.9999997424919935
0.9999996951381391
0.9999996498560004
0.999999606915855
0.9999995665724501
0.9999995290634975
0.99999949460828
0.9999994634063772
0.9999994356365183
0.9999994114555663
0.9999993909976429
0.9999993743733959
0.999999361669415
0.9999993529477971
0.9999993482458646
0.9999993475760379
0.9999993509258612
0.9999993582581814
0.9999993695114783
0.9999993846003438
0.9999994034161055
0.9999994258275925
0.9999994516820343
0.999999480806091
0.9999995130070045
0.9999995480738659
0.9999995857789878
0.9999996258793761
0.9999996681182881
0.9999997122268705
0.9999997579258639
0.9999998049273654
0.9999998529366367
0.9999999016539466
0.9999999507764369
1.0
1.0
0.9999999450305886
0.9999998906256505
0.9999998371178288
0.9999997848328757
0.9999997340876752
0.9999996851883278
0.9999996384283104
0.9999995940867228
0.9999995524266255
0.9999995136934888
0.9999994781137524
0.9999994458935096
0.9999994172173226
0.9999993922471739
0.9999993711215629
0.9999993539547485
0.9999993408361464
0.99999933182988
0.99999932697449
0.9999993262828022
0.9999993297419542
0.99999933731358
0.9999993489341522
0.9999993645154747
0.9999993839453287
0.999999407088262
0.9999994337865181
0.9999994638610997
0.9999994971129583
0.9999995333243008
0.9999995722600091
0.9999996136691583
0.9999996572866265
0.9999997028347858
0.9999997500252624
0.9999997985607575
0.999999848136913
0.9999998984442153
0.9999999491699217
1.0
1.0
0.9999999436459239
0.9999998878705398
0.9999998330148704
0.9999997794128732
0.9999997273894147
0.9999996772583057
0.9999996293204163
0.9999995838618756
0.9999995411523717
0.9999995014435578
0.9999994649675773
0.9999994319357152
0.9999994025371828
0.9999993769380427
0.999999355280283
0.9999993376810412
0.9999993242319851
0.9999993149988533
0.9999993100211573
0.9999993093120461
0.9999993128583331
0.9999993206206864
0.9999993325339775
0.9999993485077894
0.9999993684270764
0.9999993921529738
0.9999994195237519
0.9999994503559044
0.9999994844453681
0.9999995215688647
0.9999995614853531
0.9999996039375876
0.9999996486537683
0.9999996953492735
0.9999997437284658
0.999999793486557
0.9999998443115226
0.9999998958860521
0.9999999478895256
1.0
1.0
0.9999999426195708
0.999999885828373
0.9999998299736402
0.9999997753954124
0.9999997224244723
0.9999996713803464
0.9999996225693843
0.9999995762829265
0.9999995327955722
0.9999994923635583
0.9999994552232562
0.9999994215897987
0.999999391655843
0.9999993655904766
0.9999993435382735
0.999999325618504
0.9999993119245058
0.9999993025232147
0.999999297454862
0.999999296732836
0.9999993003437103
0.9999993082474361
0.9999993203776989
0.999999336642435
0.9999993569245037
0.9999993810825111
0.9999994089517816
0.9999994403454671
0.9999994750557879
0.9999995128553991
0.9999995534988698
0.9999995967242691
0.9999996422548467
0.9999996898007977
0.9999997390610998
0.9999997897254144
0.9999998414760337
0.9999998939898685
0.9999999469404593
1.0
1.0
0.9999999419549122
0.9999998845058813
0.9999998280041625
0.9999997727937351
0.999999719209213
0.9999996675738245
0.9999996181974671
0.9999995713748563
0.9999995273837721
0.9999994864834193
0.9999994489129074
0.9999994148898611
0.9999993846091695
0.9999993582418786
0.9999993359342365
0.9999993178068958
0.9999993039542748
0.9999992944440852
0.9999992893170242
0.9999992885866348
0.9999992922393349
0.9999993002346123
0.9999993125053844
0.9999993289585208
0.9999993494755242
0.9999993739133627
0.9999994021054531
0.9999994338627832
0.9999994689751665
0.9999995072126244
0.9999995483268834
0.9999995920529785
0.9999996381109535
0.9999996862076465
0.9999997360385489
0.9999997872897267
0.9999998396397923
0.9999998927619144
0.9999999463258513
1.0
1.0
0.9999999416530768
0.9999998839053095
0.9999998271097807
0.999999771612258
0.9999997177490954
0.9999996658452016
0.9999996162120861
0.9999995691459967
0.9999995249261582
0.9999994838131226
0.9999994460472433
0.9999994118472766
0.9999993814091247
0.9999993549047232
0.9999993324810811
0.9999993142594779
0.999999300334823
0.9999992907751801
0.9999992856214582
0.9999992848872707
0.999999288558965
0.9999992965958181
0.9999993089303985
0.9999993254690915
0.9999993460927835
0.9999993706576993
0.9999993989963893
0.999999430918858
0.9999994662138265
0.9999995046501199
0.9999995459781739
0.9999995899316455
0.9999996362291229
0.9999996845759199
0.9999997346659439
0.9999997861836288
0.9999998388059158
0.9999998922042741
0.9999999460467446
1.0
1.0
0.999999941712949
0.9999998840244396
0.9999998272871916
0.9999997718466175
0.9999997180387264
0.9999996661880937
0.9999996166059089
0.9999995695881162
0.9999995254136537
0.9999994843428062
0.9999994466156802
0.9999994124508078
0.9999993820438899
0.9999993555666857
0.9999993331660536
0.9999993149631484
0.9999993010527825
0.9999992915029492
0.9999992863545155
0.9999992856210815
0.999999289289008
0.9999992973176142
0.9999993096395373
0.9999993261612594
0.9999993467637883
0.999999371303497
0.9999993996131074
0.999999431502819
0.9999994667615695
0.9999995051584217
0.999999546444067
0.9999995903524358
0.9999996366024053
0.9999996848995913
0.9999997349382157
0.9999997864030359
0.9999998389713246
0.9999998923148883
0.9999999461021085
1.0
1.0
0.9999999421311973
0.9999998848566408
0.9999998285265199
0.9999997734837686
0.9999997200619848
0.9999996685834146
0.9999996193570148
0.9999995726766058
0.9999995288191239
0.999999488042987
0.9999994505865781
0.9999994166668611
0.9999993864781329
0.9999993601909203
0.9999993379510272
0.99999931987874
0.9999993060681901
0.9999992965868831
0.9999992914753929
0.9999992907472217
0.9999992943888285
0.9999993023598238
0.9999993145933292
0.9999993309964971
0.9999993514511893
0.9999993758148092
0.9999994039212795
0.9999994355821614
0.9999994705879072
0.9999995087092366
0.9999995496986301
0.9999995932919274
0.999999639210023
0.9999996871606447
0.9999997368402089
0.999999787935735
0.9999998401268118
0.9999998930876
0.9999999464888615
1.0
1.0
0.9999999429023091
0.9999998863909462
0.9999998308114338
0.9999997765021368
0.9999997237922075
0.9999996729995981
0.9999996244291486
0.9999995783707639
0.9999995350976907
0.9999994948649027
0.9999994579076068
0.9999994244398759
0.9999993946534178
0.9999993687164869
0.9999993467729444
0.9999993289414735
0.9999993153149516
0.9999993059599847
0.9999993009166059
0.9999993001981375
0.9999993037912193
0.9999993116559998
0.9999993237264916
0.9999993399110843
0.9999993600932143
0.9999993841321848
0.9999994118641315
0.9999994431031267
0.9999994776424149
0.9999995152557711
0.9999995556989737
0.9999995987113828
0.9999996440176117
0.9999996913292831
0.9999997403468586
0.999999790761528
0.9999998422571496
0.9999998945122262
0.9999999472019065
1.0
1.0
0.9999999440186456
0.9999998886121555
0.9999998341192972
0.9999997808718197
0.9999997291924401
0.9999996793928942
0.9999996317720621
0.9999995866141806
0.9999995441871541
0.999999504740971
0.9999994685062397
0.9999994356928478
0.9999994064887548
0.9999993810589256
0.9999993595444088
0.9999993420615669
0.9999993287014618
0.9999993195293971
0.9999993145846231
0.9999993138802019
0.999999317403034
0.9999993251140477
0.9999993369485453
0.9999993528167075
0.9999993726042498
0.9999993961732262
0.9999994233629761
0.9999994539912072
0.9999994878552059
0.9999995247331704
0.9999995643856543
0.9999996065571132
0.9999996509775445
0.9999996973642094
0.9999997454234254
0.9999997948524205
0.9999998453412338
0.9999998965746535
0.9999999482341801
1.0
1.0
0.9999999454705043
0.9999998915009644
0.9999998384213613
0.9999997865548405
0.9999997362157494
0.9999996877077393
0.9999996413219384
0.9999995973352126
0.9999995560085175
0.9999995175853589
0.999999482290364
0.9999994503279772
0.9999994218812833
0.9999993971109686
0.9999993761544241
0.9999993591249943
0.9999993461113792
0.9999993371771893
0.9999993323606564
0.999999331674504
0.9999993351059726
0.9999993426170036
0.9999993541445772
0.9999993696012036
0.9999993888755621
0.9999994118332844
0.9999994383178767
0.9999994681517742
0.9999995011375208
0.999999537059067
0.9999995756831761
0.9999996167609314
0.9999996600293327
0.9999997052129738
0.9999997520257892
0.9999998001728587
0.9999998493522604
0.9999998992569574
0.9999999495767105
1.0
1.0
0.9999999472461977
0.9999998950341163
0.9999998436829921
0.9999997935054474
0.9999997448055937
0.9999996978771936
0.9999996530018953
0.9999996104475486
0.999999570466612
0.9999995332946613
0.9999994991490092
0.9999994682274423
0.9999994407070837
0.9999994167433871
0.9999993964692694
0.9999993799943842
0.9999993674045433
0.9999993587612853
0.9999993541015977
0.9999993534377891
0.9999993567575158
0.9999993640239583
0.999999375176149
0.9999993901294475
0.9999994087761577
0.999999430986287
0.9999994566084378
0.9999994854708271
0.9999995173824291
0.9999995521342295
0.999999589500587
0.9999996292406904
0.9999996711001037
0.9999997148123891
0.9999997601007966
0.9999998066800099
0.9999998542579384
0.9999999025375438
0.9999999512186895
1.0
1.0
0.9999999493321385
0.999999899184578
0.9999998498639312
0.9999998016704597
0.9999997548962493
0.9999997098234475
0.9999996667225657
0.9999996258508628
0.9999995874508145
0.9999995517486818
0.9999995189531847
0.9999994892542893
0.9999994628221145
0.9999994398059676
0.9999994203335099
0.9999994045100591
0.9999993924180337
0.9999993841165392
0.9999993796411005
0.9999993790035397
0.9999993821920009
0.9999993891711205
0.999999399882342
0.9999994142443712
0.9999994321537709
0.9999994534856884
0.9999994780947123
0.9999995058158524
0.9999995364656361
0.9999995698433137
0.9999996057321661
0.9999996439009039
0.9999996841051519
0.9999997260890076
0.9999997695866637
0.9999998143240858
0.9999998600207329
0.9999999063913121
0.999999953147554
1.0
1.0
0.9999999517129421
0.9999999039217368
0.9999998569185902
0.9999998109896544
0.999999766413291
0.9999997234583896
0.9999996823827509
0.9999996434315452
0.9999996068358552
0.9999995728113098
0.9999995415568218
0.9999995132534308
0.9999994880632626
0.9999994661286085
0.999999447571131
0.9999994324911995
0.9999994209673595
0.9999994130559392
0.9999994087907944
0.9999994081831914
0.9999994112218318
0.9999994178730135
0.9999994280809316
0.9999994417681115
0.9999994588359765
0.9999994791655406
0.9999995026182251
0.9999995290367921
0.9999995582463904
0.9999995900557033
0.9999996242581946
0.9999996606334433
0.9999996989485566
0.9999997389596565
0.9999997804134259
0.9999998230487065
0.9999998665981398
0.9999999107898379
0.9999999553490772
1.0
1.0
0.9999999543715336
0.9999999092116192
0.9999998647963745
0.9999998213961966
0.9999997792741212
0.9999997386842333
0.9999996998701395
0.9999996630635115
0.9999996284827092
0.9999995963314892
0.9999995667978125
0.9999995400527512
0.9999995162495046
0.9999994955225301
0.9999994779867912
0.9999994637371313
0.9999994528477715
0.9999994453719387
0.9999994413416246
0.999999440767475
0.9999994436388138
0.9999994499237945
0.9999994595696844
0.9999994725032748
0.9999994886314163
0.9999995078416741
0.9999995300030993
0.9999995549671113
0.999999582568486
0.99999961262644
0.9999996449458085
0.9999996793183066
0.9999997155238644
0.9999997533320308
0.9999997925034362
0.9999998327913009
0.9999998739429871
0.9999999157015761
0.9999999578074701
1.0
1.0
0.9999999572892683
0.9999999150171268
0.9999998734420369
0.9999998328171048
0.9999997933885463
0.9999997553941986
0.9999997190620913
0.9999996846090814
0.9999996522395651
0.9999996221442707
0.9999995944991394
0.9999995694643042
0.9999995471831681
0.9999995277815901
0.9999995113671827
0.9999994980287242
0.9999994878356898
0.9999994808379028
0.9999994770653091
0.9999994765278739
0.9999994792156035
0.999999485098688
0.9999994941277667
0.9999995062343123
0.999999521331132
0.9999995393129805
0.9999995600572823
0.9999995834249584
0.9999996092613496
0.9999996373972329
0.9999996676499237
0.9999996998244554
0.9999997337148308
0.9999997691053356
0.999999805771906
0.9999998434835435
0.9999998820037648
0.9999999210920804
0.9999999605054921
1.0
1.0
0.9999999604460583
0.9999999212982909
0.9999998827960546
0.9999998451737493
0.9999998086593924
0.9999997734732426
0.9999997398264754
0.9999997079199198
0.9999996779428649
0.9999996500719417
0.9999996244700882
0.9999996012856011
0.9999995806512845
0.9999995626836952
0.999999547482492
0.9999995351298915
0.9999995256902339
0.9999995192096599
0.9999995157159021
0.9999995152181892
0.9999995177072661
0.9999995231555263
0.9999995315172576
0.9999995427289972
0.9999995567099967
0.9999995733627899
0.9999995925738611
0.9999996142144103
0.9999996381412095
0.9999996641975433
0.9999996922142294
0.9999997220107112
0.9999997533962174
0.9999997861709765
0.9999998201274864
0.9999998550518215
0.9999998907249771
0.9999999269242386
0.9999999634245683
1.0
1.0
0.9999999638205093
0.9999999280125406
0.9999998927950314
0.9999998583823839
0.999999824983163
0.9999997927988362
0.999999762022563
0.9999997328380397
0.9999997054184062
0.9999996799252249
0.9999996565075325
0.9999996353009752
0.9999996164270263
0.9999995999922994
0.9999995860879508
0.9999995747891831
0.9999995661548473
0.9999995602271483
0.9999995570314522
0.9999995565762005
0.9999995588529277
0.9999995638363826
0.9999995714847526
0.9999995817399892
0.999999594528233
0.9999996097603324
0.9999996273324565
0.9999996471267937
0.9999996690123348
0.9999996928457342
0.9999997184722429
0.9999997457267087
0.9999997744346346
0.9999998044132931
0.9999998354728837
0.999999867417732
0.9999999000475167
0.999999933158524
0.9999999665449145
1.0
1.0
0.9999999673900609
0.9999999351149886
0.99999990337212
0.9999998723547033
0.9999998422507262
0.9999998132417792
0.9999997855019638
0.9999997591968525
0.999999734482503
0.9999997115045375
0.9999996903972888
0.9999996712830188
0.9999996542712172
0.9999996394579782
0.9999996269254646
0.9999996167414592
0.999999608959007
0.9999996036161483
0.9999996007357468
0.9999996003254114
0.9999996023775114
0.9999996068692872
0.9999996137630515
0.9999996230064828
0.999999634533009
0.9999996482622746
0.9999996641006926
0.9999996819420749
0.9999997016683383
0.9999997231502799
0.9999997462484184
0.9999997708138958
0.9999997966894318
0.999999823710327
0.9999998517055072
0.9999998804986032
0.9999999099090583
0.9999999397532576
0.9999999698456702
1.0
1.0
0.9999999711311375
0.9999999425587252
0.9999999144574611
0.9999998869984237
0.9999998603480342
0.9999998346670507
0.9999998101096017
0.9999997868222648
0.9999997649431941
0.999999744601306
0.9999997259155226
0.9999997089940794
0.9999996939339052
0.9999996808200703
0.9999996697253113
0.9999996607096351
0.9999996538200012
0.9999996490900858
0.9999996465401297
0.9999996461768688
0.999999647993548
0.9999996519700184
0.9999996580729162
0.999999666255923
0.9999996764601033
0.9999996886143205
0.999999702635724
0.9999997184303078
0.9999997358935352
0.9999997549110258
0.9999997753593003
0.9999997971065778
0.9999998200136213
0.999999843934626
0.999999868718144
0.9999998942080391
0.9999999202444689
0.9999999466648828
0.9999999733050343
1.0
1.0
0.9999999750192999
0.9999999502951232
0.9999999259786387
0.9999999022178836
0.9999998791568647
0.9999998569346887
0.9999998356847256
0.9999998155338109
0.9999997966014925
0.9999997789993234
0.9999997628302084
0.9999997481878062
0.9999997351559907
0.9999997238083743
0.9999997142078976
0.9999997064064853
0.9999997004447722
0.9999996963518986
0.9999996941453797
0.9999996938310443
0.9999996954030466
0.9999996988439515
0.9999997041248891
0.999999711205779
0.9999997200356237
0.999999730552867
0.9999997426858173
0.9999997563531294
0.9999997714643464
0.9999997879204929
0.99999980561472
0.9999998244329956
0.9999998442548359
0.9999998649540734
0.9999998863996579
0.9999999084564819
0.9999999309862314
0.9999999538482487
0.9999999769004085
1.0
1.0
0.9999999790294043
0.9999999582741528
0.9999999378611472
0.9999999179146608
0.9999998985555835
0.9999998799006912
0.9999998620619441
0.9999998451458175
0.9999998292526682
0.9999998144761416
0.9999998009026241
0.9999997886107389
0.9999997776708959
0.9999997681448908
0.9999997600855601
0.9999997535364938
0.9999997485318031
0.999999745095951
0.9999997432436405
0.9999997429797647
0.9999997442994164
0.9999997471879595
0.9999997516211582
0.9999997575653663
0.9999997649777727
0.999999773806703
0.9999997839919736
0.9999997954652982
0.9999998081507403
0.9999998219652129
0.9999998368190194
0.9999998526164331
0.999999869256311
0.9999998866327392
0.9999999046357047
0.9999999231517888
0.9999999420648805
0.9999999612569015
0.999999980608542
1.0
1.0
0.9999999831357612
0.999999966444699
0.9999999500288661
0.999999933988201
0.9999999184199211
0.9999999034179363
0.9999998890722834
0.9999998754685882
0.9999998626875556
0.9999998508044946
0.9999998398888752
0.9999998300039257
0.9999998212062678
0.9999998135455973
0.9999998070644046
0.9999998017977436
0.9999997977730463
0.9999997950099855
0.9999997935203853
0.9999997933081803
0.9999997943694245
0.9999997966923476
0.9999998002574595
0.9999998050377024
0.9999998109986485
0.9999998180987418
0.9999998262895837
0.9999998355162594
0.9999998457177016
0.9999998568270935
0.9999998687723021
0.9999998814763453
0.9999998948578855
0.9999999088317486
0.9999999233094634
0.9999999381998207
0.9999999534094455
0.999999968843381
0.9999999844056803
1.0
1.0
0.9999999873123
0.9999999747548882
0.9999999624045436
0.9999999503364537
0.9999999386237601
0.9999999273371147
0.9999999165442565
0.9999999063096051
0.9999998966938789
0.9999998877537355
0.9999998795414403
0.9999998721045629
0.9999998654857024
0.999999859722247
0.9999998548461639
0.9999998508838259
0.9999998478558714
0.9999998457771007
0.9999998446564096
0.9999998444967585
0.9999998452951787
0.9999998470428147
0.9999998497250033
0.999999853321388
0.9999998578060668
0.9999998631477756
0.9999998693101022
0.9999998762517313
0.9999998839267198
0.9999998922847981
0.9999999012716979
0.999999910829502
0.9999999208970165
0.9999999314101611
0.9999999423023753
0.9999999535050385
0.9999999649479003
0.9999999765595211
0.9999999882677153
1.0
1.0
0.9999999915327311
0.9999999831524112
0.9999999749102798
0.9999999668565142
0.9999999590399258
0.9999999515076652
0.9999999443049385
0.9999999374747371
0.9999999310575819
0.9999999250912839
0.9999999196107229
0.9999999146476451
0.9999999102304797
0.9999999063841776
0.9999999031300727
0.999999900485765
0.999999898465028
0.9999998970777386
0.9999998963298338
0.999999896223289
0.999999896756123
0.999999897922426
0.9999998997124125
0.9999999021124975
0.9999999051053946
0.9999999086702398
0.9999999127827327
0.9999999174153014
0.9999999225372851
0.9999999281151359
0.9999999341126373
0.9999999404911376
0.9999999472097985
0.9999999542258552
0.999999961494888
0.9999999689711022
0.9999999766076155
0.9999999843567516
0.9999999921703373
1.0
1.0
0.9999999957707097
0.9999999915848496
0.9999999874680127
0.9999999834452621
0.9999999795409784
0.9999999757787128
0.9999999721810449
0.9999999687694486
0.9999999655641634
0.9999999625840755
0.9999999598466071
0.9999999573676146
0.9999999551612981
0.9999999532401205
0.9999999516147376
0.9999999502939406
0.9999999492846089
0.999999948591676
0.9999999482181072
0.9999999481648895
0.9999999484310331
0.9999999490135862
0.9999999499076612
0.9999999511064721
0.9999999526013852
0.9999999543819788
0.9999999564361152
0.9999999587500227
0.9999999613083865
0.9999999640944501
0.9999999670901236
0.9999999702761012
0.9999999736319845
0.9999999771364131
0.9999999807672
0.9999999845014711
0.9999999883158098
0.999999992186402
0.9999999960891859
1.0
1.0
1.0
1.0
1.0
1.0
1.0
1.0
1.0
1.0
1.0
1.0
1.0
1.0
1.0
1.0
1.0
1.0
1.0
1.0
1.0
1.0
1.0
1.0
1.0
1.0
1.0
1.0
1.0
1.0
1.0
1.0
1.0
1.0
1.0
1.0
1.0
1.0
1.0
1.0
1.0
1.0
