1.0
1.0
1.0
1.0
1.0
1.0
1.0
1.0
1.0
1.0
1.0
1.0
1.0
1.0
1.0
1.0
1.0
1.0
1.0
1.0
1.0
1.0
1.0
1.0
1.0
1.0
1.0
1.0
1.0
1.0
1.0
1.0
1.0
1.0
1.0
1.0
1.0
1.0
1.0
1.0
1.0
1.0
0.9999999999555174
0.999999999911309
0.9999999998676474
0.9999999998248018
0.9999999997830366
0.9999999997426087
0.9999999997037681
0.9999999996667536
0.9999999996317935
0.9999999995991039
0.9999999995688859
0.9999999995413259
0.9999999995165937
0.9999999994948415
0.9999999994762042
0.9999999994607962
0.9999999994487124
0.9999999994400275
0.9999999994347951
0.9999999994330473
0.9999999994347952
0.9999999994400275
0.9999999994487121
0.9999999994607959
0.999999999476204
0.9999999994948415
0.9999999995165932
0.9999999995413257
0.999999999568886
0.9999999995991041
0.9999999996317939
0.9999999996667536
0.9999999997037682
0.999999999742609
0.9999999997830368
0.9999999998248021
0.9999999998676476
0.9999999999113092
0.9999999999555174
1.0
1.0
0.999999999911309
0.9999999998231648
0.9999999997361109
0.999999999650684
0.9999999995674107
0.9999999994868046
0.9999999994093624
0.9999999993355616
0.9999999992658575
0.9999999992006796
0.9999999991404297
0.9999999990854794
0.9999999990361674
0.9999999989927978
0.9999999989556377
0.9999999989249166
0.9999999989008236
0.9999999988835074
0.9999999988730748
0.9999999988695902
0.9999999988730748
0.9999999988835073
0.9999999989008234
0.9999999989249163
0.9999999989556374
0.9999999989927975
0.9999999990361673
0.9999999990854793
0.9999999991404297
0.9999999992006797
0.9999999992658577
0.999999999335562
0.9999999994093627
0.9999999994868047
0.999999999567411
0.9999999996506842
0.9999999997361112
0.999999999823165
0.9999999999113091
1.0
1.0
0.9999999998676473
0.999999999736111
0.9999999996062013
0.9999999994787198
0.9999999993544522
0.9999999992341645
0.9999999991185984
0.9999999990084665
0.9999999989044478
0.9999999988071833
0.9999999987172731
0.9999999986352713
0.9999999985616835
0.9999999984969633
0.9999999984415101
0.9999999983956652
0.9999999983597115
0.9999999983338709
0.9999999983183026
0.9999999983131024
0.9999999983183026
0.9999999983338709
0.9999999983597113
0.9999999983956649
0.9999999984415098
0.9999999984969632
0.9999999985616834
0.9999999986352713
0.9999999987172731
0.9999999988071834
0.9999999989044479
0.9999999990084666
0.9999999991185987
0.9999999992341647
0.9999999993544524
0.9999999994787202
0.9999999996062018
0.9999999997361112
0.9999999998676476
1.0
1.0
0.999999999824802
0.999999999650684
0.9999999994787198
0.9999999993099696
0.9999999991454737
0.999999998986246
0.9999999988332684
0.9999999986874843
0.9999999985497922
0.999999998421041
0.9999999983020247
0.9999999981934772
0.9999999980960674
0.9999999980103957
0.999999997936991
0.9999999978763051
0.9999999978287125
0.9999999977945065
0.9999999977738985
0.9999999977670149
0.9999999977738986
0.9999999977945067
0.9999999978287123
0.9999999978763048
0.9999999979369907
0.9999999980103957
0.9999999980960673
0.9999999981934772
0.9999999983020249
0.9999999984210411
0.9999999985497923
0.9999999986874845
0.9999999988332687
0.9999999989862463
0.9999999991454738
0.9999999993099699
0.9999999994787202
0.9999999996506843
0.999999999824802
1.0
1.0
0.9999999997830366
0.9999999995674106
0.9999999993544519
0.9999999991454736
0.9999999989417634
0.9999999987445777
0.999999998555132
0.9999999983745943
0.9999999982040777
0.9999999980446337
0.9999999978972451
0.9999999977628208
0.9999999976421895
0.9999999975360948
0.9999999974451912
0.9999999973700384
0.9999999973111001
0.9999999972687399
0.999999997243219
0.9999999972346946
0.9999999972432192
0.99999999726874
0.9999999973111
0.999999997370038
0.9999999974451909
0.9999999975360948
0.9999999976421895
0.999999997762821
0.9999999978972455
0.999999998044634
0.9999999982040779
0.9999999983745945
0.9999999985551322
0.999999998744578
0.9999999989417638
0.999999999145474
0.9999999993544527
0.9999999995674111
0.9999999997830367
1.0
1.0
0.9999999997426087
0.9999999994868046
0.9999999992341644
0.999999998986246
0.9999999987445778
0.9999999985106495
0.9999999982859032
0.9999999980717253
0.9999999978694357
0.9999999976802818
0.9999999975054297
0.9999999973459576
0.9999999972028485
0.9999999970769847
0.9999999969691424
0.9999999968799862
0.9999999968100659
0.9999999967598125
0.9999999967295361
0.9999999967194232
0.9999999967295362
0.9999999967598127
0.9999999968100657
0.999999996879986
0.9999999969691422
0.9999999970769846
0.9999999972028485
0.9999999973459577
0.99999999750543
0.9999999976802821
0.999999997869436
0.9999999980717256
0.9999999982859036
0.9999999985106498
0.999999998744578
0.9999999989862465
0.999999999234165
0.9999999994868051
0.999999999742609
1.0
1.0
0.999999999703768
0.9999999994093625
0.9999999991185984
0.9999999988332686
0.9999999985551319
0.9999999982859032
0.9999999980272426
0.9999999977807448
0.9999999975479293
0.9999999973302318
0.9999999971289941
0.9999999969454574
0.9999999967807528
0.9999999966358961
0.9999999965117801
0.9999999964091699
0.9999999963286986
0.9999999962708619
0.9999999962360168
0.9999999962243779
0.9999999962360169
0.9999999962708619
0.9999999963286985
0.9999999964091698
0.9999999965117797
0.9999999966358959
0.9999999967807528
0.9999999969454575
0.9999999971289945
0.9999999973302323
0.9999999975479299
0.9999999977807452
0.9999999980272432
0.9999999982859037
0.9999999985551324
0.999999998833269
0.9999999991185988
0.9999999994093628
0.9999999997037683
1.0
1.0
0.9999999996667537
0.9999999993355618
0.9999999990084666
0.9999999986874843
0.9999999983745943
0.9999999980717253
0.9999999977807449
0.9999999975034468
0.9999999972415409
0.9999999969966417
0.9999999967702594
0.9999999965637896
0.999999996378505
0.9999999962155481
0.9999999960759236
0.9999999959604924
0.999999995869966
0.9999999958049027
0.9999999957657036
0.9999999957526102
0.9999999957657036
0.9999999958049027
0.999999995869966
0.9999999959604923
0.9999999960759236
0.9999999962155481
0.9999999963785048
0.9999999965637897
0.9999999967702597
0.9999999969966422
0.9999999972415413
0.9999999975034473
0.9999999977807454
0.9999999980717259
0.9999999983745946
0.9999999986874848
0.9999999990084668
0.999999999335562
0.9999999996667539
1.0
1.0
0.9999999996317939
0.9999999992658576
0.9999999989044478
0.9999999985497922
0.9999999982040779
0.9999999978694358
0.9999999975479295
0.9999999972415409
0.9999999969521591
0.9999999966815685
0.9999999964314371
0.9999999962033072
0.9999999959985848
0.9999999958185327
0.9999999956642606
0.9999999955367199
0.9999999954366967
0.9999999953648079
0.9999999953214964
0.9999999953070295
0.9999999953214963
0.9999999953648077
0.9999999954366965
0.9999999955367198
0.9999999956642605
0.9999999958185324
0.9999999959985848
0.9999999962033072
0.9999999964314373
0.999999996681569
0.9999999969521597
0.9999999972415414
0.9999999975479299
0.9999999978694363
0.9999999982040783
0.9999999985497927
0.9999999989044481
0.9999999992658578
0.9999999996317939
1.0
1.0
0.999999999599104
0.9999999992006795
0.9999999988071834
0.9999999984210411
0.9999999980446338
0.9999999976802819
0.9999999973302318
0.9999999969966419
0.9999999966815686
0.9999999963869546
0.9999999961146161
0.9999999958662323
0.9999999956433346
0.9999999954472975
0.9999999952793288
0.9999999951404649
0.9999999950315616
0.9999999949532903
0.9999999949061337
0.9999999948903823
0.9999999949061336
0.9999999949532902
0.9999999950315615
0.9999999951404647
0.9999999952793286
0.9999999954472971
0.9999999956433347
0.9999999958662326
0.9999999961146164
0.9999999963869549
0.999999996681569
0.9999999969966423
0.9999999973302324
0.9999999976802824
0.9999999980446342
0.9999999984210416
0.9999999988071836
0.99999999920068
0.9999999995991041
1.0
1.0
0.9999999995688857
0.9999999991404297
0.9999999987172732
0.999999998302025
0.9999999978972456
0.9999999975054301
0.9999999971289945
0.9999999967702596
0.9999999964314372
0.9999999961146161
0.9999999958217499
0.9999999955546437
0.9999999953149447
0.999999995104131
0.9999999949235014
0.9999999947741706
0.9999999946570585
0.9999999945728874
0.9999999945221762
0.9999999945052376
0.9999999945221762
0.9999999945728872
0.9999999946570582
0.9999999947741705
0.9999999949235014
0.9999999951041307
0.9999999953149451
0.9999999955546441
0.9999999958217504
0.9999999961146167
0.9999999964314377
0.99999999677026
0.9999999971289947
0.9999999975054303
0.9999999978972458
0.9999999983020254
0.9999999987172735
0.9999999991404299
0.9999999995688861
1.0
1.0
0.9999999995413258
0.9999999990854794
0.9999999986352713
0.9999999981934775
0.9999999977628212
0.9999999973459581
0.9999999969454578
0.9999999965637898
0.9999999962033072
0.9999999958662326
0.9999999955546439
0.9999999952704623
0.99999999501544
0.9999999947911491
0.9999999945989726
0.9999999944400951
0.9999999943154962
0.9999999942259444
0.9999999941719915
0.99999999415397
0.9999999941719913
0.9999999942259442
0.9999999943154962
0.999999994440095
0.9999999945989725
0.9999999947911492
0.99999999501544
0.9999999952704626
0.9999999955546442
0.9999999958662329
0.9999999962033076
0.9999999965637901
0.9999999969454579
0.9999999973459581
0.9999999977628213
0.9999999981934775
0.9999999986352716
0.9999999990854797
0.9999999995413259
1.0
1.0
0.9999999995165935
0.9999999990361674
0.9999999985616838
0.9999999980960678
0.99999999764219
0.999999997202849
0.9999999967807534
0.9999999963785053
0.9999999959985852
0.9999999956433351
0.9999999953149451
0.99999999501544
0.9999999947466666
0.9999999945102815
0.9999999943077426
0.9999999941402984
0.9999999940089811
0.9999999939146005
0.9999999938577382
0.999999993838745
0.9999999938577381
0.9999999939146004
0.999999994008981
0.9999999941402982
0.9999999943077427
0.9999999945102817
0.9999999947466667
0.9999999950154403
0.9999999953149454
0.9999999956433353
0.9999999959985855
0.9999999963785056
0.9999999967807534
0.9999999972028489
0.9999999976421899
0.9999999980960678
0.9999999985616838
0.9999999990361674
0.9999999995165936
1.0
1.0
0.9999999994948415
0.9999999989927977
0.9999999984969636
0.9999999980103962
0.9999999975360954
0.9999999970769854
0.9999999966358964
0.9999999962155486
0.999999995818533
0.9999999954472978
0.9999999951041311
0.9999999947911491
0.9999999945102815
0.99999999426326
0.9999999940516073
0.9999999938766286
0.9999999937394025
0.999999993640775
0.999999993581354
0.9999999935615064
0.9999999935813539
0.9999999936407747
0.9999999937394024
0.9999999938766286
0.9999999940516077
0.9999999942632604
0.999999994510282
0.9999999947911494
0.9999999951041314
0.9999999954472979
0.9999999958185333
0.9999999962155486
0.9999999966358964
0.9999999970769853
0.9999999975360953
0.9999999980103962
0.9999999984969635
0.9999999989927978
0.9999999994948418
1.0
1.0
0.999999999476204
0.9999999989556376
0.9999999984415102
0.9999999979369912
0.9999999974451915
0.999999996969143
0.9999999965117806
0.9999999960759242
0.999999995664261
0.9999999952793291
0.9999999949235018
0.9999999945989728
0.9999999943077429
0.9999999940516076
0.999999993832146
0.9999999936507115
0.9999999935084224
0.999999993406156
0.9999999933445429
0.9999999933239628
0.9999999933445429
0.9999999934061562
0.9999999935084226
0.9999999936507116
0.9999999938321463
0.9999999940516077
0.999999994307743
0.9999999945989729
0.999999994923502
0.9999999952793294
0.9999999956642612
0.9999999960759243
0.9999999965117806
0.9999999969691429
0.9999999974451915
0.9999999979369912
0.9999999984415102
0.9999999989556381
0.9999999994762043
1.0
1.0
0.999999999460796
0.9999999989249165
0.9999999983956653
0.9999999978763054
0.9999999973700389
0.9999999968799868
0.9999999964091705
0.9999999959604928
0.9999999955367201
0.9999999951404651
0.9999999947741708
0.9999999944400952
0.9999999941402986
0.9999999938766289
0.9999999936507116
0.99999999346394
0.9999999933174653
0.9999999932121906
0.999999993148765
0.9999999931275797
0.9999999931487652
0.9999999932121907
0.9999999933174654
0.9999999934639401
0.9999999936507118
0.999999993876629
0.9999999941402987
0.9999999944400956
0.999999994774171
0.9999999951404653
0.9999999955367205
0.9999999959604929
0.9999999964091706
0.9999999968799868
0.9999999973700389
0.9999999978763057
0.9999999983956656
0.9999999989249168
0.9999999994607962
1.0
1.0
0.9999999994487122
0.9999999989008236
0.9999999983597118
0.9999999978287128
0.9999999973111007
0.9999999968100663
0.9999999963286991
0.9999999958699665
0.9999999954366969
0.9999999950315617
0.9999999946570587
0.9999999943154964
0.9999999940089812
0.9999999937394025
0.9999999935084226
0.9999999933174655
0.9999999931677082
0.9999999930600741
0.9999999929952272
0.999999992973567
0.9999999929952273
0.9999999930600745
0.9999999931677082
0.9999999933174655
0.9999999935084228
0.9999999937394028
0.9999999940089814
0.9999999943154968
0.9999999946570589
0.999999995031562
0.9999999954366973
0.9999999958699668
0.9999999963286992
0.9999999968100666
0.9999999973111008
0.9999999978287131
0.999999998359712
0.9999999989008239
0.9999999994487125
1.0
1.0
0.9999999994400277
0.9999999988835075
0.9999999983338711
0.999999997794507
0.9999999972687406
0.9999999967598131
0.9999999962708623
0.9999999958049032
0.9999999953648081
0.9999999949532906
0.9999999945728876
0.9999999942259444
0.9999999939146005
0.9999999936407751
0.9999999934061563
0.9999999932121908
0.9999999930600743
0.9999999929507447
0.9999999928848764
0.999999992862875
0.9999999928848763
0.9999999929507449
0.9999999930600744
0.9999999932121908
0.9999999934061564
0.9999999936407753
0.9999999939146008
0.9999999942259448
0.9999999945728878
0.9999999949532907
0.9999999953648083
0.9999999958049034
0.9999999962708627
0.9999999967598133
0.9999999972687408
0.9999999977945074
0.9999999983338715
0.9999999988835079
0.9999999994400276
1.0
1.0
0.9999999994347952
0.999999998873075
0.9999999983183027
0.9999999977738988
0.9999999972432194
0.9999999967295367
0.9999999962360171
0.999999995765704
0.9999999953214966
0.9999999949061339
0.9999999945221764
0.9999999941719915
0.9999999938577383
0.9999999935813542
0.999999993344543
0.9999999931487651
0.9999999929952273
0.9999999928848763
0.9999999928183924
0.9999999927961853
0.9999999928183925
0.9999999928848764
0.9999999929952275
0.9999999931487652
0.9999999933445433
0.9999999935813544
0.9999999938577386
0.9999999941719917
0.9999999945221766
0.999999994906134
0.999999995321497
0.9999999957657042
0.9999999962360175
0.999999996729537
0.9999999972432198
0.999999997773899
0.999999998318303
0.9999999988730753
0.9999999994347952
1.0
1.0
0.9999999994330474
0.9999999988695905
0.9999999983131028
0.9999999977670154
0.999999997234695
0.9999999967194237
0.9999999962243782
0.9999999957526107
0.9999999953070297
0.9999999948903825
0.9999999945052379
0.9999999941539702
0.9999999938387452
0.9999999935615064
0.999999993323963
0.9999999931275797
0.9999999929735672
0.999999992862875
0.9999999927961853
0.9999999927739097
0.9999999927961855
0.9999999928628749
0.9999999929735671
0.9999999931275797
0.999999993323963
0.9999999935615066
0.9999999938387453
0.9999999941539702
0.999999994505238
0.9999999948903827
0.9999999953070299
0.9999999957526109
0.9999999962243785
0.999999996719424
0.9999999972346951
0.9999999977670156
0.9999999983131029
0.9999999988695907
0.9999999994330476
1.0
1.0
0.9999999994347953
0.9999999988730751
0.999999998318303
0.999999997773899
0.9999999972432198
0.9999999967295369
0.9999999962360172
0.9999999957657041
0.9999999953214966
0.9999999949061338
0.9999999945221764
0.9999999941719914
0.9999999938577381
0.999999993581354
0.999999993344543
0.9999999931487651
0.9999999929952273
0.9999999928848763
0.9999999928183921
0.9999999927961852
0.9999999928183921
0.9999999928848763
0.9999999929952272
0.9999999931487651
0.999999993344543
0.9999999935813542
0.9999999938577384
0.9999999941719916
0.9999999945221766
0.9999999949061339
0.9999999953214967
0.9999999957657041
0.9999999962360173
0.9999999967295367
0.9999999972432196
0.999999997773899
0.9999999983183032
0.9999999988730752
0.9999999994347953
1.0
1.0
0.9999999994400276
0.9999999988835078
0.9999999983338715
0.9999999977945074
0.9999999972687408
0.9999999967598134
0.9999999962708626
0.9999999958049033
0.9999999953648082
0.9999999949532904
0.9999999945728875
0.9999999942259443
0.9999999939146005
0.999999993640775
0.9999999934061561
0.9999999932121907
0.9999999930600743
0.9999999929507447
0.9999999928848763
0.9999999928628748
0.9999999928848761
0.9999999929507446
0.9999999930600741
0.9999999932121905
0.9999999934061561
0.9999999936407751
0.9999999939146005
0.9999999942259447
0.9999999945728877
0.9999999949532906
0.9999999953648081
0.9999999958049032
0.9999999962708624
0.9999999967598131
0.9999999972687407
0.9999999977945073
0.9999999983338715
0.9999999988835079
0.9999999994400277
1.0
1.0
0.9999999994487125
0.9999999989008239
0.9999999983597121
0.9999999978287133
0.999999997311101
0.9999999968100668
0.9999999963286992
0.9999999958699666
0.999999995436697
0.9999999950315618
0.9999999946570585
0.9999999943154962
0.9999999940089811
0.9999999937394024
0.9999999935084225
0.9999999933174653
0.9999999931677082
0.9999999930600741
0.9999999929952272
0.999999992973567
0.9999999929952272
0.9999999930600741
0.999999993167708
0.9999999933174653
0.9999999935084226
0.9999999937394026
0.9999999940089813
0.9999999943154966
0.9999999946570587
0.9999999950315618
0.999999995436697
0.9999999958699666
0.9999999963286991
0.9999999968100662
0.9999999973111008
0.9999999978287131
0.999999998359712
0.9999999989008239
0.9999999994487124
1.0
1.0
0.9999999994607962
0.9999999989249168
0.9999999983956657
0.9999999978763058
0.9999999973700392
0.999999996879987
0.9999999964091707
0.999999995960493
0.9999999955367203
0.999999995140465
0.9999999947741706
0.9999999944400952
0.9999999941402985
0.9999999938766287
0.9999999936507116
0.9999999934639401
0.9999999933174655
0.9999999932121907
0.9999999931487652
0.9999999931275797
0.9999999931487651
0.9999999932121907
0.9999999933174654
0.9999999934639401
0.9999999936507119
0.999999993876629
0.9999999941402986
0.9999999944400954
0.9999999947741709
0.9999999951404653
0.9999999955367204
0.9999999959604929
0.9999999964091705
0.9999999968799868
0.9999999973700389
0.9999999978763056
0.9999999983956656
0.9999999989249168
0.9999999994607963
1.0
1.0
0.9999999994762042
0.9999999989556378
0.9999999984415106
0.9999999979369918
0.9999999974451921
0.9999999969691434
0.9999999965117807
0.9999999960759242
0.999999995664261
0.9999999952793291
0.9999999949235018
0.9999999945989728
0.9999999943077428
0.9999999940516076
0.9999999938321461
0.9999999936507116
0.9999999935084226
0.9999999934061563
0.9999999933445431
0.999999993323963
0.9999999933445431
0.9999999934061563
0.9999999935084226
0.9999999936507118
0.9999999938321463
0.9999999940516078
0.9999999943077431
0.999999994598973
0.999999994923502
0.9999999952793295
0.9999999956642612
0.9999999960759242
0.9999999965117806
0.999999996969143
0.9999999974451915
0.9999999979369912
0.9999999984415103
0.999999998955638
0.9999999994762043
1.0
1.0
0.9999999994948416
0.999999998992798
0.999999998496964
0.9999999980103966
0.9999999975360958
0.9999999970769858
0.999999996635897
0.9999999962155488
0.9999999958185333
0.9999999954472979
0.9999999951041313
0.9999999947911493
0.9999999945102818
0.9999999942632603
0.9999999940516076
0.9999999938766286
0.9999999937394025
0.9999999936407751
0.9999999935813542
0.9999999935615065
0.9999999935813542
0.9999999936407751
0.9999999937394027
0.999999993876629
0.999999994051608
0.9999999942632606
0.9999999945102821
0.9999999947911496
0.9999999951041314
0.999999995447298
0.9999999958185333
0.9999999962155489
0.9999999966358967
0.9999999970769854
0.9999999975360955
0.9999999980103964
0.9999999984969639
0.999999998992798
0.9999999994948419
1.0
1.0
0.9999999995165936
0.9999999990361677
0.9999999985616841
0.9999999980960682
0.9999999976421907
0.9999999972028497
0.9999999967807538
0.9999999963785058
0.9999999959985856
0.9999999956433353
0.9999999953149453
0.9999999950154403
0.9999999947466668
0.9999999945102819
0.9999999943077429
0.9999999941402985
0.9999999940089812
0.9999999939146006
0.9999999938577384
0.9999999938387453
0.9999999938577385
0.9999999939146007
0.9999999940089815
0.9999999941402989
0.9999999943077434
0.9999999945102823
0.9999999947466673
0.9999999950154407
0.9999999953149457
0.9999999956433355
0.9999999959985857
0.9999999963785058
0.9999999967807537
0.9999999972028493
0.9999999976421903
0.9999999980960679
0.999999998561684
0.9999999990361678
0.9999999995165938
1.0
1.0
0.9999999995413258
0.9999999990854799
0.999999998635272
0.9999999981934782
0.999999997762822
0.9999999973459588
0.9999999969454585
0.9999999965637905
0.9999999962033079
0.9999999958662331
0.9999999955546444
0.9999999952704628
0.9999999950154403
0.9999999947911492
0.9999999945989729
0.9999999944400954
0.9999999943154965
0.9999999942259447
0.9999999941719918
0.9999999941539703
0.9999999941719918
0.9999999942259449
0.9999999943154969
0.9999999944400958
0.9999999945989734
0.99999999479115
0.9999999950154409
0.9999999952704631
0.9999999955546446
0.9999999958662333
0.9999999962033082
0.9999999965637906
0.9999999969454584
0.9999999973459586
0.9999999977628218
0.9999999981934777
0.9999999986352718
0.9999999990854798
0.9999999995413259
1.0
1.0
0.9999999995688861
0.9999999991404301
0.9999999987172737
0.9999999983020259
0.9999999978972465
0.999999997505431
0.9999999971289955
0.9999999967702604
0.9999999964314381
0.9999999961146169
0.9999999958217505
0.9999999955546442
0.9999999953149452
0.9999999951041311
0.9999999949235018
0.9999999947741707
0.9999999946570587
0.9999999945728877
0.9999999945221766
0.9999999945052381
0.9999999945221767
0.9999999945728879
0.9999999946570591
0.9999999947741713
0.9999999949235026
0.999999995104132
0.999999995314946
0.999999995554645
0.999999995821751
0.9999999961146173
0.9999999964314382
0.9999999967702607
0.9999999971289955
0.9999999975054308
0.999999997897246
0.9999999983020255
0.9999999987172736
0.9999999991404301
0.9999999995688862
1.0
1.0
0.9999999995991042
0.9999999992006802
0.999999998807184
0.9999999984210421
0.9999999980446349
0.9999999976802831
0.9999999973302331
0.9999999969966429
0.9999999966815696
0.9999999963869555
0.9999999961146169
0.999999995866233
0.9999999956433352
0.9999999954472976
0.9999999952793293
0.9999999951404652
0.9999999950315618
0.9999999949532907
0.999999994906134
0.9999999948903828
0.999999994906134
0.9999999949532907
0.9999999950315623
0.9999999951404658
0.9999999952793299
0.9999999954472985
0.999999995643336
0.9999999958662337
0.9999999961146174
0.9999999963869559
0.9999999966815698
0.9999999969966432
0.9999999973302331
0.9999999976802828
0.9999999980446346
0.9999999984210419
0.999999998807184
0.9999999992006802
0.9999999995991042
1.0
1.0
0.9999999996317939
0.9999999992658581
0.9999999989044484
0.9999999985497932
0.9999999982040788
0.9999999978694369
0.9999999975479307
0.999999997241542
0.9999999969521601
0.9999999966815694
0.9999999964314378
0.9999999962033076
0.9999999959985852
0.999999995818533
0.9999999956642609
0.9999999955367203
0.999999995436697
0.9999999953648082
0.9999999953214969
0.99999999530703
0.9999999953214969
0.9999999953648084
0.9999999954366973
0.9999999955367208
0.9999999956642617
0.9999999958185337
0.999999995998586
0.9999999962033085
0.9999999964314386
0.9999999966815699
0.9999999969521606
0.9999999972415423
0.9999999975479307
0.9999999978694368
0.9999999982040786
0.999999998549793
0.9999999989044484
0.9999999992658581
0.999999999631794
1.0
1.0
0.9999999996667538
0.9999999993355623
0.9999999990084673
0.9999999986874852
0.9999999983745953
0.9999999980717263
0.9999999977807459
0.9999999975034478
0.9999999972415419
0.9999999969966427
0.9999999967702603
0.9999999965637901
0.9999999963785056
0.9999999962155486
0.999999996075924
0.9999999959604928
0.9999999958699665
0.9999999958049032
0.9999999957657042
0.9999999957526109
0.9999999957657042
0.9999999958049034
0.9999999958699669
0.9999999959604934
0.9999999960759246
0.9999999962155491
0.9999999963785061
0.9999999965637908
0.9999999967702609
0.9999999969966431
0.9999999972415422
0.999999997503448
0.9999999977807459
0.9999999980717262
0.9999999983745952
0.9999999986874851
0.999999999008467
0.9999999993355623
0.9999999996667539
1.0
1.0
0.9999999997037682
0.9999999994093629
0.999999999118599
0.9999999988332693
0.9999999985551329
0.9999999982859044
0.9999999980272437
0.9999999977807459
0.9999999975479303
0.9999999973302326
0.999999997128995
0.9999999969454579
0.9999999967807534
0.9999999966358964
0.9999999965117804
0.9999999964091704
0.9999999963286992
0.9999999962708626
0.9999999962360173
0.9999999962243784
0.9999999962360174
0.9999999962708627
0.9999999963286995
0.9999999964091709
0.9999999965117811
0.999999996635897
0.9999999967807541
0.9999999969454587
0.9999999971289955
0.9999999973302331
0.9999999975479305
0.9999999977807459
0.9999999980272436
0.9999999982859041
0.9999999985551326
0.9999999988332693
0.999999999118599
0.9999999994093629
0.9999999997037683
1.0
1.0
0.9999999997426089
0.9999999994868052
0.999999999234165
0.9999999989862467
0.9999999987445785
0.9999999985106502
0.9999999982859044
0.9999999980717263
0.9999999978694366
0.9999999976802826
0.9999999975054303
0.999999997345958
0.9999999972028489
0.9999999970769851
0.9999999969691428
0.9999999968799865
0.9999999968100663
0.9999999967598132
0.9999999967295367
0.999999996719424
0.999999996729537
0.9999999967598135
0.9999999968100668
0.9999999968799872
0.9999999969691434
0.9999999970769858
0.9999999972028497
0.9999999973459588
0.999999997505431
0.999999997680283
0.9999999978694368
0.9999999980717262
0.999999998285904
0.9999999985106499
0.9999999987445782
0.9999999989862466
0.9999999992341649
0.9999999994868051
0.9999999997426091
1.0
1.0
0.9999999997830367
0.9999999995674113
0.9999999993544527
0.9999999991454742
0.9999999989417643
0.9999999987445786
0.9999999985551329
0.999999998374595
0.9999999982040785
0.9999999980446342
0.9999999978972457
0.9999999977628214
0.9999999976421899
0.9999999975360953
0.9999999974451913
0.9999999973700388
0.9999999973111007
0.9999999972687407
0.9999999972432196
0.9999999972346952
0.9999999972432199
0.999999997268741
0.9999999973111011
0.9999999973700393
0.999999997445192
0.9999999975360958
0.9999999976421904
0.9999999977628219
0.9999999978972461
0.9999999980446347
0.9999999982040786
0.9999999983745951
0.9999999985551326
0.9999999987445782
0.9999999989417641
0.999999999145474
0.9999999993544526
0.9999999995674111
0.9999999997830368
1.0
1.0
0.9999999998248019
0.9999999996506844
0.9999999994787204
0.9999999993099703
0.9999999991454743
0.9999999989862467
0.9999999988332692
0.999999998687485
0.9999999985497928
0.9999999984210417
0.9999999983020251
0.9999999981934775
0.9999999980960677
0.9999999980103962
0.9999999979369912
0.9999999978763054
0.999999997828713
0.9999999977945073
0.9999999977738991
0.9999999977670156
0.9999999977738993
0.9999999977945074
0.9999999978287133
0.9999999978763058
0.9999999979369917
0.9999999980103966
0.9999999980960681
0.999999998193478
0.9999999983020255
0.9999999984210419
0.999999998549793
0.999999998687485
0.9999999988332692
0.9999999989862466
0.999999999145474
0.9999999993099699
0.9999999994787201
0.9999999996506843
0.9999999998248021
1.0
1.0
0.9999999998676476
0.9999999997361113
0.9999999996062018
0.9999999994787204
0.9999999993544528
0.999999999234165
0.999999999118599
0.999999999008467
0.9999999989044482
0.9999999988071837
0.9999999987172733
0.9999999986352716
0.9999999985616838
0.9999999984969635
0.9999999984415102
0.9999999983956653
0.999999998359712
0.9999999983338713
0.999999998318303
0.9999999983131029
0.9999999983183032
0.9999999983338715
0.9999999983597122
0.9999999983956658
0.9999999984415106
0.999999998496964
0.999999998561684
0.9999999986352718
0.9999999987172736
0.9999999988071839
0.9999999989044484
0.9999999990084671
0.999999999118599
0.9999999992341649
0.9999999993544526
0.9999999994787201
0.9999999996062019
0.9999999997361112
0.9999999998676476
1.0
1.0
0.999999999911309
0.9999999998231651
0.9999999997361111
0.9999999996506843
0.9999999995674113
0.9999999994868051
0.9999999994093628
0.9999999993355624
0.9999999992658579
0.9999999992006798
0.99999999914043
0.9999999990854795
0.9999999990361674
0.9999999989927977
0.9999999989556378
0.9999999989249168
0.9999999989008238
0.9999999988835078
0.9999999988730753
0.9999999988695906
0.9999999988730753
0.9999999988835079
0.9999999989008239
0.9999999989249169
0.9999999989556378
0.9999999989927979
0.9999999990361677
0.9999999990854798
0.99999999914043
0.99999999920068
0.999999999265858
0.9999999993355623
0.9999999994093629
0.999999999486805
0.999999999567411
0.9999999996506843
0.9999999997361113
0.999999999823165
0.9999999999113092
1.0
1.0
0.9999999999555174
0.9999999999113091
0.9999999998676476
0.9999999998248023
0.9999999997830368
0.9999999997426092
0.9999999997037683
0.9999999996667537
0.9999999996317939
0.9999999995991041
0.999999999568886
0.9999999995413258
0.9999999995165935
0.9999999994948415
0.9999999994762042
0.999999999460796
0.9999999994487124
0.9999999994400276
0.9999999994347952
0.9999999994330476
0.9999999994347953
0.9999999994400276
0.9999999994487124
0.9999999994607962
0.9999999994762042
0.9999999994948418
0.9999999995165936
0.9999999995413258
0.999999999568886
0.9999999995991042
0.9999999996317939
0.9999999996667538
0.9999999997037682
0.999999999742609
0.9999999997830367
0.999999999824802
0.9999999998676476
0.9999999999113092
0.9999999999555175
1.0
1.0
1.0
1.0
1.0
1.0
1.0
1.0
1.0
1.0
1.0
1.0
1.0
1.0
1.0
1.0
1.0
1.0
1.0
1.0
1.0
1.0
1.0
1.0
1.0
1.0
1.0
1.0
1.0
1.0
1.0
1.0
1.0
1.0
1.0
1.0
1.0
1.0
1.0
1.0
1.0
1.0
