1.0
1.0
1.0
1.0
1.0
1.0
1.0
1.0
1.0
1.0
1.0
1.0
1.0
1.0
1.0
1.0
1.0
1.0
1.0
1.0
1.0
1.0
1.0
1.0
1.0
1.0
1.0
1.0
1.0
1.0
1.0
1.0
1.0
1.0
1.0
1.0
1.0
1.0
1.0
1.0
1.0
1.0
0.9999555058324389
0.9999112859862178
0.9998676130913929
0.9998247564058853
0.9997829801554122
0.9997425419044508
0.9997036909682652
0.9996666668757961
0.9996316978928854
0.9995989996149405
0.9995687736377185
0.9995412063144188
0.999516467606756
0.9994947100370887
0.9994760677480682
0.9994606556756047
0.9994485688402494
0.9994398817613607
0.9994346479976688
0.9994328998170665
0.9994346479976689
0.9994398817613608
0.9994485688402491
0.9994606556756044
0.9994760677480679
0.9994947100370885
0.9995164676067557
0.9995412063144186
0.9995687736377185
0.9995989996149409
0.9996316978928855
0.9996666668757963
0.9997036909682652
0.9997425419044509
0.9997829801554126
0.9998247564058858
0.9998676130913933
0.9999112859862178
0.9999555058324388
1.0
1.0
0.9999112859862175
0.999823118923832
0.999736042392103
0.9996505932468058
0.999567298310337
0.9994866711236787
0.9994092087802486
0.999335388861153
0.9992656664907402
0.9992004715306083
0.9991402059293653
0.9990852412444814
0.9990359163515155
0.9989925353548332
0.9989553657127036
0.9989246365883286
0.9989005374369775
0.9988832168379306
0.9988727815784401
0.9988692959953506
0.9988727815784402
0.9988832168379305
0.9989005374369772
0.9989246365883284
0.9989553657127032
0.9989925353548329
0.9990359163515151
0.9990852412444812
0.9991402059293653
0.9992004715306086
0.9992656664907406
0.9993353888611534
0.999409208780249
0.999486671123679
0.9995672983103372
0.9996505932468063
0.9997360423921033
0.9998231189238322
0.9999112859862178
1.0
1.0
0.9998676130913929
0.9997360423921031
0.9996060990792451
0.9994785842965552
0.9993542842150734
0.999233965186137
0.99911836901657
0.999008208395198
0.998904162498883
0.9988068728051734
0.9987169391373821
0.9986349159664751
0.9985613089925742
0.9984965720271483
0.9984411041951139
0.9983952474740982
0.9983592845860334
0.9983334372540814
0.9983178648356377
0.9983126633398395
0.9983178648356376
0.9983334372540813
0.9983592845860331
0.9983952474740979
0.9984411041951136
0.9984965720271479
0.9985613089925741
0.998634915966475
0.9987169391373821
0.9988068728051736
0.9989041624988831
0.9990082083951982
0.9991183690165705
0.9992339651861373
0.9993542842150738
0.9994785842965556
0.9996060990792455
0.9997360423921033
0.9998676130913932
1.0
1.0
0.9998247564058854
0.9996505932468058
0.9994785842965552
0.9993097900475132
0.9991452511723566
0.9989859821079675
0.9988329648010907
0.9986871426543067
0.9985494147096404
0.998420630105669
0.9983015828422991
0.9981930068854942
0.9980955716421305
0.9980098778328806
0.9979364537885719
0.9978757521928504
0.9978281472912364
0.9977939325837762
0.9977733190155174
0.9977664336759621
0.9977733190155174
0.9977939325837761
0.997828147291236
0.99787575219285
0.9979364537885717
0.9980098778328804
0.9980955716421304
0.9981930068854941
0.9983015828422992
0.998420630105669
0.9985494147096405
0.9986871426543068
0.9988329648010911
0.998985982107968
0.9991452511723572
0.9993097900475135
0.9994785842965557
0.9996505932468063
0.9998247564058855
1.0
1.0
0.9997829801554122
0.999567298310337
0.9993542842150733
0.9991452511723568
0.9989414879404085
0.9987442507873131
0.998554755745709
0.9983741711155409
0.9982036102611038
0.9980441247467808
0.9978966978538001
0.9977622385179779
0.9976415757258286
0.9975354534035864
0.9974445258306536
0.9973693536057499
0.997310400190636
0.9972680290527174
0.9972425014241467
0.9972339746912423
0.9972425014241468
0.9972680290527173
0.9973104001906358
0.9973693536057495
0.9974445258306534
0.9975354534035863
0.9976415757258285
0.9977622385179779
0.9978966978538001
0.9980441247467811
0.9982036102611038
0.9983741711155412
0.9985547557457094
0.9987442507873134
0.9989414879404089
0.9991452511723572
0.9993542842150739
0.9995672983103373
0.9997829801554126
1.0
1.0
0.9997425419044508
0.9994866711236788
0.999233965186137
0.9989859821079675
0.9987442507873132
0.9985102615781514
0.9982854571017675
0.9980712233525135
0.9978688811526927
0.9976796780092508
0.9975047804224808
0.9973452666941608
0.9972021202794658
0.9970762237236385
0.9969683532208066
0.9968791738284857
0.996809235367281
0.9967589690310593
0.9967286847284967
0.9967185691723867
0.9967286847284965
0.9967589690310594
0.9968092353672807
0.9968791738284852
0.9969683532208062
0.9970762237236384
0.9972021202794656
0.9973452666941609
0.9975047804224809
0.9976796780092512
0.9978688811526931
0.9980712233525139
0.9982854571017679
0.9985102615781519
0.9987442507873137
0.9989859821079681
0.9992339651861375
0.9994866711236793
0.999742541904451
1.0
1.0
0.9997036909682652
0.9994092087802489
0.9991183690165703
0.9988329648010907
0.998554755745709
0.9982854571017675
0.9980267291849587
0.9977801671389255
0.9975472911006713
0.9973295368284084
0.9971282468496332
0.9969446621839964
0.9967799146920048
0.9966350200967257
0.9965108717215163
0.9964082349823882
0.996327742668964
0.9962698910431181
0.996235036779359
0.9962233947658112
0.9962350367793591
0.996269891043118
0.9963277426689637
0.996408234982388
0.996510871721516
0.9966350200967256
0.9967799146920047
0.9969446621839962
0.9971282468496335
0.9973295368284087
0.9975472911006718
0.9977801671389259
0.998026729184959
0.9982854571017679
0.9985547557457094
0.9988329648010913
0.9991183690165707
0.9994092087802492
0.9997036909682653
1.0
1.0
0.9996666668757961
0.9993353888611531
0.999008208395198
0.9986871426543068
0.998374171115541
0.9980712233525135
0.9977801671389256
0.99750279693312
0.9972408228146497
0.9969958599410677
0.9967694185899444
0.9965628948475042
0.9963775620012902
0.9962145626899233
0.9960749018583546
0.9959594405620472
0.9958688906582828
0.9958038104173245
0.9957646010804959
0.9957515043863951
0.9957646010804958
0.9958038104173242
0.9958688906582827
0.9959594405620471
0.9960749018583543
0.996214562689923
0.9963775620012901
0.9965628948475042
0.9967694185899445
0.9969958599410681
0.9972408228146502
0.9975027969331206
0.9977801671389261
0.998071223352514
0.9983741711155414
0.9986871426543072
0.9990082083951987
0.9993353888611535
0.9996666668757964
1.0
1.0
0.9996316978928854
0.9992656664907403
0.998904162498883
0.9985494147096405
0.998203610261104
0.997868881152693
0.9975472911006713
0.9972408228146498
0.9969513657735216
0.9966807045761965
0.9964305079389562
0.996202318407263
0.9959975428454549
0.9958174437629588
0.9956631315305007
0.9955355575343017
0.9954355083104656
0.9953636006957223
0.9953202780244245
0.995305807395245
0.9953202780244244
0.995363600695722
0.9954355083104655
0.9955355575343013
0.9956631315305003
0.9958174437629584
0.9959975428454547
0.9962023184072631
0.9964305079389564
0.9966807045761967
0.996951365773522
0.9972408228146504
0.9975472911006719
0.9978688811526935
0.9982036102611044
0.9985494147096411
0.9989041624988834
0.9992656664907408
0.9996316978928855
1.0
1.0
0.9995989996149408
0.9992004715306084
0.9988068728051737
0.9984206301056692
0.9980441247467813
0.9976796780092511
0.9973295368284087
0.9969958599410679
0.9966807045761965
0.9963860137714161
0.9961136043935281
0.9958651559369274
0.9956422001689597
0.9954461116860683
0.9952780994389494
0.995139199278969
0.9950302675717966
0.9949519759176254
0.9949048070105336
0.9948890516625166
0.9949048070105333
0.9949519759176251
0.9950302675717965
0.9951391992789687
0.995278099438949
0.9954461116860681
0.9956422001689598
0.9958651559369275
0.9961136043935284
0.9963860137714163
0.996680704576197
0.9969958599410683
0.9973295368284091
0.9976796780092514
0.9980441247467816
0.9984206301056696
0.9988068728051739
0.9992004715306088
0.999598999614941
1.0
1.0
0.9995687736377185
0.9991402059293653
0.9987169391373824
0.9983015828422994
0.9978966978538005
0.9975047804224811
0.9971282468496335
0.9967694185899446
0.9964305079389564
0.9961136043935283
0.9958206617693942
0.9955534861552396
0.9953137247775637
0.9951028558449815
0.9949221794345755
0.9947728094764898
0.9946556668861801
0.9945714738866639
0.9945207495557759
0.9945038066258812
0.9945207495557759
0.9945714738866637
0.99465566688618
0.9947728094764896
0.9949221794345754
0.9951028558449814
0.9953137247775639
0.99555348615524
0.9958206617693945
0.9961136043935286
0.9964305079389567
0.9967694185899448
0.9971282468496339
0.9975047804224814
0.9978966978538008
0.9983015828422998
0.9987169391373828
0.9991402059293655
0.9995687736377186
1.0
1.0
0.9995412063144188
0.9990852412444814
0.9986349159664755
0.9981930068854945
0.9977622385179784
0.9973452666941613
0.9969446621839967
0.9965628948475046
0.9962023184072634
0.9958651559369276
0.99555348615524
0.9952692306100388
0.9950141418312777
0.9947897925260956
0.9945975658825547
0.9944386470418263
0.9943140157914028
0.994224440524381
0.9941704735020644
0.9941524474490889
0.9941704735020644
0.9942244405243807
0.9943140157914026
0.994438647041826
0.9945975658825544
0.9947897925260957
0.9950141418312778
0.9952692306100388
0.9955534861552401
0.9958651559369278
0.9962023184072636
0.9965628948475048
0.9969446621839968
0.9973452666941616
0.9977622385179784
0.9981930068854947
0.9986349159664755
0.9990852412444815
0.9995412063144188
1.0
1.0
0.9995164676067559
0.9990359163515155
0.9985613089925746
0.9980955716421308
0.9976415757258291
0.9972021202794662
0.9967799146920052
0.9963775620012907
0.9959975428454552
0.9956422001689601
0.9953137247775642
0.9950141418312778
0.9947452983585788
0.9945088518688676
0.9943062601333713
0.9941387721974999
0.9940074206800655
0.9939130154068465
0.99385613841774
0.9938371403782945
0.9938561384177399
0.9939130154068465
0.9940074206800655
0.9941387721974997
0.9943062601333713
0.9945088518688676
0.9947452983585788
0.995014141831278
0.9953137247775643
0.9956422001689603
0.9959975428454555
0.9963775620012909
0.9967799146920053
0.9972021202794662
0.997641575725829
0.9980955716421308
0.9985613089925747
0.9990359163515155
0.9995164676067562
1.0
1.0
0.9994947100370886
0.9989925353548332
0.9984965720271485
0.9980098778328811
0.997535453403587
0.997076223723639
0.9966350200967261
0.9962145626899237
0.9958174437629591
0.9954461116860689
0.9951028558449818
0.9947897925260957
0.9945088518688676
0.994261765965863
0.9940500581838295
0.9938750337716348
0.993737771812974
0.9936391185734599
0.9935796822831147
0.99355982938643
0.9935796822831147
0.9936391185734598
0.993737771812974
0.9938750337716348
0.9940500581838294
0.9942617659658631
0.9945088518688677
0.9947897925260959
0.9951028558449819
0.9954461116860689
0.9958174437629592
0.9962145626899237
0.9966350200967262
0.997076223723639
0.9975354534035868
0.998009877832881
0.9984965720271485
0.9989925353548335
0.9994947100370888
1.0
1.0
0.9994760677480682
0.9989553657127036
0.998441104195114
0.9979364537885722
0.997444525830654
0.996968353220807
0.9965108717215166
0.996074901858355
0.9956631315305011
0.9952780994389497
0.9949221794345758
0.9945975658825548
0.9943062601333714
0.9940500581838296
0.9938305396041348
0.9936490577993194
0.993506731665051
0.993404438689269
0.9933428095421797
0.9933222241879656
0.9933428095421798
0.9934044386892691
0.9935067316650512
0.9936490577993196
0.993830539604135
0.9940500581838297
0.9943062601333718
0.9945975658825549
0.994922179434576
0.9952780994389498
0.9956631315305011
0.9960749018583551
0.9965108717215168
0.996968353220807
0.9974445258306541
0.9979364537885723
0.9984411041951141
0.9989553657127037
0.9994760677480682
1.0
1.0
0.9994606556756046
0.9989246365883286
0.9983952474740984
0.9978757521928507
0.9973693536057504
0.9968791738284861
0.9964082349823886
0.9959594405620477
0.995535557534302
0.9951391992789693
0.9947728094764902
0.9944386470418264
0.9941387721975
0.993875033771635
0.9936490577993196
0.9934622374975586
0.9933157246756283
0.9932104226337896
0.9931469805941416
0.9931257896979522
0.9931469805941417
0.9932104226337898
0.9933157246756286
0.9934622374975589
0.9936490577993198
0.9938750337716352
0.9941387721975002
0.9944386470418267
0.9947728094764904
0.9951391992789695
0.9955355575343021
0.9959594405620477
0.9964082349823887
0.9968791738284861
0.9973693536057504
0.9978757521928509
0.9983952474740987
0.998924636588329
0.9994606556756047
1.0
1.0
0.9994485688402492
0.9989005374369775
0.9983592845860335
0.9978281472912367
0.9973104001906363
0.9968092353672814
0.9963277426689642
0.9958688906582832
0.9954355083104658
0.9950302675717969
0.9946556668861802
0.9943140157914028
0.9940074206800658
0.9937377718129741
0.9935067316650512
0.9933157246756283
0.9931659284663036
0.9930582665805122
0.9929934027895764
0.9929717370003329
0.9929934027895764
0.9930582665805125
0.9931659284663037
0.9933157246756287
0.9935067316650515
0.9937377718129744
0.994007420680066
0.9943140157914032
0.9946556668861806
0.995030267571797
0.995435508310466
0.9958688906582834
0.9963277426689643
0.9968092353672816
0.9973104001906367
0.9978281472912369
0.9983592845860338
0.9989005374369777
0.9994485688402496
1.0
1.0
0.9994398817613608
0.9988832168379307
0.9983334372540816
0.9977939325837766
0.9972680290527177
0.9967589690310599
0.9962698910431185
0.9958038104173249
0.9953636006957224
0.9949519759176255
0.994571473886664
0.9942244405243811
0.9939130154068465
0.9936391185734599
0.9934044386892691
0.9932104226337896
0.9930582665805122
0.992948908622095
0.9928830229867115
0.9928610158812096
0.9928830229867117
0.9929489086220952
0.9930582665805125
0.9932104226337899
0.9934044386892693
0.9936391185734602
0.9939130154068468
0.9942244405243813
0.9945714738866643
0.9949519759176259
0.9953636006957227
0.995803810417325
0.9962698910431187
0.99675896903106
0.997268029052718
0.9977939325837767
0.9983334372540819
0.9988832168379309
0.999439881761361
1.0
1.0
0.999434647997669
0.9988727815784404
0.998317864835638
0.9977733190155178
0.9972425014241472
0.996728684728497
0.9962350367793594
0.9957646010804964
0.9953202780244248
0.9949048070105339
0.9945207495557761
0.9941704735020646
0.99385613841774
0.9935796822831147
0.9933428095421796
0.9931469805941415
0.9929934027895764
0.9928830229867113
0.9928165217137311
0.9927943089730941
0.9928165217137314
0.9928830229867116
0.9929934027895765
0.9931469805941417
0.9933428095421799
0.993579682283115
0.9938561384177403
0.9941704735020648
0.9945207495557764
0.9949048070105341
0.995320278024425
0.9957646010804966
0.9962350367793597
0.9967286847284971
0.9972425014241477
0.997773319015518
0.9983178648356381
0.9988727815784406
0.9994346479976688
1.0
1.0
0.9994328998170666
0.9988692959953507
0.9983126633398398
0.9977664336759624
0.9972339746912429
0.9967185691723872
0.9962233947658116
0.9957515043863955
0.9953058073952454
0.994889051662517
0.9945038066258813
0.994152447449089
0.9938371403782945
0.99355982938643
0.9933222241879656
0.9931257896979521
0.9929717370003329
0.9928610158812096
0.992794308973094
0.9927720275462539
0.9927943089730941
0.9928610158812096
0.992971737000333
0.9931257896979522
0.9933222241879657
0.9935598293864303
0.9938371403782948
0.9941524474490893
0.9945038066258816
0.9948890516625171
0.9953058073952457
0.9957515043863958
0.9962233947658119
0.9967185691723874
0.997233974691243
0.9977664336759624
0.99831266333984
0.9988692959953507
0.9994328998170667
1.0
1.0
0.9994346479976687
0.9988727815784405
0.9983178648356381
0.9977733190155181
0.9972425014241476
0.9967286847284972
0.9962350367793597
0.9957646010804964
0.9953202780244248
0.9949048070105337
0.9945207495557762
0.9941704735020644
0.9938561384177399
0.9935796822831147
0.9933428095421795
0.9931469805941415
0.9929934027895764
0.9928830229867114
0.9928165217137311
0.9927943089730938
0.9928165217137312
0.9928830229867115
0.9929934027895764
0.9931469805941416
0.9933428095421798
0.9935796822831149
0.9938561384177401
0.9941704735020647
0.9945207495557762
0.9949048070105337
0.9953202780244249
0.9957646010804965
0.9962350367793597
0.9967286847284971
0.9972425014241476
0.9977733190155179
0.9983178648356382
0.9988727815784405
0.9994346479976689
1.0
1.0
0.9994398817613609
0.9988832168379308
0.998333437254082
0.9977939325837769
0.9972680290527182
0.9967589690310601
0.9962698910431186
0.9958038104173249
0.9953636006957224
0.9949519759176254
0.9945714738866641
0.9942244405243809
0.9939130154068465
0.9936391185734598
0.9934044386892689
0.9932104226337896
0.9930582665805122
0.992948908622095
0.9928830229867113
0.9928610158812093
0.9928830229867113
0.992948908622095
0.9930582665805122
0.9932104226337897
0.9934044386892691
0.99363911857346
0.9939130154068466
0.9942244405243812
0.994571473886664
0.9949519759176254
0.9953636006957224
0.9958038104173249
0.9962698910431186
0.9967589690310599
0.9972680290527178
0.9977939325837767
0.9983334372540819
0.9988832168379309
0.9994398817613609
1.0
1.0
0.9994485688402492
0.9989005374369776
0.998359284586034
0.997828147291237
0.9973104001906368
0.9968092353672818
0.9963277426689645
0.9958688906582832
0.995435508310466
0.995030267571797
0.9946556668861802
0.9943140157914028
0.9940074206800656
0.993737771812974
0.9935067316650509
0.9933157246756283
0.9931659284663035
0.9930582665805121
0.9929934027895763
0.9929717370003329
0.9929934027895763
0.9930582665805121
0.9931659284663035
0.9933157246756283
0.9935067316650512
0.9937377718129742
0.9940074206800659
0.994314015791403
0.9946556668861803
0.9950302675717969
0.9954355083104659
0.9958688906582832
0.9963277426689643
0.9968092353672814
0.9973104001906364
0.9978281472912368
0.9983592845860337
0.9989005374369777
0.9994485688402492
1.0
1.0
0.9994606556756046
0.9989246365883289
0.9983952474740987
0.9978757521928511
0.9973693536057507
0.9968791738284866
0.9964082349823888
0.9959594405620479
0.9955355575343022
0.9951391992789694
0.9947728094764903
0.9944386470418264
0.9941387721974998
0.9938750337716348
0.9936490577993194
0.9934622374975586
0.9933157246756283
0.9932104226337897
0.9931469805941416
0.993125789697952
0.9931469805941415
0.9932104226337897
0.9933157246756285
0.9934622374975586
0.9936490577993196
0.9938750337716351
0.9941387721975
0.9944386470418265
0.9947728094764902
0.9951391992789694
0.9955355575343021
0.9959594405620478
0.9964082349823887
0.9968791738284861
0.9973693536057503
0.9978757521928509
0.9983952474740987
0.9989246365883289
0.9994606556756047
1.0
1.0
0.9994760677480682
0.9989553657127039
0.9984411041951143
0.9979364537885727
0.9974445258306543
0.9969683532208075
0.9965108717215171
0.9960749018583553
0.9956631315305012
0.9952780994389498
0.994922179434576
0.9945975658825549
0.9943062601333714
0.9940500581838296
0.9938305396041348
0.9936490577993194
0.9935067316650511
0.9934044386892691
0.9933428095421797
0.9933222241879657
0.9933428095421797
0.9934044386892691
0.9935067316650513
0.9936490577993197
0.993830539604135
0.9940500581838299
0.9943062601333716
0.994597565882555
0.994922179434576
0.9952780994389498
0.9956631315305011
0.996074901858355
0.9965108717215169
0.996968353220807
0.9974445258306539
0.9979364537885722
0.9984411041951141
0.9989553657127037
0.9994760677480683
1.0
1.0
0.9994947100370888
0.9989925353548336
0.9984965720271489
0.9980098778328814
0.9975354534035875
0.9970762237236396
0.9966350200967266
0.9962145626899241
0.9958174437629593
0.9954461116860689
0.995102855844982
0.9947897925260961
0.9945088518688678
0.9942617659658631
0.9940500581838296
0.9938750337716348
0.9937377718129742
0.99363911857346
0.9935796822831147
0.9935598293864301
0.9935796822831148
0.99363911857346
0.9937377718129743
0.9938750337716351
0.99405005818383
0.9942617659658634
0.9945088518688681
0.9947897925260961
0.9951028558449821
0.9954461116860689
0.9958174437629593
0.9962145626899239
0.9966350200967264
0.997076223723639
0.9975354534035868
0.9980098778328811
0.9984965720271485
0.9989925353548336
0.9994947100370888
1.0
1.0
0.999516467606756
0.9990359163515157
0.9985613089925749
0.9980955716421314
0.9976415757258297
0.9972021202794669
0.9967799146920058
0.9963775620012912
0.9959975428454558
0.9956422001689605
0.9953137247775645
0.9950141418312782
0.9947452983585792
0.994508851868868
0.9943062601333716
0.9941387721974999
0.994007420680066
0.9939130154068466
0.9938561384177402
0.9938371403782948
0.9938561384177402
0.9939130154068468
0.994007420680066
0.9941387721975004
0.994306260133372
0.9945088518688682
0.9947452983585794
0.9950141418312783
0.9953137247775645
0.9956422001689607
0.9959975428454557
0.9963775620012911
0.9967799146920057
0.9972021202794664
0.9976415757258292
0.998095571642131
0.9985613089925747
0.9990359163515157
0.9995164676067562
1.0
1.0
0.9995412063144189
0.9990852412444816
0.9986349159664758
0.9981930068854952
0.9977622385179791
0.9973452666941621
0.9969446621839976
0.9965628948475054
0.996202318407264
0.9958651559369283
0.9955534861552405
0.9952692306100392
0.9950141418312781
0.9947897925260959
0.994597565882555
0.9944386470418266
0.994314015791403
0.9942244405243812
0.9941704735020648
0.9941524474490894
0.994170473502065
0.9942244405243814
0.9943140157914033
0.9944386470418269
0.9945975658825554
0.9947897925260965
0.9950141418312786
0.9952692306100396
0.9955534861552405
0.9958651559369283
0.9962023184072643
0.9965628948475054
0.9969446621839972
0.9973452666941617
0.9977622385179787
0.9981930068854948
0.9986349159664756
0.9990852412444816
0.999541206314419
1.0
1.0
0.9995687736377187
0.9991402059293656
0.9987169391373829
0.9983015828423001
0.9978966978538014
0.9975047804224821
0.9971282468496345
0.9967694185899455
0.9964305079389573
0.996113604393529
0.995820661769395
0.9955534861552403
0.9953137247775644
0.9951028558449819
0.9949221794345758
0.9947728094764902
0.9946556668861803
0.9945714738866641
0.9945207495557763
0.9945038066258817
0.9945207495557764
0.9945714738866644
0.9946556668861808
0.9947728094764906
0.9949221794345765
0.9951028558449826
0.995313724777565
0.9955534861552409
0.9958206617693954
0.9961136043935293
0.9964305079389574
0.9967694185899456
0.9971282468496343
0.9975047804224819
0.9978966978538011
0.9983015828422999
0.9987169391373828
0.9991402059293656
0.9995687736377188
1.0
1.0
0.9995989996149409
0.999200471530609
0.9988068728051742
0.9984206301056702
0.9980441247467822
0.9976796780092523
0.9973295368284099
0.9969958599410691
0.9966807045761975
0.9963860137714171
0.996113604393529
0.9958651559369283
0.9956422001689604
0.9954461116860689
0.9952780994389498
0.9951391992789693
0.9950302675717969
0.9949519759176256
0.994904807010534
0.9948890516625172
0.994904807010534
0.9949519759176257
0.9950302675717974
0.9951391992789699
0.9952780994389504
0.9954461116860694
0.995642200168961
0.9958651559369286
0.9961136043935295
0.9963860137714173
0.9966807045761978
0.996995859941069
0.9973295368284096
0.997679678009252
0.998044124746782
0.99842063010567
0.9988068728051742
0.9992004715306089
0.999598999614941
1.0
1.0
0.9996316978928858
0.9992656664907409
0.9989041624988836
0.9985494147096415
0.998203610261105
0.9978688811526941
0.9975472911006726
0.997240822814651
0.9969513657735227
0.9966807045761975
0.996430507938957
0.9962023184072639
0.9959975428454556
0.9958174437629592
0.9956631315305012
0.9955355575343022
0.9954355083104659
0.9953636006957226
0.995320278024425
0.9953058073952457
0.995320278024425
0.9953636006957227
0.9954355083104665
0.9955355575343027
0.9956631315305016
0.9958174437629599
0.995997542845456
0.9962023184072645
0.9964305079389576
0.996680704576198
0.9969513657735228
0.9972408228146511
0.9975472911006724
0.9978688811526937
0.9982036102611047
0.9985494147096413
0.9989041624988836
0.9992656664907408
0.9996316978928856
1.0
1.0
0.9996666668757962
0.9993353888611537
0.9990082083951988
0.9986871426543077
0.9983741711155419
0.9980712233525149
0.9977801671389267
0.9975027969331214
0.9972408228146509
0.9969958599410688
0.9967694185899453
0.9965628948475049
0.9963775620012909
0.9962145626899238
0.9960749018583551
0.9959594405620477
0.9958688906582832
0.995803810417325
0.9957646010804965
0.9957515043863958
0.9957646010804966
0.9958038104173251
0.9958688906582835
0.9959594405620482
0.9960749018583557
0.9962145626899245
0.9963775620012915
0.9965628948475055
0.9967694185899457
0.9969958599410691
0.9972408228146511
0.9975027969331214
0.9977801671389267
0.9980712233525145
0.9983741711155417
0.9986871426543076
0.9990082083951988
0.9993353888611537
0.9996666668757964
1.0
1.0
0.9997036909682652
0.9994092087802492
0.9991183690165709
0.9988329648010916
0.9985547557457101
0.9982854571017685
0.9980267291849598
0.9977801671389267
0.9975472911006723
0.9973295368284093
0.9971282468496341
0.996944662183997
0.9967799146920052
0.9966350200967262
0.9965108717215168
0.9964082349823886
0.9963277426689643
0.9962698910431186
0.9962350367793597
0.9962233947658119
0.9962350367793598
0.9962698910431188
0.9963277426689646
0.9964082349823892
0.9965108717215174
0.9966350200967269
0.996779914692006
0.9969446621839976
0.9971282468496345
0.9973295368284097
0.9975472911006725
0.9977801671389267
0.9980267291849597
0.9982854571017684
0.9985547557457096
0.9988329648010914
0.9991183690165709
0.9994092087802492
0.9997036909682653
1.0
1.0
0.999742541904451
0.9994866711236792
0.9992339651861377
0.9989859821079685
0.9987442507873142
0.9985102615781525
0.9982854571017685
0.9980712233525145
0.9978688811526937
0.9976796780092517
0.9975047804224814
0.9973452666941616
0.9972021202794662
0.997076223723639
0.9969683532208069
0.9968791738284859
0.9968092353672815
0.99675896903106
0.9967286847284972
0.9967185691723874
0.9967286847284972
0.9967589690310602
0.9968092353672818
0.9968791738284866
0.9969683532208075
0.9970762237236396
0.9972021202794669
0.997345266694162
0.9975047804224821
0.9976796780092521
0.997868881152694
0.9980712233525145
0.9982854571017684
0.9985102615781521
0.9987442507873139
0.9989859821079684
0.9992339651861376
0.9994866711236792
0.9997425419044511
1.0
1.0
0.9997829801554124
0.9995672983103374
0.999354284215074
0.9991452511723576
0.9989414879404094
0.9987442507873141
0.9985547557457098
0.9983741711155418
0.9982036102611046
0.9980441247467816
0.9978966978538006
0.9977622385179785
0.9976415757258289
0.9975354534035867
0.9974445258306538
0.9973693536057503
0.9973104001906363
0.9972680290527179
0.9972425014241476
0.9972339746912429
0.9972425014241476
0.9972680290527182
0.9973104001906368
0.9973693536057507
0.9974445258306545
0.9975354534035875
0.9976415757258296
0.9977622385179789
0.9978966978538012
0.9980441247467821
0.9982036102611048
0.9983741711155417
0.9985547557457097
0.9987442507873138
0.998941487940409
0.9991452511723574
0.9993542842150739
0.9995672983103374
0.9997829801554127
1.0
1.0
0.9998247564058854
0.9996505932468062
0.9994785842965558
0.9993097900475139
0.9991452511723575
0.9989859821079684
0.9988329648010915
0.9986871426543074
0.9985494147096412
0.9984206301056697
0.9983015828422996
0.9981930068854946
0.9980955716421307
0.998009877832881
0.997936453788572
0.9978757521928506
0.9978281472912367
0.9977939325837766
0.997773319015518
0.9977664336759626
0.9977733190155182
0.997793932583777
0.9978281472912369
0.997875752192851
0.9979364537885727
0.9980098778328814
0.9980955716421313
0.998193006885495
0.9983015828423001
0.99842063010567
0.9985494147096414
0.9986871426543076
0.9988329648010916
0.9989859821079683
0.9991452511723574
0.9993097900475137
0.9994785842965557
0.9996505932468063
0.9998247564058855
1.0
1.0
0.999867613091393
0.9997360423921032
0.9996060990792456
0.9994785842965558
0.9993542842150741
0.9992339651861377
0.9991183690165709
0.9990082083951987
0.9989041624988836
0.9988068728051741
0.9987169391373827
0.9986349159664755
0.9985613089925744
0.9984965720271484
0.998441104195114
0.9983952474740984
0.9983592845860336
0.9983334372540819
0.9983178648356381
0.9983126633398399
0.9983178648356383
0.9983334372540821
0.998359284586034
0.9983952474740987
0.9984411041951144
0.9984965720271488
0.998561308992575
0.9986349159664757
0.9987169391373829
0.9988068728051742
0.9989041624988836
0.9990082083951988
0.9991183690165709
0.9992339651861376
0.9993542842150739
0.9994785842965557
0.9996060990792454
0.9997360423921033
0.9998676130913932
1.0
1.0
0.9999112859862176
0.9998231189238321
0.9997360423921033
0.9996505932468063
0.9995672983103374
0.9994866711236794
0.9994092087802493
0.9993353888611537
0.9992656664907408
0.9992004715306088
0.9991402059293654
0.9990852412444814
0.9990359163515155
0.9989925353548333
0.9989553657127036
0.9989246365883285
0.9989005374369775
0.9988832168379308
0.9988727815784405
0.9988692959953509
0.9988727815784406
0.9988832168379309
0.9989005374369778
0.9989246365883289
0.9989553657127037
0.9989925353548336
0.9990359163515158
0.9990852412444816
0.9991402059293656
0.9992004715306088
0.9992656664907408
0.9993353888611537
0.9994092087802492
0.9994866711236793
0.9995672983103373
0.9996505932468062
0.9997360423921033
0.9998231189238324
0.9999112859862177
1.0
1.0
0.9999555058324389
0.9999112859862177
0.9998676130913932
0.9998247564058855
0.9997829801554127
0.9997425419044512
0.9997036909682653
0.9996666668757963
0.9996316978928856
0.9995989996149409
0.9995687736377185
0.9995412063144188
0.9995164676067558
0.9994947100370885
0.9994760677480681
0.9994606556756046
0.9994485688402492
0.9994398817613607
0.9994346479976688
0.9994328998170667
0.9994346479976689
0.999439881761361
0.9994485688402495
0.9994606556756047
0.9994760677480682
0.9994947100370887
0.999516467606756
0.9995412063144188
0.9995687736377187
0.9995989996149409
0.9996316978928855
0.9996666668757962
0.9997036909682653
0.9997425419044511
0.9997829801554124
0.9998247564058854
0.9998676130913932
0.9999112859862177
0.999955505832439
1.0
1.0
1.0
1.0
1.0
1.0
1.0
1.0
1.0
1.0
1.0
1.0
1.0
1.0
1.0
1.0
1.0
1.0
1.0
1.0
1.0
1.0
1.0
1.0
1.0
1.0
1.0
1.0
1.0
1.0
1.0
1.0
1.0
1.0
1.0
1.0
1.0
1.0
1.0
1.0
1.0
1.0
