0.9999999839169359
0.9999999839169359
0.9999999839169359
0.9999999839169359
0.9999999839169359
0.9999999839169359
0.9999999839169359
0.9999999839169359
0.9999999839169359
0.9999999839169359
0.9999999839169359
0.9999999839169359
0.9999999839169359
0.9999999839169359
0.9999999839169359
0.9999999839169359
0.9999999839169359
0.9999999839169359
0.9999999839169359
0.9999999839169359
0.9999999839169359
0.9999999839169359
0.9999999839169359
0.9999999839169359
0.9999999839169359
0.9999999839169359
0.9999999839169359
0.9999999839169359
0.9999999839169359
0.9999999839169359
0.9999999839169359
0.9999999839169359
0.9999999839169359
0.9999999839169359
0.9999999839169359
0.9999999839169359
0.9999999839169359
0.9999999839169359
0.9999999839169359
0.9999999839169359
0.9999999839169359
0.9999999839169359
0.9999999839169359
0.9999999839169359
0.9999999839169359
0.9999999839169359
0.9999999839169359
0.9999999839169359
0.9999999839169359
0.9999999839169359
0.9999999839169359
0.9999999839169359
1.0000001158174134
1.0000001191422387
1.0000001779834595
1.0000000420362385
1.0000000975111503
0.9999999345962278
1.0000000288980269
0.9999998354203297
0.9999999138990828
0.999999921272635
1.0000000065880106
0.9999999525801206
1.0000000042456412
0.9999999078381293
0.9999999603088827
0.9999999082915607
1.0000000080772131
0.999999964136782
1.0000000316121358
0.9999999535268782
1.000000041161756
1.000000026480961
1.0000001666499925
1.0000001662294307
1.000000264472523
1.0000001662294307
1.0000001666499925
1.0000000264809605
1.0000000411617562
0.9999999535268775
1.0000000316121358
0.9999999641367817
1.0000000080772127
0.9999999082915608
0.9999999603088824
0.9999999078381291
1.0000000042456407
0.9999999525801203
1.0000000065880104
0.9999999212726348
0.9999999138990823
0.9999998354203292
1.0000000288980262
0.999999934596227
1.0000000975111496
1.0000000420362385
1.0000001779834589
1.0000001191422383
1.0000001158174137
0.9999999839169359
0.9999999839169359
1.0000001191422387
1.0000003267815112
1.0000001909512284
1.0000002316688206
0.9999999873684885
0.999999976861708
0.9999999919150763
0.9999998834281708
1.0000000339574837
1.0000000144190977
0.9999999397593131
0.9999998545352518
0.9999998803841655
0.9999999456613826
0.9999999714479069
0.9999999523074045
0.999999838721126
0.9999998062236233
0.9999997895987811
0.9999999355599503
1.0000000508196347
1.0000002155482344
1.0000002077631385
1.0000002543678912
1.000000202360647
1.0000002543678912
1.0000002077631387
1.0000002155482344
1.0000000508196354
0.9999999355599501
0.9999997895987808
0.9999998062236234
0.9999998387211259
0.999999952307404
0.999999971447907
0.9999999456613821
0.9999998803841648
0.999999854535251
0.9999999397593126
1.0000000144190972
1.0000000339574833
0.9999998834281703
0.9999999919150764
0.9999999768617078
0.9999999873684884
1.0000002316688203
1.0000001909512282
1.000000326781511
1.0000001191422385
0.9999999839169359
0.9999999839169359
1.0000001779834593
1.0000001909512284
1.000000183138988
1.0000002498660445
1.000000041871259
1.0000003135829427
1.0000000359881085
0.9999999463508853
1.000000116307001
1.000000040718569
1.000000065190398
0.999999949427875
0.9999999268031635
0.9999998484778291
0.9999998206825625
0.9999997610170144
0.9999996990675241
0.9999996697255432
0.9999997161820777
0.9999998744780508
1.0000000693558049
1.0000002050636059
1.0000001851713463
1.0000001267974894
1.000000083071022
1.0000001267974894
1.0000001851713458
1.000000205063606
1.0000000693558044
0.9999998744780505
0.9999997161820776
0.999999669725543
0.9999996990675233
0.9999997610170146
0.9999998206825618
0.9999998484778289
0.999999926803163
0.9999999494278746
1.0000000651903975
1.000000040718569
1.0000001163070007
0.9999999463508852
1.0000000359881078
1.0000003135829418
1.0000000418712587
1.000000249866044
1.0000001831389878
1.000000190951228
1.0000001779834595
0.9999999839169359
0.9999999839169359
1.0000000420362387
1.000000231668821
1.0000002498660447
1.0000002113411037
1.0000001529027054
1.000000320387569
0.9999999359317876
1.0000002185975188
1.0000004197440628
1.0000002210033494
1.0000000901171306
0.9999999149034723
0.9999997951008452
0.9999997151418205
0.9999996315318954
0.9999996304271741
0.9999996643010514
0.9999997533787551
0.9999998439054206
0.999999908717449
1.000000000258905
1.0000000099009263
1.0000000228281851
0.9999999661548022
0.9999999949956544
0.9999999661548021
1.0000000228281853
1.0000000099009259
1.0000000002589051
0.9999999087174488
0.9999998439054204
0.9999997533787551
0.9999996643010511
0.9999996304271735
0.9999996315318951
0.9999997151418198
0.9999997951008449
0.9999999149034713
1.00000009011713
1.0000002210033487
1.0000004197440628
1.000000218597518
0.9999999359317875
1.000000320387569
1.0000001529027052
1.0000002113411028
1.0000002498660445
1.000000231668821
1.000000042036238
0.9999999839169359
0.9999999839169359
1.00000009751115
0.9999999873684884
1.0000000418712585
1.0000001529027054
1.0000004028377072
1.0000003298000695
1.0000001309796518
1.0000004031409664
1.0000005339602578
1.0000001088401218
0.99999993592129
0.9999997027208124
0.9999996192766616
0.9999996760993554
0.9999997485079486
0.9999998437818757
0.999999854124506
0.9999998914916922
0.9999998952343147
0.999999948473982
0.9999999507983783
0.9999999613456716
0.9999998992123753
0.9999999013634803
0.9999998739730549
0.9999999013634802
0.9999998992123754
0.9999999613456719
0.9999999507983783
0.9999999484739814
0.9999998952343148
0.9999998914916918
0.9999998541245052
0.9999998437818756
0.999999748507948
0.9999996760993548
0.9999996192766607
0.9999997027208118
0.9999999359212896
1.0000001088401214
1.0000005339602573
1.000000403140966
1.000000130979651
1.000000329800069
1.000000402837707
1.0000001529027052
1.0000000418712585
0.999999987368488
1.00000009751115
0.9999999839169359
0.9999999839169359
0.9999999345962275
0.9999999768617086
1.0000003135829425
1.0000003203875691
1.000000329800069
1.0000001268230458
1.000000052881099
1.0000004124867852
1.000000300725635
0.9999998909265013
0.9999996925505779
0.9999997321276588
0.9999997059327911
0.9999998482134363
0.9999999305803183
1.0000000257654085
1.000000038864805
0.9999999437422211
0.9999998956295948
0.9999999027610876
1.0000000200151204
1.0000000631360455
1.00000001728392
0.9999998987341435
0.9999998497902443
0.9999998987341439
1.0000000172839199
1.0000000631360453
1.0000000200151207
0.9999999027610873
0.9999998956295943
0.9999999437422207
1.0000000388648045
1.0000000257654074
0.9999999305803171
0.9999998482134357
0.9999997059327902
0.9999997321276582
0.9999996925505767
0.9999998909265008
1.0000003007256342
1.0000004124867847
1.0000000528810993
1.0000001268230447
1.000000329800069
1.000000320387569
1.0000003135829425
0.9999999768617076
0.9999999345962275
0.9999999839169359
0.9999999839169359
1.0000000288980266
0.9999999919150763
1.0000000359881085
0.9999999359317878
1.0000001309796513
1.0000000528810997
1.0000001675808743
1.000000481511031
1.0000002982339968
0.9999999122421136
0.999999662337399
0.9999997489206193
0.999999809996846
0.999999964418409
1.00000003252431
0.9999999976601366
0.9999999717168473
0.9999999226407327
0.9999999533625337
1.0000000322389881
1.0000001376581535
1.0000002039135552
1.0000001706258852
1.0000000859973366
1.0000000326048133
1.0000000859973368
1.0000001706258848
1.0000002039135554
1.0000001376581524
1.0000000322389877
0.9999999533625327
0.9999999226407316
0.9999999717168461
0.9999999976601358
1.000000032524309
0.9999999644184081
0.9999998099968448
0.9999997489206182
0.9999996623373981
0.9999999122421124
1.000000298233996
1.0000004815110308
1.0000001675808736
1.0000000528810988
1.000000130979651
0.9999999359317872
1.000000035988108
0.9999999919150762
1.0000000288980264
0.9999999839169359
0.9999999839169359
0.9999998354203293
0.9999998834281709
0.9999999463508851
1.000000218597518
1.0000004031409662
1.000000412486785
1.0000004815110308
1.0000005576277413
1.0000001206355067
0.999999677995185
0.9999995078989278
0.999999600567054
0.999999765475212
0.999999804395103
0.9999999297827694
0.9999998597933031
0.9999998261662786
0.9999998464271419
0.9999999574409929
1.0000001440299848
1.0000001975424468
1.000000229858653
1.0000002249557092
1.000000265299364
1.00000027420889
1.0000002652993636
1.0000002249557092
1.0000002298586523
1.0000001975424462
1.0000001440299846
0.9999999574409922
0.9999998464271415
0.9999998261662778
0.9999998597933015
0.9999999297827681
0.9999998043951019
0.999999765475211
0.9999996005670532
0.9999995078989268
0.9999996779951836
1.0000001206355065
1.0000005576277406
1.0000004815110306
1.000000412486785
1.0000004031409655
1.0000002185975183
0.9999999463508846
0.9999998834281704
0.9999998354203289
0.9999999839169359
0.9999999839169359
0.9999999138990828
1.000000033957483
1.0000001163070011
1.0000004197440626
1.0000005339602576
1.0000003007256344
1.0000002982339966
1.0000001206355067
0.999999708675511
0.9999993658182745
0.9999992931906722
0.999999542980259
0.9999997990691305
0.9999998772057461
0.9999998389452744
0.9999998575171112
0.999999829972807
0.999999941223612
0.9999999882946762
1.0000000841028884
1.0000001765130309
1.0000002443019274
1.0000003488275513
1.000000373032619
1.000000417939869
1.0000003730326186
1.0000003488275506
1.000000244301927
1.0000001765130302
1.0000000841028878
0.9999999882946755
0.999999941223611
0.9999998299728059
0.9999998575171102
0.9999998389452734
0.999999877205745
0.9999997990691293
0.9999995429802577
0.9999992931906712
0.9999993658182734
0.9999997086755104
1.000000120635506
1.0000002982339962
1.0000003007256344
1.0000005339602571
1.000000419744063
1.0000001163070003
1.0000000339574835
0.9999999138990826
0.9999999839169359
0.9999999839169359
0.9999999212726348
1.0000000144190975
1.0000000407185687
1.000000221003349
1.000000108840122
0.9999998909265011
0.9999999122421135
0.9999996779951849
0.9999993658182739
0.9999993424893999
0.999999504797287
0.9999998217720335
1.0000001059730057
1.0000002174653981
1.0000001652081647
1.0000001301099435
1.0000000858670068
1.0000000843661536
1.0000001098768807
1.0000000577644075
1.000000145925238
1.0000002929094873
1.0000004341038602
1.000000530448789
1.0000005001830183
1.0000005304487893
1.0000004341038604
1.0000002929094873
1.0000001459252374
1.0000000577644066
1.0000001098768803
1.0000000843661532
1.0000000858670057
1.0000001301099426
1.0000001652081631
1.0000002174653972
1.0000001059730041
0.9999998217720327
0.999999504797286
0.9999993424893988
0.9999993658182736
0.9999996779951839
0.9999999122421127
0.9999998909265008
1.0000001088401214
1.0000002210033483
1.0000000407185685
1.0000000144190972
0.9999999212726348
0.9999999839169359
0.9999999839169359
1.0000000065880108
0.9999999397593128
1.000000065190398
1.00000009011713
0.9999999359212899
0.9999996925505769
0.9999996623373983
0.9999995078989272
0.9999992931906717
0.9999995047972866
0.9999997743596514
1.0000001677139172
1.000000452191708
1.0000005313302052
1.000000479148397
1.0000003841448386
1.0000002668920323
1.0000000585491444
0.9999999768792808
0.9999999600620584
0.999999985350815
1.0000000908767703
1.0000002244518666
1.0000004087528582
1.0000004894760788
1.0000004087528584
1.0000002244518666
1.0000000908767703
0.9999999853508147
0.9999999600620583
0.9999999768792798
1.0000000585491435
1.0000002668920314
1.000000384144838
1.000000479148396
1.0000005313302045
1.0000004521917074
1.0000001677139156
0.9999997743596505
0.9999995047972858
0.999999293190671
0.9999995078989268
0.999999662337398
0.999999692550577
0.9999999359212896
1.0000000901171298
1.0000000651903977
0.9999999397593126
1.0000000065880108
0.9999999839169359
0.9999999839169359
0.9999999525801203
0.999999854535251
0.9999999494278747
0.9999999149034717
0.9999997027208117
0.9999997321276586
0.9999997489206186
0.9999996005670536
0.9999995429802582
0.9999998217720334
1.0000001677139168
1.0000004109344707
1.0000006966588562
1.0000008055417986
1.0000006785112745
1.00000045022432
1.0000002167138575
1.0000000159956535
0.9999998041821162
0.999999766675473
0.9999997122442039
0.9999997891870992
0.9999999547855413
1.0000001171823225
1.0000002652566857
1.0000001171823223
0.9999999547855417
0.9999997891870988
0.9999997122442035
0.9999997666754729
0.9999998041821158
1.0000000159956535
1.0000002167138569
1.0000004502243196
1.0000006785112736
1.0000008055417977
1.000000696658855
1.0000004109344698
1.0000001677139159
0.9999998217720327
0.9999995429802574
0.9999996005670531
0.9999997489206185
0.9999997321276578
0.9999997027208114
0.9999999149034711
0.9999999494278745
0.9999998545352506
0.9999999525801203
0.9999999839169359
0.9999999839169359
1.000000004245641
0.9999998803841652
0.9999999268031633
0.9999997951008451
0.9999996192766608
0.9999997059327905
0.9999998099968456
0.9999997654752116
0.9999997990691302
1.000000105973005
1.000000452191708
1.0000006966588555
1.000000814519021
1.000000869466316
1.000000675098455
1.0000003488765645
1.0000000499541564
0.9999998559285432
0.9999997130703614
0.9999995227190267
0.9999994655571001
0.9999995150521985
0.9999997001218637
0.9999998613695367
0.999999844543895
0.9999998613695366
0.9999997001218635
0.9999995150521986
0.9999994655570993
0.9999995227190265
0.9999997130703612
0.9999998559285425
1.000000049954156
1.0000003488765634
1.000000675098454
1.0000008694663152
1.0000008145190198
1.000000696658855
1.0000004521917067
1.0000001059730044
0.9999997990691294
0.9999997654752112
0.999999809996845
0.9999997059327902
0.9999996192766608
0.9999997951008447
0.9999999268031629
0.9999998803841648
1.000000004245641
0.9999999839169359
0.9999999839169359
0.9999999078381289
0.999999945661382
0.9999998484778285
0.9999997151418198
0.9999996760993554
0.9999998482134357
0.9999999644184083
0.9999998043951025
0.9999998772057453
1.0000002174653977
1.0000005313302047
1.0000008055417984
1.0000008694663163
1.0000007735844132
1.0000004997508418
1.0000001721834115
0.9999999240511178
0.9999997336316085
0.9999995472639306
0.999999421280158
0.9999993869603273
0.9999994088552778
0.9999995128382294
0.999999648585268
0.999999696454773
0.9999996485852681
0.9999995128382294
0.9999994088552773
0.9999993869603268
0.9999994212801574
0.99999954726393
0.999999733631608
0.9999999240511168
1.0000001721834109
1.000000499750841
1.000000773584412
1.0000008694663152
1.000000805541797
1.0000005313302038
1.0000002174653968
0.9999998772057445
0.9999998043951016
0.9999999644184081
0.999999848213435
0.9999996760993545
0.9999997151418194
0.9999998484778283
0.999999945661382
0.999999907838129
0.9999999839169359
0.9999999839169359
0.9999999603088828
0.9999999714479071
0.999999820682562
0.9999996315318955
0.9999997485079479
0.9999999305803178
1.000000032524309
0.9999999297827687
0.9999998389452739
1.0000001652081638
1.0000004791483967
1.0000006785112743
1.000000675098454
1.0000004997508425
1.0000003155156123
1.0000000407975587
0.9999998167984819
0.9999996570280818
0.9999995128292115
0.9999994617676005
0.999999418426463
0.9999994796307574
0.99999951627898
0.9999996068146476
0.9999997319454369
0.9999996068146476
0.9999995162789801
0.9999994796307576
0.9999994184264626
0.9999994617676002
0.999999512829211
0.9999996570280812
0.999999816798481
1.0000000407975582
1.0000003155156116
1.000000499750841
1.0000006750984536
1.0000006785112734
1.0000004791483952
1.0000001652081631
0.9999998389452732
0.9999999297827679
1.0000000325243084
0.999999930580317
0.9999997485079475
0.9999996315318949
0.9999998206825618
0.9999999714479065
0.9999999603088827
0.9999999839169359
0.9999999839169359
0.9999999082915609
0.999999952307404
0.9999997610170143
0.9999996304271735
0.9999998437818758
1.0000000257654076
0.999999997660136
0.9999998597933022
0.9999998575171105
1.0000001301099433
1.0000003841448377
1.0000004502243203
1.000000348876564
1.0000001721834115
1.0000000407975587
0.9999999952644489
0.9999997901648723
0.9999996722801315
0.9999996956971077
0.9999996368652017
0.9999996153435905
0.9999996396565948
0.9999997520239458
0.9999998303360027
0.9999997933740952
0.9999998303360026
0.999999752023946
0.9999996396565944
0.9999996153435899
0.9999996368652009
0.9999996956971073
0.9999996722801306
0.9999997901648714
0.999999995264448
1.000000040797558
1.0000001721834106
1.0000003488765628
1.000000450224319
1.000000384144837
1.0000001301099422
0.9999998575171094
0.9999998597933016
0.999999997660135
1.0000000257654071
0.9999998437818746
0.999999630427173
0.9999997610170137
0.9999999523074038
0.9999999082915604
0.9999999839169359
0.9999999839169359
1.0000000080772131
0.9999998387211257
0.9999996990675233
0.999999664301051
0.9999998541245054
1.0000000388648043
0.9999999717168466
0.9999998261662779
0.9999998299728069
1.0000000858670057
1.000000266892032
1.0000002167138569
1.0000000499541561
0.9999999240511175
0.9999998167984822
0.9999997901648724
0.9999998534193616
0.9999998849937699
0.9999998930655339
0.9999999412133563
0.9999999338640287
0.9999999472045695
1.0000000268904834
1.000000078324548
1.0000000849349437
1.0000000783245484
1.0000000268904832
0.9999999472045692
0.9999999338640284
0.9999999412133557
0.9999998930655329
0.999999884993769
0.9999998534193607
0.9999997901648713
0.9999998167984808
0.9999999240511162
1.0000000499541553
1.0000002167138557
1.000000266892031
1.0000000858670046
0.9999998299728059
0.9999998261662773
0.9999999717168457
1.0000000388648036
0.999999854124505
0.9999996643010504
0.9999996990675232
0.9999998387211252
1.000000008077213
0.9999999839169359
0.9999999839169359
0.9999999641367816
0.9999998062236231
0.9999996697255428
0.9999997533787546
0.9999998914916919
0.9999999437422207
0.9999999226407321
0.9999998464271416
0.9999999412236112
1.0000000843661536
1.000000058549144
1.000000015995654
0.9999998559285427
0.9999997336316087
0.9999996570280818
0.9999996722801316
0.9999998849937699
1.0000000685343384
1.000000166857171
1.0000002485506807
1.000000280102971
1.0000003003061333
1.0000002560869734
1.0000002868345848
1.0000003611509967
1.000000286834584
1.000000256086973
1.0000003003061335
1.0000002801029702
1.00000024855068
1.0000001668571707
1.0000000685343373
0.9999998849937687
0.99999967228013
0.9999996570280808
0.9999997336316075
0.9999998559285413
1.0000000159956521
1.0000000585491426
1.000000084366152
0.9999999412236104
0.9999998464271402
0.9999999226407309
0.9999999437422196
0.9999998914916909
0.9999997533787541
0.9999996697255424
0.999999806223623
0.9999999641367818
0.9999999839169359
0.9999999839169359
1.0000000316121358
0.9999997895987808
0.9999997161820773
0.9999998439054203
0.9999998952343144
0.9999998956295941
0.9999999533625329
0.9999999574409919
0.9999999882946758
1.0000001098768805
0.9999999768792799
0.9999998041821158
0.9999997130703613
0.9999995472639303
0.9999995128292113
0.9999996956971079
0.9999998930655339
1.0000001668571714
1.0000003772145796
1.0000004848147448
1.000000540272823
1.0000004677325631
1.0000004282167456
1.0000004077585585
1.0000003535727524
1.000000407758559
1.0000004282167452
1.0000004677325622
1.0000005402728227
1.0000004848147441
1.000000377214579
1.0000001668571703
0.9999998930655327
0.9999996956971067
0.9999995128292102
0.9999995472639291
0.99999971307036
0.9999998041821146
0.9999999768792788
1.0000001098768794
0.9999999882946745
0.9999999574409918
0.999999953362532
0.9999998956295937
0.9999998952343134
0.9999998439054198
0.999999716182077
0.9999997895987807
1.0000000316121356
0.9999999839169359
0.9999999839169359
0.9999999535268778
0.9999999355599501
0.9999998744780504
0.9999999087174486
0.9999999484739813
0.9999999027610872
1.0000000322389877
1.0000001440299844
1.0000000841028875
1.0000000577644068
0.9999999600620583
0.9999997666754727
0.9999995227190264
0.9999994212801577
0.9999994617676007
0.9999996368652018
0.9999999412133563
1.0000002485506811
1.0000004848147444
1.0000005953532267
1.0000005636368836
1.0000005091746906
1.0000004075281244
1.000000300688703
1.0000002677512754
1.0000003006887026
1.0000004075281244
1.00000050917469
1.0000005636368825
1.000000595353226
1.000000484814744
1.00000024855068
0.9999999412133552
0.9999996368652001
0.9999994617675992
0.9999994212801561
0.9999995227190251
0.9999997666754713
0.999999960062057
1.0000000577644053
1.0000000841028867
1.0000001440299833
1.0000000322389864
0.9999999027610866
0.9999999484739807
0.999999908717448
0.9999998744780502
0.9999999355599498
0.999999953526878
0.9999999839169359
0.9999999839169359
1.0000000411617558
1.000000050819635
1.000000069355804
1.0000000002589047
0.9999999507983773
1.0000000200151202
1.0000001376581522
1.0000001975424462
1.00000017651303
1.000000145925237
0.9999999853508147
0.999999712244203
0.9999994655570997
0.9999993869603271
0.9999994184264628
0.99999961534359
0.9999999338640286
1.0000002801029708
1.000000540272823
1.0000005636368834
1.000000450053681
1.0000003436968647
1.000000181484192
1.0000000662824169
1.0000000489942404
1.000000066282417
1.000000181484192
1.0000003436968643
1.0000004500536808
1.0000005636368827
1.0000005402728218
1.0000002801029697
0.9999999338640276
0.9999996153435892
0.9999994184264615
0.9999993869603254
0.9999994655570982
0.9999997122442023
0.999999985350813
1.0000001459252363
1.0000001765130286
1.0000001975424457
1.0000001376581513
1.0000000200151193
0.9999999507983766
1.0000000002589045
1.0000000693558035
1.0000000508196345
1.0000000411617556
0.9999999839169359
0.9999999839169359
1.0000000264809608
1.0000002155482342
1.0000002050636059
1.0000000099009254
0.999999961345671
1.0000000631360448
1.000000203913555
1.0000002298586521
1.000000244301927
1.000000292909487
1.0000000908767694
0.9999997891870984
0.9999995150521979
0.9999994088552775
0.9999994796307573
0.9999996396565942
0.9999999472045694
1.000000300306133
1.000000467732563
1.0000005091746906
1.000000343696865
1.0000000293701428
0.9999998805165011
0.9999998012635994
0.9999997217642457
0.9999998012635989
0.9999998805165008
1.0000000293701414
1.000000343696864
1.00000050917469
1.000000467732562
1.0000003003061324
0.9999999472045681
0.9999996396565936
0.9999994796307562
0.9999994088552758
0.9999995150521965
0.9999997891870974
1.000000090876768
1.0000002929094858
1.000000244301926
1.000000229858651
1.000000203913554
1.000000063136044
0.9999999613456704
1.000000009900925
1.0000002050636054
1.000000215548234
1.0000000264809608
0.9999999839169359
0.9999999839169359
1.0000001666499923
1.0000002077631385
1.0000001851713458
1.000000022828185
0.9999998992123751
1.0000000172839199
1.0000001706258843
1.0000002249557083
1.0000003488275502
1.0000004341038597
1.000000224451866
0.9999999547855408
0.9999997001218635
0.9999995128382287
0.9999995162789795
0.9999997520239458
1.0000000268904827
1.000000256086973
1.000000428216745
1.0000004075281248
1.0000001814841917
0.9999998805165006
0.99999958844971
0.9999994747476785
0.9999994856736266
0.9999994747476781
0.99999958844971
0.9999998805165007
1.0000001814841917
1.0000004075281235
1.0000004282167443
1.0000002560869723
1.000000026890482
0.9999997520239446
0.9999995162789784
0.9999995128382276
0.9999997001218625
0.9999999547855395
1.0000002244518646
1.0000004341038589
1.000000348827549
1.0000002249557076
1.0000001706258836
1.0000000172839183
0.9999998992123743
1.0000000228281842
1.0000001851713454
1.0000002077631385
1.0000001666499925
0.9999999839169359
0.9999999839169359
1.0000001662294309
1.000000254367891
1.000000126797489
0.9999999661548016
0.9999999013634796
0.9999998987341427
1.000000085997336
1.0000002652993636
1.0000003730326177
1.0000005304487884
1.0000004087528573
1.0000001171823216
0.9999998613695358
0.9999996485852675
0.9999996068146473
0.9999998303360019
1.000000078324548
1.0000002868345843
1.000000407758559
1.0000003006887026
1.000000066282417
0.9999998012635994
0.9999994747476783
0.9999992601624013
0.9999992130523958
0.9999992601624008
0.9999994747476777
0.9999998012635987
1.0000000662824164
1.0000003006887022
1.0000004077585576
1.000000286834583
1.000000078324547
0.9999998303360009
0.9999996068146464
0.9999996485852665
0.999999861369535
1.0000001171823205
1.0000004087528567
1.0000005304487876
1.0000003730326172
1.0000002652993623
1.0000000859973353
0.9999998987341416
0.9999999013634793
0.9999999661548011
1.000000126797489
1.0000002543678905
1.0000001662294304
0.9999999839169359
0.9999999839169359
1.0000002644725225
1.0000002023606462
1.000000083071022
0.9999999949956536
0.9999998739730539
0.9999998497902436
1.0000000326048113
1.0000002742088885
1.000000417939868
1.0000005001830177
1.0000004894760777
1.000000265256684
0.9999998445438941
0.9999996964547718
0.999999731945436
0.999999793374094
1.0000000849349433
1.000000361150996
1.0000003535727522
1.0000002677512747
1.0000000489942402
0.9999997217642459
0.9999994856736264
0.999999213052396
0.9999990254915662
0.9999992130523954
0.9999994856736264
0.9999997217642455
1.0000000489942393
1.000000267751274
1.0000003535727509
1.0000003611509956
1.0000000849349422
0.9999997933740935
0.999999731945435
0.9999996964547712
0.999999844543893
1.0000002652566837
1.0000004894760766
1.0000005001830166
1.0000004179398676
1.0000002742088876
1.0000000326048113
0.9999998497902427
0.9999998739730539
0.9999999949956534
1.0000000830710216
1.0000002023606462
1.0000002644725228
0.9999999839169359
0.9999999839169359
1.0000001662294302
1.000000254367891
1.0000001267974885
0.9999999661548015
0.9999999013634794
0.999999898734142
1.0000000859973357
1.0000002652993631
1.0000003730326177
1.0000005304487878
1.0000004087528573
1.000000117182321
0.9999998613695354
0.9999996485852676
0.9999996068146465
0.9999998303360018
1.0000000783245473
1.0000002868345836
1.0000004077585583
1.0000003006887024
1.0000000662824164
0.9999998012635986
0.9999994747476778
0.9999992601624004
0.9999992130523955
0.9999992601624007
0.9999994747476777
0.9999998012635984
1.0000000662824158
1.0000003006887022
1.0000004077585576
1.000000286834583
1.0000000783245464
0.999999830336001
0.9999996068146463
0.9999996485852666
0.999999861369535
1.0000001171823205
1.0000004087528565
1.0000005304487873
1.0000003730326168
1.0000002652993625
1.0000000859973346
0.9999998987341419
0.9999999013634787
0.9999999661548011
1.0000001267974885
1.000000254367891
1.0000001662294304
0.9999999839169359
0.9999999839169359
1.0000001666499916
1.0000002077631387
1.0000001851713456
1.000000022828184
0.9999998992123745
1.0000000172839187
1.0000001706258834
1.0000002249557076
1.0000003488275497
1.0000004341038589
1.0000002244518653
0.9999999547855403
0.9999997001218626
0.9999995128382279
0.9999995162789788
0.9999997520239448
1.0000000268904823
1.0000002560869725
1.0000004282167443
1.000000407528123
1.000000181484191
0.9999998805165005
0.999999588449709
0.9999994747476776
0.9999994856736256
0.9999994747476774
0.999999588449709
0.9999998805165
1.000000181484191
1.0000004075281226
1.0000004282167436
1.0000002560869716
1.0000000268904814
0.9999997520239441
0.9999995162789782
0.9999995128382276
0.999999700121862
0.9999999547855393
1.0000002244518649
1.000000434103858
1.0000003488275486
1.000000224955707
1.0000001706258832
1.0000000172839187
0.9999998992123746
1.0000000228281845
1.0000001851713456
1.0000002077631385
1.0000001666499923
0.9999999839169359
0.9999999839169359
1.0000000264809605
1.000000215548234
1.0000002050636054
1.0000000099009247
0.9999999613456708
1.0000000631360437
1.0000002039135536
1.000000229858651
1.0000002443019265
1.000000292909486
1.0000000908767694
0.9999997891870975
0.999999515052197
0.9999994088552764
0.9999994796307564
0.9999996396565938
0.9999999472045679
1.0000003003061322
1.0000004677325611
1.0000005091746895
1.000000343696863
1.000000029370141
0.9999998805164997
0.9999998012635981
0.9999997217642451
0.999999801263598
0.9999998805164997
1.0000000293701412
1.0000003436968634
1.0000005091746893
1.000000467732561
1.000000300306131
0.9999999472045676
0.9999996396565927
0.9999994796307557
0.999999408855276
0.9999995150521964
0.9999997891870971
1.0000000908767686
1.0000002929094858
1.0000002443019254
1.0000002298586508
1.0000002039135532
1.0000000631360435
0.99999996134567
1.000000009900925
1.0000002050636057
1.0000002155482344
1.0000000264809605
0.9999999839169359
0.9999999839169359
1.000000041161756
1.0000000508196343
1.0000000693558038
1.000000000258904
0.9999999507983764
1.0000000200151196
1.0000001376581513
1.000000197542445
1.0000001765130286
1.0000001459252363
0.9999999853508132
0.9999997122442023
0.9999994655570986
0.9999993869603256
0.9999994184264613
0.9999996153435889
0.9999999338640272
1.0000002801029693
1.0000005402728211
1.0000005636368816
1.0000004500536794
1.0000003436968636
1.0000001814841903
1.0000000662824158
1.000000048994239
1.000000066282416
1.0000001814841908
1.0000003436968632
1.0000004500536794
1.0000005636368814
1.000000540272821
1.0000002801029695
0.9999999338640267
0.9999996153435885
0.9999994184264609
0.9999993869603249
0.9999994655570978
0.999999712244201
0.9999999853508125
1.0000001459252355
1.0000001765130286
1.0000001975424444
1.0000001376581515
1.000000020015119
0.9999999507983766
1.000000000258904
1.0000000693558038
1.0000000508196343
1.000000041161756
0.9999999839169359
0.9999999839169359
0.9999999535268776
0.9999999355599499
0.99999987447805
0.9999999087174475
0.9999999484739807
0.999999902761086
1.0000000322389864
1.0000001440299833
1.0000000841028867
1.0000000577644057
0.9999999600620572
0.9999997666754714
0.9999995227190246
0.9999994212801561
0.999999461767599
0.9999996368651999
0.9999999412133547
1.0000002485506787
1.0000004848147426
1.0000005953532247
1.0000005636368812
1.0000005091746886
1.0000004075281226
1.0000003006887013
1.0000002677512734
1.0000003006887015
1.0000004075281226
1.0000005091746893
1.0000005636368814
1.0000005953532245
1.0000004848147428
1.0000002485506785
0.9999999412133541
0.9999996368651992
0.9999994617675985
0.9999994212801552
0.9999995227190243
0.9999997666754707
0.9999999600620564
1.0000000577644048
1.0000000841028855
1.0000001440299826
1.0000000322389861
0.999999902761086
0.9999999484739801
0.9999999087174474
0.9999998744780499
0.9999999355599499
0.9999999535268775
0.9999999839169359
0.9999999839169359
1.0000000316121356
0.9999997895987801
0.9999997161820767
0.9999998439054196
0.9999998952343138
0.9999998956295931
0.9999999533625317
0.9999999574409913
0.9999999882946741
1.0000001098768792
0.9999999768792789
0.9999998041821145
0.9999997130703595
0.9999995472639287
0.9999995128292098
0.9999996956971061
0.9999998930655319
1.0000001668571692
1.0000003772145776
1.0000004848147424
1.0000005402728211
1.0000004677325605
1.0000004282167434
1.000000407758557
1.000000353572751
1.000000407758557
1.0000004282167443
1.000000467732561
1.000000540272821
1.000000484814742
1.0000003772145776
1.0000001668571687
0.9999998930655317
0.9999996956971057
0.999999512829209
0.9999995472639283
0.9999997130703587
0.999999804182114
0.9999999768792778
1.0000001098768785
0.9999999882946734
0.9999999574409907
0.9999999533625312
0.9999998956295926
0.999999895234313
0.9999998439054196
0.9999997161820765
0.9999997895987806
1.0000000316121358
0.9999999839169359
0.9999999839169359
0.9999999641367815
0.999999806223623
0.9999996697255421
0.999999753378754
0.9999998914916911
0.9999999437422195
0.9999999226407307
0.99999984642714
0.9999999412236102
1.0000000843661516
1.0000000585491422
1.0000000159956517
0.9999998559285409
0.9999997336316067
0.9999996570280802
0.9999996722801294
0.999999884993768
1.000000068534336
1.0000001668571692
1.0000002485506783
1.000000280102968
1.0000003003061309
1.000000256086971
1.0000002868345825
1.0000003611509942
1.0000002868345825
1.0000002560869714
1.0000003003061313
1.0000002801029688
1.0000002485506787
1.0000001668571687
1.0000000685343364
0.9999998849937672
0.9999996722801291
0.9999996570280791
0.999999733631606
0.99999985592854
1.0000000159956512
1.0000000585491413
1.000000084366151
0.9999999412236092
0.9999998464271395
0.99999992264073
0.9999999437422191
0.9999998914916902
0.9999997533787537
0.9999996697255423
0.9999998062236231
0.9999999641367816
0.9999999839169359
0.9999999839169359
1.0000000080772122
0.9999998387211252
0.999999699067523
0.9999996643010504
0.9999998541245047
1.0000000388648036
0.9999999717168453
0.9999998261662767
0.9999998299728049
1.0000000858670046
1.0000002668920305
1.0000002167138555
1.0000000499541544
0.9999999240511156
0.9999998167984802
0.9999997901648704
0.9999998534193595
0.9999998849937677
0.9999998930655315
0.9999999412133538
0.9999999338640264
0.9999999472045666
1.0000000268904807
1.0000000783245462
1.000000084934942
1.0000000783245464
1.0000000268904812
0.9999999472045674
0.9999999338640265
0.9999999412133538
0.999999893065531
0.9999998849937675
0.9999998534193588
0.9999997901648695
0.999999816798479
0.9999999240511149
1.0000000499541537
1.0000002167138546
1.0000002668920291
1.0000000858670035
0.9999998299728041
0.999999826166276
0.9999999717168447
1.0000000388648027
0.9999998541245042
0.99999966430105
0.999999699067523
0.9999998387211252
1.0000000080772127
0.9999999839169359
0.9999999839169359
0.9999999082915602
0.9999999523074036
0.9999997610170136
0.999999630427173
0.9999998437818746
1.0000000257654067
0.9999999976601347
0.9999998597933009
0.999999857517109
1.0000001301099413
1.0000003841448362
1.0000004502243183
1.000000348876562
1.0000001721834098
1.000000040797557
0.9999999952644469
0.9999997901648701
0.9999996722801288
0.9999996956971056
0.999999636865199
0.9999996153435883
0.9999996396565923
0.9999997520239433
0.9999998303360003
0.9999997933740918
0.999999830336
0.9999997520239434
0.9999996396565929
0.9999996153435883
0.9999996368651987
0.9999996956971053
0.9999996722801282
0.9999997901648696
0.9999999952644463
1.0000000407975562
1.0000001721834089
1.0000003488765614
1.0000004502243172
1.0000003841448355
1.0000001301099406
0.9999998575171083
0.9999998597933004
0.9999999976601338
1.0000000257654063
0.9999998437818743
0.9999996304271724
0.9999997610170134
0.9999999523074037
0.9999999082915605
0.9999999839169359
0.9999999839169359
0.9999999603088823
0.9999999714479064
0.9999998206825614
0.9999996315318951
0.9999997485079467
0.9999999305803168
1.0000000325243075
0.9999999297827674
0.999999838945272
1.0000001652081625
1.0000004791483943
1.0000006785112727
1.000000675098452
1.00000049975084
1.00000031551561
1.0000000407975564
0.9999998167984797
0.9999996570280791
0.9999995128292088
0.9999994617675978
0.9999994184264599
0.9999994796307552
0.9999995162789774
0.9999996068146452
0.9999997319454345
0.9999996068146455
0.9999995162789778
0.9999994796307553
0.9999994184264605
0.9999994617675979
0.9999995128292086
0.9999996570280789
0.9999998167984787
1.0000000407975562
1.0000003155156096
1.0000004997508394
1.0000006750984516
1.0000006785112716
1.0000004791483934
1.0000001652081616
0.9999998389452717
0.9999999297827665
1.000000032524307
0.999999930580316
0.9999997485079464
0.9999996315318943
0.9999998206825612
0.9999999714479061
0.9999999603088824
0.9999999839169359
0.9999999839169359
0.9999999078381288
0.9999999456613816
0.9999998484778281
0.9999997151418191
0.9999996760993543
0.9999998482134344
0.9999999644184069
0.9999998043951009
0.9999998772057435
1.0000002174653961
1.0000005313302025
1.0000008055417964
1.0000008694663138
1.000000773584411
1.0000004997508403
1.0000001721834098
0.9999999240511148
0.9999997336316059
0.9999995472639277
0.9999994212801547
0.9999993869603244
0.9999994088552748
0.9999995128382267
0.9999996485852654
0.9999996964547698
0.9999996485852654
0.9999995128382265
0.9999994088552753
0.9999993869603245
0.9999994212801548
0.9999995472639279
0.9999997336316059
0.9999999240511147
1.0000001721834089
1.0000004997508392
1.0000007735844105
1.000000869466313
1.0000008055417953
1.000000531330202
1.0000002174653948
0.9999998772057433
0.9999998043951005
0.9999999644184066
0.9999998482134339
0.9999996760993537
0.9999997151418187
0.9999998484778279
0.9999999456613821
0.9999999078381291
0.9999999839169359
0.9999999839169359
1.0000000042456403
0.9999998803841645
0.9999999268031629
0.999999795100844
0.9999996192766599
0.9999997059327895
0.9999998099968441
0.9999997654752099
0.9999997990691285
1.0000001059730033
1.000000452191706
1.000000696658854
1.0000008145190185
1.000000869466314
1.0000006750984525
1.0000003488765616
1.0000000499541541
0.9999998559285399
0.9999997130703585
0.9999995227190235
0.9999994655570973
0.9999995150521953
0.9999997001218609
0.9999998613695338
0.9999998445438922
0.9999998613695339
0.9999997001218611
0.9999995150521953
0.9999994655570974
0.9999995227190239
0.9999997130703588
0.9999998559285402
1.0000000499541535
1.000000348876561
1.0000006750984516
1.0000008694663132
1.0000008145190176
1.000000696658853
1.0000004521917045
1.0000001059730026
0.9999997990691276
0.9999997654752095
0.9999998099968439
0.9999997059327889
0.9999996192766601
0.9999997951008437
0.9999999268031629
0.9999998803841642
1.0000000042456405
0.9999999839169359
0.9999999839169359
0.9999999525801202
0.9999998545352503
0.9999999494278735
0.9999999149034711
0.9999997027208107
0.9999997321276572
0.9999997489206173
0.9999996005670521
0.9999995429802565
0.9999998217720313
1.000000167713915
1.0000004109344687
1.000000696658854
1.0000008055417964
1.0000006785112723
1.0000004502243174
1.0000002167138546
1.0000000159956508
0.9999998041821136
0.99999976667547
0.9999997122442006
0.9999997891870963
0.9999999547855382
1.0000001171823196
1.0000002652566826
1.0000001171823196
0.9999999547855388
0.999999789187097
0.9999997122442011
0.9999997666754707
0.9999998041821138
1.0000000159956508
1.0000002167138544
1.0000004502243172
1.0000006785112714
1.0000008055417955
1.0000006966588524
1.0000004109344676
1.0000001677139139
0.9999998217720307
0.9999995429802556
0.9999996005670515
0.9999997489206169
0.9999997321276567
0.9999997027208103
0.999999914903471
0.9999999494278734
0.9999998545352505
0.9999999525801204
0.9999999839169359
0.9999999839169359
1.0000000065880101
0.9999999397593118
1.000000065190397
1.000000090117129
0.9999999359212891
0.9999996925505756
0.9999996623373969
0.9999995078989257
0.99999929319067
0.999999504797285
0.9999997743596496
1.000000167713915
1.0000004521917059
1.0000005313302025
1.0000004791483947
1.0000003841448357
1.0000002668920298
1.000000058549141
0.9999999768792776
0.9999999600620559
0.9999999853508119
1.0000000908767672
1.000000224451864
1.000000408752856
1.0000004894760757
1.0000004087528558
1.000000224451864
1.0000000908767677
0.9999999853508125
0.9999999600620559
0.9999999768792776
1.0000000585491413
1.0000002668920294
1.0000003841448353
1.0000004791483939
1.0000005313302018
1.0000004521917047
1.000000167713914
0.9999997743596486
0.999999504797284
0.9999992931906694
0.9999995078989252
0.9999996623373969
0.9999996925505759
0.9999999359212888
1.000000090117129
1.000000065190397
0.9999999397593126
1.00000000658801
0.9999999839169359
0.9999999839169359
0.9999999212726347
1.0000000144190966
1.0000000407185676
1.0000002210033478
1.00000010884012
0.9999998909264998
0.9999999122421112
0.9999996779951832
0.9999993658182722
0.9999993424893979
0.9999995047972844
0.9999998217720312
1.000000105973003
1.0000002174653957
1.000000165208162
1.0000001301099408
1.0000000858670035
1.0000000843661507
1.000000109876878
1.0000000577644041
1.0000001459252352
1.0000002929094851
1.0000004341038577
1.0000005304487867
1.000000500183016
1.0000005304487867
1.000000434103858
1.000000292909485
1.0000001459252352
1.0000000577644044
1.000000109876878
1.000000084366151
1.0000000858670035
1.00000013010994
1.0000001652081614
1.0000002174653948
1.0000001059730024
0.9999998217720303
0.9999995047972842
0.9999993424893971
0.9999993658182722
0.9999996779951829
0.9999999122421112
0.9999998909264997
1.0000001088401205
1.0000002210033476
1.000000040718568
1.0000000144190968
0.9999999212726348
0.9999999839169359
0.9999999839169359
0.9999999138990819
1.0000000339574826
1.0000001163070003
1.0000004197440617
1.000000533960257
1.0000003007256333
1.0000002982339953
1.000000120635505
0.9999997086755091
0.9999993658182721
0.9999992931906703
0.9999995429802565
0.9999997990691281
0.9999998772057439
0.9999998389452719
0.9999998575171086
0.9999998299728043
0.9999999412236097
0.999999988294673
1.0000000841028853
1.0000001765130277
1.0000002443019245
1.0000003488275484
1.0000003730326161
1.0000004179398667
1.0000003730326164
1.0000003488275486
1.0000002443019256
1.000000176513028
1.0000000841028858
0.9999999882946732
0.9999999412236089
0.9999998299728041
0.9999998575171084
0.9999998389452713
0.9999998772057431
0.9999997990691277
0.9999995429802562
0.9999992931906696
0.9999993658182721
0.9999997086755089
1.000000120635505
1.0000002982339953
1.0000003007256335
1.0000005339602565
1.0000004197440617
1.000000116307
1.0000000339574826
0.9999999138990824
0.9999999839169359
0.9999999839169359
0.9999998354203291
0.9999998834281697
0.9999999463508842
1.000000218597517
1.0000004031409646
1.0000004124867834
1.0000004815110297
1.000000557627739
1.0000001206355047
0.9999996779951832
0.9999995078989252
0.9999996005670517
0.9999997654752096
0.9999998043951004
0.999999929782767
0.9999998597933001
0.999999826166276
0.9999998464271392
0.9999999574409905
1.0000001440299822
1.000000197542444
1.0000002298586508
1.0000002249557063
1.0000002652993623
1.0000002742088874
1.000000265299362
1.000000224955707
1.0000002298586506
1.0000001975424448
1.0000001440299828
0.9999999574409905
0.9999998464271396
0.9999998261662759
0.9999998597932999
0.9999999297827665
0.9999998043951
0.9999997654752095
0.9999996005670516
0.9999995078989253
0.9999996779951829
1.000000120635505
1.000000557627739
1.0000004815110295
1.0000004124867836
1.0000004031409646
1.000000218597517
0.9999999463508842
0.99999988342817
0.9999998354203292
0.9999999839169359
0.9999999839169359
1.0000000288980262
0.9999999919150752
1.0000000359881074
0.9999999359317864
1.0000001309796502
1.0000000528810977
1.0000001675808727
1.00000048151103
1.0000002982339953
0.9999999122421115
0.9999996623373972
0.9999997489206175
0.9999998099968438
0.9999999644184071
1.0000000325243077
0.9999999976601341
0.9999999717168445
0.9999999226407303
0.999999953362531
1.0000000322389861
1.0000001376581507
1.0000002039135527
1.0000001706258828
1.0000000859973344
1.0000000326048106
1.0000000859973346
1.0000001706258832
1.0000002039135532
1.000000137658151
1.000000032238986
0.9999999533625311
0.9999999226407301
0.9999999717168446
0.9999999976601345
1.0000000325243072
0.9999999644184066
0.9999998099968436
0.999999748920617
0.999999662337397
0.9999999122421114
1.0000002982339953
1.0000004815110297
1.0000001675808725
1.000000052881098
1.0000001309796505
0.9999999359317864
1.0000000359881074
0.9999999919150756
1.000000028898026
0.9999999839169359
0.9999999839169359
0.9999999345962272
0.999999976861707
1.0000003135829414
1.0000003203875671
1.000000329800068
1.0000001268230438
1.0000000528810982
1.0000004124867834
1.0000003007256335
0.9999998909264995
0.9999996925505759
0.9999997321276567
0.9999997059327893
0.999999848213434
0.9999999305803161
1.0000000257654063
1.0000000388648025
0.999999943742219
0.9999998956295924
0.9999999027610854
1.0000000200151185
1.000000063136043
1.000000017283918
0.9999998987341415
0.9999998497902429
0.9999998987341416
1.0000000172839183
1.0000000631360435
1.000000020015119
0.9999999027610855
0.9999998956295926
0.9999999437422191
1.0000000388648027
1.0000000257654063
0.9999999305803156
0.9999998482134341
0.9999997059327888
0.9999997321276571
0.9999996925505756
0.9999998909265001
1.000000300725633
1.0000004124867836
1.0000000528810984
1.0000001268230445
1.0000003298000677
1.0000003203875676
1.0000003135829412
0.9999999768617073
0.9999999345962274
0.9999999839169359
0.9999999839169359
1.0000000975111492
0.9999999873684875
1.000000041871258
1.0000001529027045
1.0000004028377063
1.0000003298000681
1.0000001309796502
1.0000004031409655
1.000000533960257
1.0000001088401205
0.9999999359212889
0.9999997027208112
0.9999996192766598
0.9999996760993543
0.9999997485079466
0.9999998437818741
0.9999998541245043
0.9999998914916902
0.999999895234313
0.9999999484739798
0.9999999507983761
0.9999999613456697
0.9999998992123738
0.999999901363479
0.9999998739730532
0.9999999013634787
0.9999998992123742
0.9999999613456704
0.9999999507983761
0.9999999484739802
0.9999998952343128
0.9999998914916903
0.9999998541245041
0.999999843781874
0.9999997485079464
0.9999996760993539
0.9999996192766596
0.9999997027208104
0.9999999359212887
1.0000001088401205
1.0000005339602562
1.000000403140965
1.0000001309796502
1.000000329800068
1.000000402837706
1.0000001529027047
1.0000000418712578
0.999999987368488
1.0000000975111492
0.9999999839169359
0.9999999839169359
1.0000000420362376
1.0000002316688203
1.0000002498660434
1.0000002113411026
1.0000001529027043
1.0000003203875676
0.9999999359317868
1.0000002185975174
1.0000004197440622
1.000000221003348
1.000000090117129
0.9999999149034707
0.9999997951008441
0.9999997151418187
0.9999996315318941
0.9999996304271723
0.9999996643010497
0.9999997533787537
0.9999998439054193
0.9999999087174469
1.000000000258904
1.0000000099009245
1.0000000228281838
0.999999966154801
0.9999999949956533
0.999999966154801
1.0000000228281845
1.000000009900925
1.000000000258904
0.9999999087174473
0.9999998439054194
0.9999997533787537
0.9999996643010494
0.9999996304271728
0.9999996315318939
0.9999997151418188
0.9999997951008438
0.9999999149034704
1.000000090117129
1.0000002210033478
1.0000004197440617
1.0000002185975174
0.9999999359317866
1.0000003203875678
1.000000152902704
1.0000002113411028
1.0000002498660439
1.0000002316688203
1.0000000420362387
0.9999999839169359
0.9999999839169359
1.0000001779834589
1.0000001909512282
1.0000001831389873
1.0000002498660439
1.0000000418712582
1.000000313582942
1.0000000359881078
0.9999999463508844
1.0000001163070003
1.0000000407185683
1.0000000651903973
0.9999999494278738
0.9999999268031627
0.9999998484778279
0.9999998206825614
0.9999997610170134
0.9999996990675228
0.9999996697255419
0.9999997161820764
0.9999998744780498
1.0000000693558035
1.000000205063605
1.000000185171345
1.0000001267974885
1.0000000830710212
1.0000001267974887
1.000000185171345
1.0000002050636057
1.0000000693558035
0.9999998744780499
0.9999997161820768
0.9999996697255421
0.9999996990675227
0.9999997610170137
0.9999998206825613
0.9999998484778282
0.9999999268031626
0.9999999494278742
1.0000000651903973
1.000000040718568
1.000000116307
0.9999999463508843
1.0000000359881076
1.0000003135829416
1.0000000418712582
1.0000002498660436
1.0000001831389869
1.0000001909512277
1.0000001779834593
0.9999999839169359
0.9999999839169359
1.0000001191422387
1.0000003267815107
1.000000190951228
1.0000002316688206
0.9999999873684878
0.9999999768617075
0.9999999919150759
0.9999998834281703
1.0000000339574828
1.0000000144190975
0.9999999397593123
0.9999998545352506
0.999999880384165
0.9999999456613814
0.9999999714479068
0.9999999523074037
0.9999998387211249
0.9999998062236227
0.9999997895987802
0.9999999355599496
1.0000000508196345
1.000000215548234
1.0000002077631385
1.0000002543678905
1.0000002023606462
1.0000002543678908
1.0000002077631387
1.000000215548234
1.0000000508196343
0.9999999355599499
0.9999997895987802
0.9999998062236226
0.9999998387211255
0.9999999523074036
0.9999999714479064
0.9999999456613818
0.9999998803841647
0.9999998545352509
0.9999999397593122
1.0000000144190972
1.000000033957483
0.9999998834281699
0.9999999919150757
0.9999999768617072
0.9999999873684879
1.0000002316688206
1.000000190951228
1.0000003267815103
1.0000001191422385
0.9999999839169359
0.9999999839169359
1.0000001158174134
1.0000001191422385
1.0000001779834593
1.000000042036238
1.0000000975111496
0.999999934596227
1.000000028898026
0.9999998354203294
0.9999999138990825
0.9999999212726347
1.0000000065880104
0.9999999525801204
1.0000000042456405
0.9999999078381291
0.9999999603088826
0.9999999082915603
1.0000000080772131
0.9999999641367817
1.0000000316121354
0.9999999535268779
1.0000000411617553
1.0000000264809608
1.000000166649992
1.0000001662294304
1.0000002644725225
1.0000001662294302
1.000000166649992
1.0000000264809608
1.0000000411617558
0.9999999535268781
1.0000000316121356
0.999999964136782
1.0000000080772127
0.9999999082915604
0.9999999603088827
0.999999907838129
1.0000000042456407
0.9999999525801206
1.0000000065880104
0.9999999212726348
0.9999999138990823
0.999999835420329
1.0000000288980262
0.9999999345962269
1.0000000975111496
1.0000000420362378
1.000000177983459
1.0000001191422385
1.0000001158174137
0.9999999839169359
0.9999999839169359
0.9999999839169359
0.9999999839169359
0.9999999839169359
0.9999999839169359
0.9999999839169359
0.9999999839169359
0.9999999839169359
0.9999999839169359
0.9999999839169359
0.9999999839169359
0.9999999839169359
0.9999999839169359
0.9999999839169359
0.9999999839169359
0.9999999839169359
0.9999999839169359
0.9999999839169359
0.9999999839169359
0.9999999839169359
0.9999999839169359
0.9999999839169359
0.9999999839169359
0.9999999839169359
0.9999999839169359
0.9999999839169359
0.9999999839169359
0.9999999839169359
0.9999999839169359
0.9999999839169359
0.9999999839169359
0.9999999839169359
0.9999999839169359
0.9999999839169359
0.9999999839169359
0.9999999839169359
0.9999999839169359
0.9999999839169359
0.9999999839169359
0.9999999839169359
0.9999999839169359
0.9999999839169359
0.9999999839169359
0.9999999839169359
0.9999999839169359
0.9999999839169359
0.9999999839169359
0.9999999839169359
0.9999999839169359
0.9999999839169359
0.9999999839169359
