1.0
1.0
1.0
1.0
1.0
1.0
1.0
1.0
1.0
1.0
1.0
1.0
1.0
1.0
1.0
1.0
1.0
1.0
1.0
1.0
1.0
1.0
1.0
1.0
1.0
1.0
1.0
1.0
1.0
1.0
1.0
1.0
1.0
1.0
1.0
1.0
1.0
1.0
1.0
1.0
1.0
1.0
1.0
1.0
1.0
1.0
1.0
1.0
1.0
1.0
1.0
1.0
0.9999995656103987
0.9999991340768342
0.9999987070933611
0.999998286331635
0.999997873434379
0.999997470008982
0.9999970776212559
0.9999966977893682
0.9999963319779825
0.9999959815926242
0.9999956479742934
0.9999953323943476
0.9999950360496705
0.9999947600581517
0.9999945054544831
0.9999942731863002
0.9999940641106737
0.999993878990969
0.9999937184940817
0.9999935831880633
0.9999934735401408
0.9999933899151388
0.9999933325743122
0.9999933016745872
0.999993297268218
0.9999933193028552
0.9999933676220287
0.9999934419660385
0.9999935419732492
0.9999936671817856
0.999993817031617
0.999993990867024
0.9999941879394355
0.9999944074106255
0.9999946483562535
0.9999949097697364
0.9999951905664337
0.9999954895881294
0.9999958056077938
0.999996137334601
0.9999964834191888
0.9999968424591315
0.99999721300461
0.9999975935642542
0.9999979826111323
0.9999983785888643
0.999998779917838
0.9999991850014975
0.9999995922326841
1.0
1.0
0.9999991352147816
0.9999982761153771
0.9999974260743199
0.9999965884195507
0.9999957664214119
0.9999949632799033
0.9999941821122501
0.9999934259408295
0.9999926976815021
0.9999920001323949
0.9999913359631789
0.9999907077048789
0.9999901177402593
0.9999895682948187
0.9999890614284288
0.9999885990276469
0.9999881827987348
0.9999878142614037
0.9999874947433142
0.9999872253753457
0.9999870070876556
0.99998684060654
0.9999867264521057
0.9999866649367626
0.9999866561645382
0.9999867000312159
0.9999867962252942
0.9999869442297596
0.9999871433246675
0.9999873925905137
0.999987690912386
0.9999880369848744
0.9999884293177201
0.9999888662421775
0.999989345918065
0.9999898663414711
0.9999904253530874
0.9999910206471314
0.9999916497808249
0.9999923101843856
0.9999929991714946
0.9999937139501957
0.9999944516341815
0.9999952092544239
0.9999959837710977
0.9999967720857541
0.999997571053692
0.9999983774964792
0.9999991882145747
1.0
1.0
0.9999987104892585
0.999997429456828
0.9999961619316085
0.9999949128760057
0.9999936871665382
0.9999924895748356
0.9999913247490985
0.9999901971960964
0.9999891112637688
0.9999880711244984
0.9999870807591221
0.999986143941738
0.9999852642253675
0.9999844449285269
0.9999836891227611
0.9999829996211809
0.9999823789680504
0.9999818294294637
0.9999813529851402
0.9999809513213732
0.9999806258251521
0.9999803775794814
0.9999802073599102
0.9999801156322837
0.999980102551721
0.9999801679628209
0.9999803114010928
0.9999805320956007
0.9999808289728102
0.9999812006616173
0.9999816454995384
0.9999821615400322
0.9999827465609228
0.9999833980738873
0.9999841133349673
0.9999848893560622
0.9999857229173537
0.9999866105806111
0.9999875487033242
0.9999885334536031
0.9999895608257859
0.9999906266566914
0.9999917266424485
0.9999928563558377
0.9999940112640725
0.9999951867469496
0.9999963781152981
0.9999975806296492
0.9999987895190585
1.0
1.0
0.99999829307878
0.9999965973802725
0.9999949195612168
0.9999932661903335
0.9999916437226546
0.9999900584743703
0.9999885165982894
0.999987024060008
0.9999855866148792
0.9999842097858735
0.9999828988424112
0.9999816587802538
0.9999804943025241
0.9999794098019322
0.9999784093442718
0.9999774966532484
0.9999766750966967
0.9999759476742376
0.9999753170064198
0.999974785325384
0.9999743544670834
0.999974025865088
0.9999738005459896
0.999973679126426
0.9999736618117275
0.9999737483961906
0.9999739382649699
0.9999742303975804
0.9999746233729876
0.999975115376266
0.9999757042067915
0.9999763872879329
0.999977161678204
0.9999780240838192
0.9999789708726098
0.9999799980892368
0.9999811014716365
0.9999822764686345
0.9999835182586516
0.9999848217694275
0.9999861816986806
0.999987592535621
0.9999890485832285
0.9999905439812072
0.9999920727295217
0.999993628712424
0.9999952057228735
0.9999967974872512
0.9999983976902727
1.0
1.0
0.9999978845908134
0.9999957830900776
0.999993703747574
0.9999916547040012
0.999989643959163
0.9999876793407941
0.9999857684741487
0.9999839187524662
0.9999821373084288
0.9999804309867238
0.9999788063178112
0.9999772694930016
0.9999758263409351
0.9999744823055532
0.9999732424256457
0.9999721113160479
0.9999710931505607
0.999970191646652
0.9999694100520015
0.9999687511329293
0.999968217164756
0.9999678099241224
0.9999675306832975
0.9999673802064878
0.9999673587481621
0.9999674660533892
0.9999677013601838
0.9999680634038451
0.9999685504232679
0.9999691601691911
0.9999698899143534
0.9999707364655037
0.9999716961772197
0.9999727649674716
0.9999739383348665
0.9999752113775019
0.9999765788133488
0.9999780350020784
0.9999795739682464
0.9999811894257359
0.9999828748033621
0.9999846232715328
0.9999864277698585
0.9999882810355999
0.9999901756328364
0.9999921039822444
0.9999940583913588
0.9999960310852044
0.9999980142371686
1.0
1.0
0.9999974865892041
0.9999949897036507
0.9999925191452687
0.9999900845863806
0.9999876955319053
0.9999853612823192
0.9999830908975225
0.9999808931617483
0.999978776549651
0.9999767491937042
0.9999748188530355
0.9999729928838131
0.9999712782113014
0.9999696813036869
0.9999682081477773
0.9999668642266621
0.9999656544994175
0.9999645833829311
0.999963654735914
0.9999628718451526
0.9999622374140559
0.9999617535535291
0.9999614217752106
0.999961242987088
0.9999612174915072
0.9999613449855725
0.999961624563936
0.9999620547239515
0.9999626333731714
0.99996335783915
0.9999642248815084
0.9999652307062038
0.9999663709819498
0.9999676408587068
0.9999690349881718
0.9999705475461789
0.9999721722569164
0.9999739024188615
0.999975730932326
0.9999776503284973
0.9999796527998613
0.9999817302318792
0.9999838742357914
0.9999860761824167
0.9999883272368119
0.9999906183936476
0.999992940513168
0.9999952843575823
0.999997640627748
1.0
1.0
0.999997100588235
0.9999942202396025
0.9999913702613777
0.9999885618113254
0.9999858058540966
0.9999831131185031
0.9999804940558332
0.9999779587993726
0.9999755171252834
0.999973178414997
0.9999709516192609
0.9999688452239782
0.9999668672179712
0.999965025062789
0.999963325664672
0.9999617753487839
0.9999603798357984
0.999959144220934
0.9999580729555086
0.9999571698310828
0.9999564379662453
0.9999558797960869
0.9999554970643983
0.999955290818613
0.999955261407509
0.9999554084816743
0.99995573099672
0.9999562272192287
0.9999568947354022
0.9999577304623699
0.9999587306621058
0.9999598909578922
0.9999612063532579
0.9999626712533111
0.999964279488375
0.9999660243398282
0.9999678985680416
0.9999698944422958
0.9999720037725561
0.9999742179429766
0.9999765279469914
0.9999789244238588
0.9999813976965026
0.9999839378105019
0.9999865345740724
0.9999891775988783
0.9999918563415113
0.9999945601454726
0.9999972782834894
1.0
1.0
0.9999967280469191
0.9999934776063651
0.9999902614384699
0.9999870921346431
0.9999839820683687
0.9999809433469881
0.9999779877646613
0.9999751267566849
0.9999723713553464
0.9999697321474842
0.9999672192339144
0.9999648421908822
0.9999626100336825
0.9999605311825873
0.9999586134312113
0.9999568639174287
0.9999552890969544
0.9999538947196849
0.9999526858088814
0.9999516666432768
0.9999508407421625
0.999950210853511
0.99994977894517
0.999949546199156
0.9999495130090619
0.9999496789805792
0.9999500429351277
0.9999506029165653
0.9999513562009479
0.9999522993092919
0.9999534280232771
0.9999547374038279
0.9999562218124833
0.9999578749354722
0.9999596898103841
0.9999616588553321
0.9999637739004766
0.9999660262217898
0.9999684065769108
0.9999709052429554
0.9999735120561174
0.9999762164529064
0.9999790075128522
0.9999818740025045
0.9999848044205515
0.9999877870438741
0.9999908099743572
0.999993861186263
0.9999969285739868
1.0
1.0
0.9999963703635333
0.9999927645913006
0.999989196838345
0.9999856810725445
0.9999822310200275
0.999978860111686
0.9999755814309941
0.9999724076633317
0.9999693510470146
0.9999664233262129
0.9999636357059438
0.9999609988093087
0.9999585226371361
0.9999562165301861
0.9999540891340549
0.9999521483669157
0.999950401390209
0.9999488545823981
0.9999475135158776
0.9999463829371226
0.9999454667501466
0.9999447680033251
0.9999442888796264
0.9999440306902835
0.9999439938719152
0.9999441779871089
0.9999445817284435
0.9999452029259356
0.9999460385578653
0.9999470847649328
0.9999483368676804
0.9999497893871019
0.9999514360683514
0.9999532699074482
0.9999552831808659
0.9999574674778802
0.9999598137355414
0.9999623122761281
0.9999649528469229
0.9999677246621553
0.9999706164469323
0.9999736164829834
0.999976712656035
0.9999798925046179
0.99998314327012
0.9999864519478745
0.9999898053390874
0.9999931901033919
0.9999965928118223
1.0
1.0
0.9999960288704273
0.9999920838503467
0.9999881804265743
0.9999843338811507
0.9999805592316224
0.9999768711725227
0.999973284018279
0.9999698116477717
0.9999664674507538
0.9999632642763421
0.9999602143837737
0.9999573293956212
0.9999546202536375
0.9999520971774045
0.9999497696259366
0.9999476462623857
0.999945734921974
0.9999440425832804
0.9999425753429759
0.9999413383941064
0.9999403360079934
0.999939571519817
0.9999390473179303
0.9999387648369323
0.9999387245545217
0.9999389259921312
0.999939367719332
0.9999400473619785
0.9999409616140532
0.9999421062531556
0.9999434761595624
0.9999450653387773
0.9999468669474691
0.9999488733226903
0.9999510760142489
0.9999534658201005
0.9999560328246111
0.9999587664395336
0.9999616554475279
0.9999646880480476
0.9999678519054053
0.9999711341988211
0.999974521674254
0.9999780006978022
0.9999815573104631
0.999985177284031
0.9999888461779077
0.9999925493966023
0.9999962722476897
1.0
1.0
0.9999957048291134
0.9999914378982351
0.9999872159578937
0.9999830555371335
0.9999789728789221
0.9999749838768556
0.999971104013409
0.9999673482999692
0.9999637312188836
0.9999602666677471
0.9999569679061421
0.9999538475050346
0.9999509172990169
0.999948188341581
0.9999456708635907
0.9999433742351042
0.9999413069306925
0.9999394764983812
0.9999378895323258
0.9999365516493206
0.9999354674692238
0.999934640599364
0.999934073622982
0.9999337680917392
0.9999337245223141
0.9999339423970884
0.9999344201689117
0.9999351552699097
0.9999361441242959
0.9999373821651254
0.999938863854909
0.9999405827100035
0.9999425313286676
0.999944701422662
0.9999470838522654
0.999949668664553
0.9999524451347825
0.9999554018107135
0.9999585265596789
0.9999618066182161
0.9999652286440543
0.9999687787702479
0.9999724426612351
0.9999762055705975
0.9999800524002888
0.9999839677610911
0.9999879360340639
0.999991941432735
0.999995968065788
1.0
1.0
0.9999953994256664
0.9999908290993161
0.9999863069625059
0.9999818507195598
0.9999774777683839
0.9999732051326712
0.9999690493957614
0.9999650266364093
0.9999611523667139
0.9999574414724437
0.9999539081559894
0.9999505658821615
0.9999474273270378
0.9999445043300574
0.9999418078495385
0.9999393479217864
0.9999371336239479
0.9999351730407426
0.999933473235196
0.9999320402234787
0.9999308789539385
0.9999299932903996
0.999929385999781
0.9999290587440733
0.9999290120766927
0.9999292454432168
0.9999297571864862
0.9999305445560407
0.9999316037218418
0.9999329297922162
0.9999345168359383
0.9999363579083522
0.9999384450814236
0.9999407694775874
0.9999433213072519
0.9999460899098012
0.999949063797921
0.9999522307050722
0.9999555776359077
0.9999590909194328
0.9999627562646889
0.9999665588187364
0.999970483226699
0.9999745136936307
0.9999786340479541
0.9999828278062186
0.999987078238916
0.9999913684370937
0.9999956813795009
1.0
1.0
0.9999951137664412
0.999990259659026
0.9999854567333397
0.9999807237930047
0.9999760793161991
0.9999715413836525
0.9999671276083987
0.9999628550675557
0.9999587402364011
0.9999547989249915
0.9999510462175738
0.9999474964150162
0.9999441629804809
0.9999410584885426
0.9999381945779435
0.9999355819081646
0.9999332301199713
0.9999311478000803
0.9999293424500749
0.9999278204596823
0.9999265870845037
0.999925646428276
0.9999250014297218
0.9999246538540282
0.9999246042889743
0.9999248521457123
0.9999253956641864
0.9999262319231542
0.9999273568547627
0.9999287652636044
0.9999304508501712
0.9999324062385994
0.9999346230085859
0.9999370917313397
0.9999398020094131
0.9999427425202498
0.9999459010632652
0.9999492646102645
0.9999528193589924
0.9999565507895941
0.999960443723756
0.999964482386288
0.9999686504688979
0.9999729311958983
0.9999773073915854
0.999981761549017
0.9999862758999144
0.9999908324854136
0.9999954132273786
1.0
1.0
0.9999948488741303
0.9999897316160256
0.9999846683143119
0.9999796787919928
0.9999747825289848
0.9999699985862095
0.9999653455315372
0.9999608413678707
0.9999565034636444
0.9999523484860093
0.9999483923369586
0.9999446500926388
0.9999411359460766
0.9999378631535389
0.9999348439847271
0.9999320896769935
0.9999296103937484
0.9999274151872111
0.9999255119656405
0.9999239074651635
0.9999226072262976
0.9999216155752513
0.9999209356100611
0.9999205691916085
0.9999205169395371
0.9999207782330768
0.9999213512167552
0.9999222328109639
0.9999234187273236
0.9999249034887734
0.9999266804542966
0.9999287418481694
0.9999310787936075
0.9999336813506667
0.9999365385582331
0.9999396384799326
0.9999429682537626
0.9999465141452448
0.9999502616038763
0.9999541953226526
0.9999582993004137
0.9999625569067657
0.9999669509493117
0.9999714637429213
0.9999760771807626
0.9999807728068073
0.9999855318895239
0.9999903354964624
0.9999951645694363
1.0
1.0
0.9999946056841699
0.9999892468350369
0.9999839444896319
0.9999787194068229
0.9999735919861934
0.9999685821885506
0.9999637094583731
0.9999589926484994
0.9999544499473455
0.9999500988089358
0.999945955886013
0.999942036966484
0.9999383569134428
0.9999349296089984
0.9999317679021177
0.9999288835606794
0.9999262872279192
0.999923988383421
0.999921995308801
0.9999203150582048
0.9999189534337237
0.9999179149658116
0.9999172028987662
0.9999168191813225
0.9999167644623783
0.9999170380918566
0.9999176381266861
0.9999185613418672
0.999919803246561
0.9999213581051295
0.9999232189630267
0.9999253776774285
0.9999278249524691
0.9999305503789285
0.999933542478208
0.9999367887504046
0.9999402757262873
0.9999439890229589
0.9999479134029726
0.999952032836664
0.9999563305674423
0.9999607891797752
0.999965390669595
0.9999701165168388
0.9999749477598315
0.9999798650712174
0.9999848488351297
0.9999898792252986
0.9999949362837801
1.0
1.0
0.99999438504151
0.9999888070004045
0.9999832877741881
0.9999778489708251
0.999972511824299
0.9999672971118699
0.9999622250733506
0.9999573153327133
0.9999525868223312
0.9999480577101475
0.9999437453300486
0.9999396661157114
0.9999358355381721
0.9999322680473569
0.9999289770177909
0.999925974698693
0.9999232721686367
0.9999208792949473
0.9999188046979822
0.9999170557204221
0.9999156384016795
0.9999145574575165
0.9999138162649317
0.9999134168523693
0.9999133598952684
0.9999136447169619
0.9999142692949016
0.9999152302721762
0.9999165229742593
0.9999181414309087
0.9999200784031179
0.9999223254149988
0.9999248727904584
0.9999277096945106
0.9999308241790492
0.9999342032328906
0.9999378328358743
0.999941698016802
0.999945782914973
0.9999500708450643
0.9999545443650935
0.9999591853471843
0.9999639750508521
0.9999688941985112
0.9999739230529016
0.9999790414961233
0.9999842291099662
0.9999894652572103
0.999994729163576
1.0
1.0
0.9999941876977573
0.9999884136104001
0.999982700405045
0.9999770704490909
0.9999715457228127
0.9999661477337096
0.9999608974329445
0.999955815134195
0.999950920435233
0.9999462321425335
0.9999417681992013
0.9999375456164922
0.9999335804091889
0.9999298875350752
0.999926480838739
0.9999233729999106
0.999920575486532
0.9999180985127263
0.9999159510018224
0.9999141405545676
0.9999126734226362
0.9999115544875303
0.9999107872449371
0.9999103737945926
0.999910314835675
0.9999106096677346
0.9999112561971389
0.9999122509489943
0.9999135890844829
0.999915264423532
0.9999172694727124
0.9999195954582418
0.9999222323639506
0.9999251689740454
0.9999283929204911
0.9999318907348115
0.9999356479040931
0.9999396489309587
0.9999438773972656
0.999948316031268
0.9999529467779658
0.9999577508723592
0.9999627089153089
0.9999678009516982
0.9999730065505792
0.9999783048869874
0.9999836748250924
0.999989095002357
0.9999945439143672
1.0
1.0
0.9999940143087022
0.9999880679722938
0.9999821843340818
0.9999763864287163
0.9999706968921742
0.999965137873554
0.9999597309490199
0.9999544970382354
0.999949456323601
0.999944628172615
0.9999400310636497
0.9999356825154306
0.9999315990204836
0.999927795982804
0.9999242876599828
0.9999210871100044
0.9999182061429153
0.9999156552775399
0.9999134437034032
0.9999115792479922
0.9999100683494782
0.9999089160349848
0.9999081259044807
0.9999077001203395
0.9999076394025972
0.9999079430299086
0.9999086088461852
0.9999096332728722
0.9999110113268034
0.999912736643546
0.999914801506131
0.9999171968790421
0.9999199124473135
0.9999229366605689
0.9999262567818177
0.9999298589408003
0.9999337281916629
0.9999378485747198
0.9999422031820525
0.9999467742266746
0.9999515431149807
0.9999564905221848
0.9999615964704446
0.999966840409354
0.9999722012984819
0.999977657691626
0.9999831878224453
0.9999887696911277
0.9999943811517529
1.0
1.0
0.9999938654322366
0.9999877711981997
0.9999817412217927
0.9999757991105848
0.9999699680635562
0.9999642707806987
0.9999587293748209
0.999953365285901
0.9999481991983172
0.9999432509612775
0.9999385395127496
0.9999340828071854
0.9999298977473139
0.9999260001202595
0.9999224045382288
0.9999191243839853
0.9999161717613158
0.9999135574506693
0.9999112908701329
0.9999093800418798
0.9999078315642111
0.9999066505892862
0.9999058408066117
0.9999054044323443
0.9999053422044285
0.9999056533835781
0.9999063357600776
0.9999073856663668
0.9999087979953375
0.9999105662242602
0.9999126824442295
0.9999151373949967
0.9999179205050416
0.9999210199367065
0.9999244226362053
0.9999281143882969
0.999932079875393
0.9999363027408578
0.999940765656238
0.9999454503921484
0.9999503378925223
0.9999554083519262
0.999960641295628
0.9999660156620909
0.9999715098875647
0.9999771019924362
0.9999827696689899
0.9999884903702342
0.9999942413994336
1.0
1.0
0.9999937415266671
0.9999875242017183
0.9999813724322709
0.9999753103027177
0.9999693614806106
0.9999635491244342
0.99995789579363
0.9999524233612189
0.9999471529293615
0.9999421047481786
0.9999372981381451
0.9999327514163563
0.9999284818269406
0.9999245054758901
0.9999208372705477
0.999917490863981
0.9999144786044479
0.9999118114901405
0.9999094991293715
0.9999075497063457
0.9999059699526359
0.9999047651244645
0.9999039389858584
0.9999034937977361
0.9999034303129472
0.999903747777273
0.9999044439363668
0.999905515048591
0.9999069559036844
0.9999087598471716
0.9999109188104038
0.9999134233460951
0.9999162626692016
0.9999194247029696
0.9999228961299538
0.9999266624477944
0.9999307080295198
0.9999350161881234
0.9999395692451537
0.9999443486030294
0.9999493348207906
0.9999545076929753
0.9999598463313043
0.9999653292488407
0.9999709344462917
0.9999766395001015
0.9999824216519851
0.9999882578995479
0.9999941250876275
1.0
1.0
0.9999936429494309
0.999987327695375
0.9999810790293853
0.9999749214152083
0.9999688788931835
0.9999629749865651
0.9999572326101281
0.9999516739814157
0.9999463205349686
0.9999411928398669
0.9999363105209034
0.9999316921836849
0.9999273553439532
0.9999233163613852
0.9999195903781295
0.999916191262303
0.9999131315566614
0.9999104224326294
0.99990807364986
0.9999060935214673
0.9999044888850537
0.9999032650796316
0.9999024259285155
0.9999019737282356
0.9999019092434995
0.9999022317082088
0.9999029388325085
0.9999040268158266
0.9999054903658348
0.9999073227232432
0.9999095156923136
0.9999120596769556
0.9999149437222508
0.9999181555612234
0.999921681666666
0.9999255073077915
0.9999296166114877
0.9999339926279114
0.9999386174001572
0.9999434720377137
0.999948536793406
0.9999537911435162
0.9999592138707534
0.9999647831497401
0.9999704766346728
0.9999762715488014
0.999982144775376
0.9999880729496905
0.9999940325518663
1.0
1.0
0.999993569956218
0.999987182188867
0.9999808617741628
0.999974633456751
0.9999685215530077
0.999962549856287
0.999956741544477
0.9999511190902283
0.999945704174198
0.9999405176016458
0.9999355792227006
0.9999309078566039
0.9999265212202169
0.999922435861063
0.9999186670951564
0.9999152289498511
0.9999121341119216
0.9999093938810656
0.9999070181289991
0.9999050152642891
0.999903392203049
0.9999021543455955
0.999901305559143
0.9999008481665907
0.9999007829414268
0.9999011091087567
0.9999018243524327
0.9999029248282432
0.9999044051830923
0.9999062585800786
0.9999084767293581
0.9999110499246557
0.9999139670852657
0.9999172158033608
0.9999207823964097
0.9999246519644834
0.9999288084522105
0.999933234715126
0.9999379125901386
0.9999428229698313
0.9999479458802875
0.9999532605621307
0.999958745554448
0.9999643787812578
0.9999701376401763
0.9999759990929258
0.9999819397573234
0.9999879360003843
0.9999939640321687
1.0
1.0
0.9999935227004944
0.9999870879881181
0.9999807211233777
0.9999744470327714
0.9999682902113822
0.9999622746274264
0.9999564236291308
0.9999507598543026
0.9999453051429341
0.9999400804531875
0.9999351057810743
0.9999304000841422
0.999925981209458
0.9999218658261555
0.9999180693628098
0.9999146059498648
0.9999114883673327
0.999908727997955
0.999906334785997
0.9999043172018217
0.9999026822123709
0.9999014352576487
0.999900580233291
0.9999001194792682
0.999900053774753
0.9999003823391558
0.9999011028393073
0.9999022114027439
0.9999037026370287
0.9999055696550141
0.9999078041059328
0.9999103962121757
0.9999133348116033
0.9999166074052003
0.9999202002098795
0.9999240982162095
0.9999282852508244
0.9999327440432613
0.9999374562969442
0.9999424027640319
0.9999475633238155
0.9999529170643534
0.9999584423670118
0.9999641169935689
0.9999699181755306
0.9999758227053064
0.9999818070288731
0.9999878473395617
0.9999939196725954
1.0
1.0
0.9999935012334362
0.9999870451951438
0.9999806572293478
0.9999743623451582
0.9999681851188396
0.9999621495980431
0.9999562792083767
0.9999505966626738
0.9999451238733087
0.999939881867903
0.9999348907087389
0.9999301694161935
0.9999257358964818
0.999921606873983
0.999917797828405
0.9999143229370231
0.9999111950222049
0.9999084255044166
0.9999060243608806
0.9999040000900327
0.9999023596819042
0.9999011085945284
0.9999002507364521
0.9998997884554007
0.9998997225331298
0.9999000521864623
0.9999007750744962
0.9999018873119337
0.9999033834884666
0.9999052566941218
0.9999074985504555
0.9999100992474544
0.9999130475859849
0.9999163310256072
0.999919935737555
0.9999238466626519
0.9999280475739308
0.9999325211436905
0.9999372490147171
0.999942211875378
0.99994738953828
0.9999527610221756
0.9999583046367827
0.9999639980701767
0.9999698184784052
0.9999757425769626
0.9999817467337629
0.9999878070632379
0.9999938995211863
1.0
1.0
0.9999935055042629
0.9999870537087178
0.9999806699409334
0.9999743791935849
0.9999682060267853
0.9999621744723828
0.9999563079405909
0.999950629129316
0.9999451599365327
0.9999399213760433
0.9999349334969457
0.9999302153071176
0.9999257847010061
0.9999216583919996
0.9999178518496333
0.9999143792418653
0.9999112533826369
0.999908485684909
0.9999060861193467
0.9999040631788013
0.9999024238487104
0.9999011735835202
0.9999003162892088
0.9998998543119592
0.9998997884330127
0.999900117869707
0.9999008402826787
0.999901951789183
0.999903446982467
0.9999053189570992
0.9999075593401416
0.9999101583280279
0.999913104728984
0.9999163860108117
0.999919988353832
0.999923896708766
0.9999280948593097
0.9999325654891495
0.9999372902531357
0.9999422498523262
0.9999474241125949
0.9999527920664828
0.9999583320379615
0.9999640217297702
0.9999698383129682
0.9999757585183522
0.9999817587293667
0.9999878150761402
0.999993903530273
1.0
1.0
0.9999935353609753
0.99998711322584
0.9999807588057262
0.9999744969784118
0.9999683521911011
0.9999623483651625
0.9999565088031874
0.9999508560987342
0.9999454120491077
0.9999401975715048
0.9999352326228532
0.9999305361236467
0.9999261258860673
0.9999220185466683
0.9999182295038676
0.9999147728604904
0.9999116613715684
0.999908906397595
0.9999065178633981
0.999904504222785
0.9999028724290792
0.999901627911652
0.9999007745585249
0.9999003147050947
0.9999002491290109
0.9999005770512097
0.9999012961430818
0.9999024025397326
0.9999038908592656
0.9999057542279943
0.9999079843114738
0.9999105713512064
0.9999135042068696
0.9999167704038785
0.999920356186087
0.9999242465734002
0.9999284254240649
0.9999328755013743
0.9999375785445159
0.9999425153432693
0.9999476658162534
0.9999530090924015
0.9999585235953355
0.9999641871302998
0.9999699769733037
0.999975869962118
0.9999818425887581
0.999987871093088
0.9999939315571716
1.0
1.0
0.9999935905514846
0.9999872232439908
0.9999809230734159
0.9999747147051485
0.9999686223776805
0.9999626698081566
0.9999568801002264
0.9999512756545615
0.9999458780823763
0.9999407081222916
0.9999357855608569
0.9999311291570359
0.9999267565709433
0.9999226842971012
0.9999189276024665
0.9999155004694643
0.9999124155442336
0.999909684090279
0.9999073159476977
0.9999053194981242
0.9999037016355196
0.999902467742903
0.9999016216751028
0.9999011657475774
0.9999011007313379
0.9999014258539708
0.9999021388067473
0.9999032357577686
0.9999047113710844
0.9999065588316915
0.9999087698762982
0.9999113348297183
0.9999142426467369
0.9999174809592689
0.9999210361286077
0.9999248933025485
0.9999290364771446
0.9999334485628442
0.9999381114547323
0.999943006106592
0.9999481126084829
0.9999534102675208
0.9999588776915314
0.9999644928752418
0.9999702332886632
0.9999760759673089
0.9999819976038885
0.9999879746411138
0.9999939833652431
1.0
1.0
0.9999936707251331
0.9999873830641597
0.9999811617003121
0.999975030990448
0.999969014869868
0.9999631367590466
0.9999574194726382
0.9999518851311112
0.9999465550753529
0.9999414497845716
0.9999365887978134
0.9999319906393926
0.9999276727485193
0.999923651413391
0.9999199417099954
0.9999165574458563
0.9999135111089258
0.9999108138218178
0.9999084753015424
0.9999065038248913
0.9999049061995913
0.9999036877413272
0.999902852256708
0.9999024020322298
0.9999023378292584
0.9999026588850427
0.9999033629197329
0.9999044461493618
0.9999059033047252
0.9999077276560663
0.9999099110434558
0.9999124439127314
0.9999153153568392
0.9999185131624022
0.9999220238613159
0.9999258327871565
0.9999299241361659
0.999934281032559
0.9999388855978897
0.9999437190241838
0.9999487616505475
0.999953993042937
0.9999593920767658
0.9999649370220173
0.9999706056305231
0.9999763752250513
0.9999822227898552
0.9999881250623162
0.9999940586253201
1.0
1.0
0.9999937754345934
0.9999875917946336
0.9999814733550018
0.9999754440696036
0.9999695274777619
0.9999637466124904
0.9999581239110052
0.9999526811278217
0.9999474392507696
0.9999424184202561
0.9999376378520799
0.9999331157640948
0.9999288693070023
0.9999249144995334
0.9999212661682636
0.9999179378922892
0.9999149419529658
0.9999122892888987
0.9999099894563427
0.9999080505951607
0.9999064794004552
0.9999052810999695
0.9999044594373376
0.9999040166612282
0.9999039535204115
0.9999042692647554
0.9999049616521267
0.9999060269611592
0.9999074600098201
0.9999092541796881
0.9999114014458289
0.9999138924121411
0.9999167163520136
0.9999198612541235
0.9999233138731782
0.9999270597853905
0.9999310834484542
0.9999353682657722
0.9999398966546732
0.999944650118336
0.9999496093211306
0.9999547541670671
0.9999600638810371
0.9999655170925188
0.9999710919214098
0.9999767660656432
0.9999825168902372
0.9999883215174227
0.9999941569174903
1.0
1.0
0.9999939041381405
0.9999878483555246
0.9999818564251081
0.9999759518055092
0.9999701575493346
0.9999644962133509
0.9999589897708471
0.9999536595265258
0.999948526034258
0.9999436090180133
0.9999389272962705
0.9999344987101988
0.999930340055879
0.9999264670208277
0.9999228941250554
0.9999196346668874
0.9999167006737413
0.9999141028580473
0.9999118505784692
0.9999099518065642
0.9999084130990014
0.9999072395754318
0.9999064349020839
0.9999060012811304
0.9999059394458601
0.9999062486616506
0.9999069267327289
0.9999079700146742
0.9999093734326016
0.9999111305049364
0.9999132333726738
0.9999156728339929
0.9999184383840733
0.9999215182599471
0.9999248994901908
0.9999285679492537
0.9999325084161931
0.9999367046375753
0.9999411393942805
0.9999457945719413
0.9999506512347249
0.9999556897021602
0.9999608896286998
0.9999662300856942
0.9999716896454494
0.9999772464670322
0.9999828783834778
0.9999885629900537
0.9999942777332297
1.0
1.0
0.9999940562022843
0.9999881514840168
0.9999823090251257
0.9999765516990429
0.9999709019833168
0.9999653818720253
0.9999600127903229
0.9999548155114564
0.999949810076571
0.9999450157176126
0.9999404507836243
0.9999361326707185
0.9999320777559902
0.9999283013356233
0.9999248175674202
0.9999216394179724
0.9999187786146684
0.9999162456027121
0.9999140495073104
0.9999121981011664
0.9999106977773901
0.9999095535279204
0.9999087689275298
0.999908346123457
0.9999082858306984
0.9999085873329571
0.9999092484892342
0.9999102657460215
0.9999116341550289
0.999913347396368
0.99991539780708
0.9999177764148883
0.9999204729770202
0.99992347602394
0.9999267729078029
0.9999303498554264
0.9999341920255619
0.999938283570225
0.9999426076998348
0.9999471467518951
0.999951882262937
0.9999567950434276
0.9999618652553489
0.9999670724921264
0.9999723958605901
0.999977814064639
0.9999833054902738
0.9999888482916587
0.999994420477872
1.0
1.0
0.9999942309047484
0.999988499740306
0.9999828290052883
0.9999772409008214
0.9999717572437852
0.9999663993817985
0.9999611881102792
0.9999561435918991
0.9999512852787455
0.9999466318374917
0.9999422010778583
0.999938009884644
0.9999340741535822
0.9999304087312647
0.9999270273593623
0.9999239426233477
0.9999211659059128
0.9999187073452521
0.999916575798361
0.999914778809484
0.999913322583822
0.9999122119665893
0.9999114504274869
0.999911040050641
0.9999109815300327
0.9999112741704187
0.9999119158937294
0.999912903250902
0.9999142314390892
0.9999158943241585
0.999917884468385
0.9999201931632078
0.9999228104669141
0.9999257252470855
0.9999289252276274
0.9999323970401846
0.9999361262797278
0.999940097564083
0.9999442945971558
0.9999487002355929
0.9999532965586104
0.9999580649407027
0.9999629861269381
0.9999680403105404
0.9999732072124402
0.99997846616248
0.9999837961819474
0.9999891760671084
0.9999945844734068
1.0
1.0
0.999994427437784
0.9999888915142067
0.9999834139614333
0.999978016224275
0.9999727193763863
0.9999675440381472
0.9999625102965476
0.9999576376273868
0.9999529448200876
0.9999484499054142
0.999944170086372
0.9999401216725535
0.9999363200181792
0.9999327794640693
0.9999295132837639
0.9999265336339919
0.9999238515096766
0.9999214767036393
0.9999194177711486
0.9999176819994423
0.9999162753823322
0.9999152025999726
0.9999144670038635
0.9999140706071332
0.9999140140801203
0.9999142967512662
0.9999149166132939
0.9999158703346385
0.9999171532760684
0.9999187595124205
0.9999206818593465
0.9999229119049564
0.9999254400462168
0.9999282555299523
0.9999313464982722
0.9999347000382345
0.9999383022355393
0.9999421382320298
0.9999461922867631
0.9999504478404002
0.9999548875826564
0.999959493522532
0.9999642470610441
0.9999691290661648
0.9999741199496616
0.999979199745538
0.9999843481897532
0.9999895448009108
0.9999947689615902
1.0
1.0
0.9999946449118051
0.999989325032395
0.999984061245818
0.9999788741599833
0.9999737840261284
0.9999688106599044
0.9999639733643899
0.9999592908553242
0.999954781188857
0.9999504616920859
0.9999463488966547
0.9999424584756598
0.9999388051841103
0.9999354028031637
0.9999322640883481
0.9999294007219663
0.9999268232698552
0.9999245411426627
0.9999225625617802
0.999920894530056
0.999919542807387
0.999918511891281
0.9999178050024429
0.9999174240754364
0.9999173697544399
0.999917641394103
0.9999182370654845
0.9999191535670364
0.9999203864405773
0.9999219299921783
0.999923777317867
0.9999259203340338
0.9999283498124127
0.9999310554194798
0.9999340257601088
0.9999372484252962
0.99994071004376
0.9999443963371953
0.9999482921789631
0.9999523816559671
0.999956648133471
0.9999610743225892
0.9999656423501805
0.9999703338308603
0.9999751299408444
0.9999800114933256
0.9999849590150856
0.9999899528240315
0.9999949731073552
1.0
1.0
0.9999948823593252
0.9999897983662586
0.9999847679788387
0.9999798108912085
0.9999749464566545
0.9999701936121917
0.999965570804989
0.9999610959209202
0.9999567862155151
0.999952658247579
0.9999487278157326
0.9999450098981196
0.9999415185955036
0.9999382670779782
0.9999352675354845
0.9999325311323252
0.9999300679658427
0.9999278870294114
0.9999259961798821
0.9999244021095921
0.9999231103230424
0.9999221251183181
0.9999214495733166
0.999921085536822
0.9999210336244493
0.9999212932194634
0.9999218624784533
0.9999227383418293
0.9999239165490884
0.9999253916587734
0.9999271570730377
0.9999292050667036
0.9999315268206911
0.9999341124596707
0.9999369510937818
0.9999400308642431
0.9999433389926625
0.999946861833843
0.9999505849318688
0.999954493079239
0.9999585703788104
0.9999628003082963
0.99996716578706
0.9999716492449352
0.9999762326927941
0.9999808977945835
0.9999856259405377
0.9999903983212789
0.9999951960025093
1.0
1.0
0.9999951387391811
0.9999903094403167
0.9999855310616025
0.9999808223105583
0.9999762015709237
0.9999716868310208
0.9999672956138657
0.9999630449092985
0.9999589511083942
0.9999550299404064
0.9999512964124893
0.999947764752421
0.999944448354556
0.9999413597292017
0.9999385104556165
0.9999359111388021
0.9999335713702514
0.9999314996927954
0.9999297035696777
0.999928189357968
0.9999269622864067
0.9999260264377565
0.9999253847357207
0.9999250389364638
0.9999249896247608
0.9999252362147731
0.9999257769554394
0.9999266089404474
0.9999277281227332
0.9999291293334422
0.9999308063052618
0.9999327517000246
0.9999349571404624
0.9999374132459729
0.9999401096722478
0.9999430351545988
0.9999461775547958
0.9999495239112293
0.9999530604921856
0.999956772852018
0.999960645889987
0.9999646639115276
0.9999688106916961
0.9999730695405438
0.9999774233701493
0.9999818547630457
0.999986346041766
0.9999908793392306
0.9999954366696989
1.0
1.0
0.9999954129410252
0.9999908560411753
0.9999863471892988
0.999981904037709
0.9999775439332016
0.999973283849458
0.9999691403211001
0.9999651293796475
0.9999612664916283
0.9999575664990802
0.9999540435626706
0.9999507111076533
0.9999475817728672
0.9999446673629695
0.9999419788040851
0.999939526103035
0.9999373183102993
0.9999353634868461
0.9999336686749511
0.9999322398731104
0.9999310820151346
0.9999301989534962
0.9999295934469854
0.9999292671527098
0.9999292206224591
0.9999294533034395
0.9999299635433595
0.9999307485998383
0.9999318046540892
0.9999331268288089
0.9999347092101956
0.9999365448739955
0.999938625915464
0.9999409434831162
0.9999434878161204
0.9999462482851776
0.9999492134367214
0.9999523710402483
0.9999557081385885
0.9999592111009092
0.9999628656782359
0.999966657061263
0.9999705699402234
0.9999745885665731
0.9999786968162433
0.9999828782542081
0.9999871162001066
0.9999913937946612
0.9999956940666259
1.0
1.0
0.9999957037900679
0.9999914358269779
0.9999872128653113
0.9999830514381106
0.999978967792273
0.9999749778252398
0.9999710970232311
0.9999673404012651
0.9999637224451927
0.9999602570559711
0.99995695749639
0.9999538363404559
0.9999509054256237
0.9999481758080598
0.9999456577211024
0.9999433605370757
0.9999412927326009
0.999939461857529
0.9999378745076104
0.9999365363009975
0.9999354518586658
0.9999346247888162
0.9999340576753141
0.9999337520701952
0.999933708490263
0.9999339264177735
0.9999344043052014
0.9999351395840509
0.9999361286776702
0.9999373670180091
0.9999388490662385
0.9999405683371466
0.9999425174272011
0.9999446880461578
0.9999470710520839
0.9999496564896472
0.9999524336315109
0.999955391022664
0.9999585165275042
0.9999617973794819
0.9999652202330986
0.9999687712180545
0.9999724359953198
0.9999761998149096
0.9999800475751248
0.999983963883026
0.9999879331158944
0.9999919394834388
0.9999959670904998
1.0
1.0
0.9999960100520467
0.9999920463373161
0.9999881244160124
0.9999842596425952
0.9999804671057763
0.9999767615697228
0.9999731574166963
0.9999696685913461
0.9999663085468765
0.9999630901932932
0.999960025847928
0.9999571271884294
0.9999544052084013
0.9999518701758541
0.9999495315946263
0.999947398168922
0.9999454777710928
0.9999437774127873
0.999942303219567
0.9999410604090864
0.9999400532729069
0.9999392851620138
0.9999387584760769
0.9999384746564933
0.9999384341832248
0.9999386365754361
0.9999390803959193
0.9999397632592778
0.9999406818438271
0.9999418319071575
0.9999432083052836
0.9999448050153025
0.9999466151614536
0.9999486310444758
0.9999508441741336
0.9999532453047755
0.9999558244737795
0.999958571042723
0.9999614737411091
0.9999645207124709
0.9999676995626651
0.9999709974101574
0.9999744009380976
0.9999778964479771
0.9999814699146441
0.9999851070424692
0.9999887933224232
0.9999925140898501
0.9999962545827018
1.0
1.0
0.9999963304384072
0.9999926850035518
0.9999890780061788
0.9999855235678097
0.999982035565557
0.9999786275780495
0.9999753128326758
0.999972104154353
0.9999690139160143
0.9999660539910136
0.9999632357076201
0.9999605698057868
0.9999580663963485
0.9999557349228111
0.9999535841258704
0.9999516220107966
0.9999498558178049
0.9999482919955192
0.9999469361776286
0.9999457931628183
0.9999448668980446
0.9999441604652135
0.9999436760713055
0.9999434150419757
0.999943377818646
0.9999435639590911
0.9999439721415088
0.9999446001720458
0.9999454449957434
0.9999465027108507
0.9999477685864363
0.9999492370832259
0.9999509018775719
0.9999527558884513
0.9999547913073804
0.9999569996311192
0.9999593716970278
0.9999618977209314
0.9999645673373357
0.99996736964183
0.9999702932354992
0.9999733262711762
0.9999764565013323
0.9999796713274265
0.9999829578505047
0.9999863029228526
0.9999896932004929
0.9999931151963182
0.9999965553336484
1.0
1.0
0.9999966636116677
0.9999933491595153
0.9999900696549624
0.9999868379373844
0.9999836666239386
0.9999805680603991
0.9999775542731908
0.9999746369228079
0.9999718272587989
0.999969136076491
0.9999665736756178
0.9999641498210112
0.999961873705506
0.9999597539151963
0.9999577983971775
0.9999560144298911
0.9999544085961862
0.9999529867591921
0.9999517540410939
0.9999507148048862
0.999949872639166
0.999949230346022
0.9999487899320545
0.9999485526025574
0.9999485187588741
0.9999486879989307
0.9999490591209365
0.999949630130226
0.999950398249212
0.9999513599303979
0.9999525108723912
0.9999538460388498
0.999955359680273
0.9999570453585508
0.999958895974161
0.9999609037959045
0.9999630604930521
0.9999653571697704
0.9999677844016881
0.999970332274446
0.9999729904240799
0.9999757480790709
0.9999785941038897
0.9999815170438638
0.9999845051711838
0.9999875465318656
0.9999906289934819
0.9999937402934701
0.9999968680878277
1.0
1.0
0.9999970081909495
0.9999940360525298
0.9999910952523517
0.9999881973037513
0.9999853535207972
0.9999825749742024
0.999979872448313
0.9999772563993378
0.9999747369149817
0.9999723236756398
0.9999700259172982
0.9999678523962855
0.9999658113560084
0.9999639104957967
0.9999621569419769
0.9999605572212793
0.9999591172366821
0.9999578422457753
0.9999567368417298
0.9999558049369333
0.9999550497493563
0.9999544737916896
0.9999540788632938
0.9999538660449813
0.9999538356966446
0.9999539874577361
0.9999543202505848
0.9999548322865325
0.9999555210748589
0.9999563834344494
0.999957415508156
0.9999586127797854
0.9999599700936403
0.9999614816765331
0.9999631411621743
0.999964941617836
0.9999668755731795
0.9999689350511257
0.9999711116006438
0.9999733963313209
0.9999757799495741
0.9999782527963579
0.9999808048862104
0.9999834259474881
0.9999861054636191
0.9999888327152164
0.9999915968228795
0.9999943867905127
0.9999971915489912
1.0
1.0
0.9999973627576519
0.9999947428547196
0.9999921505760563
0.9999895960705242
0.9999870893113332
0.9999846400571792
0.9999822578143285
0.9999799517997985
0.9999777309057756
0.999975603665407
0.9999735782200995
0.999971662288447
0.9999698631369102
0.999968187552352
0.9999666418165402
0.9999652316827061
0.9999639623542514
0.9999628384656764
0.9999618640658036
0.999961042603354
0.9999603769149281
0.999959869215432
0.9999595210909795
0.9999593334942928
0.9999593067426131
0.9999594405181224
0.9999597338708663
0.9999601852241657
0.9999607923824814
0.9999615525417007
0.9999624623017956
0.999963517681798
0.9999647141370255
0.9999660465784846
0.9999675093943711
0.9999690964735717
0.9999708012310757
0.9999726166351881
0.9999745352364301
0.9999765491980138
0.999978650327762
0.9999808301113462
0.9999830797467071
0.9999853901795184
0.9999877521395534
0.9999901561778065
0.9999925927042215
0.9999950520258776
0.9999975243854791
1.0
1.0
0.9999977258612424
0.9999954666745562
0.9999932313087456
0.9999910285153459
0.9999888668944253
0.9999867548610722
0.9999847006127016
0.9999827120973032
0.9999807969827603
0.9999789626273503
0.999977216051546
0.9999755639112221
0.9999740124723702
0.9999725675874177
0.9999712346732391
0.9999700186909437
0.9999689241275121
0.9999679549793531
0.9999671147378345
0.9999664063768471
0.9999658323424399
0.9999653945445633
0.9999650943509503
0.9999649325831496
0.9999649095147235
0.9999650248716118
0.9999652778346533
0.9999656670442506
0.9999661906071532
0.9999668461053272
0.9999676306068707
0.9999685406789275
0.9999695724025409
0.9999707213893857
0.999971982800308
0.9999733513655912
0.9999748214068693
0.9999763868605923
0.9999780413029487
0.9999797779761429
0.9999815898159223
0.9999834694802372
0.9999854093789223
0.999987401704279
0.9999894384624336
0.9999915115053484
0.999993612563356
0.9999957332780856
0.9999978652356568
1.0
1.0
0.9999980960251429
0.9999962045685935
0.9999943330555712
0.9999924888131152
0.9999906790414514
0.9999889107859359
0.999987190909682
0.9999855260669771
0.9999839226775948
0.9999823869020986
0.9999809246182316
0.9999795413984848
0.9999782424889283
0.9999770327893835
0.9999759168350146
0.9999748987794063
0.999973982379189
0.9999731709802713
0.9999724675057278
0.999971874445386
0.9999713938471491
0.9999710273100827
0.9999707759792927
0.9999706405426035
0.9999706212290491
0.9999707178091786
0.9999709295971663
0.9999712554547179
0.9999716937967496
0.9999722425988127
0.9999728994062347
0.9999736613449284
0.9999745251338297
0.9999754870989062
0.9999765431886773
0.9999776889911841
0.9999789197523336
0.9999802303955464
0.9999816155426212
0.9999830695357361
0.9999845864604938
0.9999861601699176
0.9999877843093014
0.9999894523418132
0.9999911575747512
0.9999928931863417
0.9999946522529791
0.9999964277767941
0.9999982127134415
1.0
1.0
0.9999984717526915
0.9999969535533467
0.9999954513619033
0.9999939710594932
0.9999925184254611
0.9999910991148427
0.9999897186363947
0.9999883823312576
0.9999870953523365
0.9999858626444784
0.9999846889255212
0.9999835786682892
0.9999825360836008
0.999981565104354
0.9999806693707503
0.9999798522167124
0.9999791166575426
0.9999784653788732
0.9999779007269435
0.9999774247002423
0.9999770389425425
0.9999767447373525
0.9999765430038049
0.9999764342939892
0.999976418791743
0.9999764963128945
0.999976666306958
0.9999769278602684
0.9999772797005395
0.9999777202028253
0.9999782473968536
0.9999788589757058
0.9999795523057983
0.9999803244381262
0.9999811721207226
0.9999820918122773
0.9999830796968634
0.9999841316997058
0.9999852435039297
0.9999864105682191
0.9999876281453153
0.9999888913012764
0.9999901949354245
0.9999915338008966
0.999992902525718
0.9999942956343144
0.999995707569374
0.9999971327139762
0.9999985654138965
1.0
1.0
0.9999988515331473
0.999997710617267
0.9999965817312096
0.9999954692946031
0.9999943776505834
0.9999933110488695
0.9999922736292519
0.9999912694055598
0.9999903022501638
0.9999893758790809
0.9999884938377328
0.9999876594874143
0.9999868759925253
0.9999861463086102
0.9999854731712543
0.9999848590858766
0.9999843063184549
0.9999838168872226
0.9999833925553618
0.9999830348247224
0.9999827449305876
0.9999825238375052
0.9999823722361963
0.9999822905415526
0.9999822788917264
0.999982337148314
0.9999824648976292
0.9999826614530596
0.999982925858491
0.9999832568927881
0.999983653075306
0.9999841126724116
0.9999846337049859
0.9999852139568729
0.9999858509842425
0.9999865421258262
0.9999872845139821
0.9999880750865462
0.9999889105994179
0.9999897876398314
0.9999907026402551
0.9999916518928679
0.9999926315645469
0.9999936377123122
0.9999946662991637
0.9999957132102464
0.9999967742692807
0.9999978452551913
0.9999989219188693
1.0
1.0
0.9999992338477222
0.9999984727327638
0.9999977196430055
0.9999969775268199
0.9999962492815508
0.9999955377422227
0.9999948456705262
0.9999941757441217
0.9999935305463018
0.9999929125560537
0.9999923241385592
0.9999917675361676
0.9999912448598774
0.9999907580813584
0.9999903090255436
0.9999898993638195
0.9999895306078401
0.9999892041039863
0.9999889210284924
0.9999886823832556
0.999988488992344
0.9999883414992159
0.9999882403646575
0.9999881858654466
0.9999881780937456
0.9999882169572246
0.9999883021799099
0.999988433303756
0.999988609690931
0.9999888305268047
0.999989094823626
0.9999894014248732
0.9999897490102585
0.9999901361013651
0.9999905610678927
0.9999910221344855
0.9999915173881145
0.9999920447859835
0.9999926021639247
0.9999931872452518
0.9999937976500338
0.9999944309047504
0.9999950844522921
0.9999957556622623
0.9999964418415431
0.999997140245079
0.9999978480868368
0.9999985625509006
0.9999992808026528
1.0
1.0
0.9999996171756108
0.9999992368682264
0.9999988605708052
0.9999984897565644
0.9999981258732239
0.9999977703373644
0.999997424528924
0.999997089785853
0.9999967673989485
0.9999964586068899
0.9999961645914908
0.9999958864731889
0.99999562530679
0.9999953820774812
0.999995157697129
0.9999949530008777
0.9999947687440576
0.9999946055994167
0.9999944641546855
0.9999943449104836
0.9999942482785743
0.999994174580475
0.9999941240464276
0.9999940968147301
0.9999940929314334
0.9999941123504027
0.9999941549337422
0.9999942204525791
0.9999943085882076
0.9999944189335801
0.9999945509951454
0.999994704195023
0.9999948778735027
0.9999950712918617
0.9999952836354857
0.9999955140172804
0.9999957614813594
0.9999960250069962
0.9999963035128179
0.9999965958612295
0.9999969008630476
0.9999972172823248
0.9999975438413463
0.9999978792257784
0.9999982220899472
0.9999985710622266
0.9999989247505158
0.9999992817477817
0.9999996406376475
1.0
1.0
1.0
1.0
1.0
1.0
1.0
1.0
1.0
1.0
1.0
1.0
1.0
1.0
1.0
1.0
1.0
1.0
1.0
1.0
1.0
1.0
1.0
1.0
1.0
1.0
1.0
1.0
1.0
1.0
1.0
1.0
1.0
1.0
1.0
1.0
1.0
1.0
1.0
1.0
1.0
1.0
1.0
1.0
1.0
1.0
1.0
1.0
1.0
1.0
1.0
1.0
