1.0
1.0
1.0
1.0
1.0
1.0
1.0
1.0
1.0
1.0
1.0
1.0
1.0
1.0
1.0
1.0
1.0
1.0
1.0
1.0
1.0
1.0
1.0
1.0
1.0
1.0
1.0
1.0
1.0
1.0
1.0
1.0
1.0
1.0
1.0
1.0
1.0
1.0
1.0
1.0
1.0
1.0
1.0
1.0
1.0
1.0
1.0
1.0
1.0
1.0
1.0
1.0
0.9999564837873363
0.99991325364056
0.9998704792447807
0.9998283280425065
0.9997869645796338
0.9997465498645545
0.9997072407428719
0.9996691892901444
0.9996325422250022
0.9995974403448912
0.9995640179866098
0.9995324025136975
0.9995027138326255
0.9994750639396199
0.9994495564998245
0.9994262864603783
0.9994053396988458
0.9993867927082963
0.9993707123201802
0.9993571554659948
0.9993461689785907
0.999337789433791
0.9993320430328548
0.9993289455261425
0.9993285021781803
0.999330707774159
0.9993355466677379
0.9993429928698608
0.9993530101781326
0.999365552346142
0.9993805632919661
0.9993979773449315
0.9994177195295659
0.999439705885523
0.9994638438221297
0.9994900325060678
0.9995181632805745
0.9995481201144314
0.9995797800788873
0.9996130138505656
0.9996476862383024
0.9996836567317721
0.9997207800696812
0.9997589068252307
0.9997978840064946
0.9998375556693033
0.9998777635401765
0.99991834764682
0.9999591469536753
1.0
1.0
0.9999133675925014
0.9998273046876893
0.9997421490961377
0.9996582341638225
0.9995758874701066
0.9994954295518449
0.9994171726585597
0.99934141954351
0.9992684622953153
0.9991985812146311
0.9991320437401788
0.9990691034282364
0.9990099989894645
0.9989549533867201
0.9989041729972519
0.9988578468424122
0.9988161458877522
0.9987792224160768
0.998747209475745
0.9987202204062007
0.9986983484424078
0.9986816663995532
0.9986702264390563
0.9986640599166032
0.9986631773126021
0.998667568245125
0.9986772015650787
0.9986920255330246
0.9987119680767454
0.9987369371283386
0.9987668210393104
0.9988014890718339
0.9988407919640425
0.9988845625669429
0.9989326165502505
0.9989847531741906
0.999040756124048
0.9991003944040153
0.999163423286657
0.9992295853140999
0.9992986113468645
0.9993702216560735
0.9994441270546115
0.9995200300626688
0.9995976261029762
0.9996766047209346
0.9997566508247507
0.9998374459406333
0.9999186694780464
1.0
1.0
0.9998708192823297
0.9997424877716996
0.9996155091899255
0.9994903806014802
0.9993675904720084
0.999247616765787
0.9991309250895205
0.9990179668896566
0.9989091777101748
0.9988049755175552
0.9987057590993419
0.9986119065424223
0.9985237737968053
0.9984416933303382
0.9983659728794262
0.9982968943004324
0.9982347125260251
0.9981796546303212
0.9981319190062292
0.9980916746579569
0.9980590606111744
0.9980341854428684
0.9980171269324343
0.998007931835082
0.9980066157781395
0.9980131632803569
0.9980275278938252
0.9980496324676433
0.9980793695319906
0.9981166018007842
0.9981611627906449
0.9982128575534339
0.998271463519187
0.9983367314458397
0.9984083864717284
0.9984861292664509
0.9985696372752967
0.9986585660520956
0.9987525506749981
0.9988512072393865
0.9989541344218233
0.9990609151086806
0.9991711180828504
0.9992842997617265
0.9994000059794588
0.999517773806327
0.9996371333979491
0.9997576098669434
0.99987872516959
1.0
1.0
0.9998290036053998
0.9996591313068761
0.9994910498808429
0.999325417291369
0.9991628801202282
0.9990040710485055
0.9988496063995361
0.9987000837526876
0.9985560796371961
0.9984181473149224
0.9982868146605334
0.9981625821471992
0.9980459209454682
0.9979372711425173
0.9978370400884835
0.9977456008760646
0.9976632909590414
0.9975904109148122
0.9975272233554494
0.997473951991196
0.9974307808497065
0.9973978536537211
0.9973752733592254
0.9973631018555134
0.9973613598279332
0.9973700267834462
0.9973890412384927
0.9974183010680162
0.9974576640138648
0.997506948350166
0.9975659337026564
0.9976343620183472
0.9977119386813174
0.9977983337698708
0.9978931834497329
0.9979960914974458
0.9981066309476228
0.9982243458572374
0.9983487531796923
0.9984793447409815
0.9986155893098871
0.9987569347537903
0.9989028102713662
0.9990526286931424
0.9992057888406645
0.9993616779347922
0.9995196740434901
0.9996791485593373
0.9998394686968931
1.0
1.0
0.9997880815594006
0.9995775562303666
0.9993692503594697
0.9991639793719728
0.9989625445868443
0.9987657300956667
0.9985742997175585
0.9983889940418926
0.9982105275702271
0.9980395859684399
0.9978768234396014
0.9977228602276172
0.9975782802611369
0.9974436289466434
0.997319411119038
0.997206089157392
0.9971040812728631
0.9970137599750917
0.9969354507226622
0.9968694307624875
0.9968159281622111
0.9967751210389558
0.9967471369869683
0.996732052705911
0.9967298938307707
0.9967406349635436
0.9967641999060689
0.9968004620925894
0.9968492452198298
0.9969103240716141
0.9969834255342819
0.9970682297984136
0.9971643717416598
0.9972714424867579
0.9973889911281465
0.9975165266199367
0.9976535198173798
0.9977994056633803
0.9979535855110567
0.9981154295728291
0.9982842794860425
0.9984594509846935
0.9986402366664375
0.9988259088437031
0.9990157224674328
0.9992089181117157
0.9994047250073647
0.9996023641123231
0.99980105120668
1.0
1.0
0.9997482097765564
0.9994980747770655
0.9992505768230434
0.9990066847598424
0.9987673506724131
0.9985335061769811
0.99830605880304
0.998085888479661
0.9978738441396818
0.997670740454836
0.9974773547143373
0.9972944238588395
0.9971226416810541
0.9969626562036186
0.9968150672440942
0.9966804241762044
0.9965592238956354
0.9964519089978956
0.9963588661748735
0.9962804248358644
0.9962168559579315
0.9961683711695574
0.9961351220706091
0.9961171997907101
0.9961146347871541
0.996127396882564
0.9961553955415451
0.996198480384639
0.9962564419369615
0.9963290126079786
0.9964158678979781
0.996516627825906
0.9966308585723762
0.9967580743308304
0.9968977393590144
0.9970492702221689
0.9972120382185946
0.9973853719775534
0.9975685602188102
0.9977608546625081
0.9979614730775014
0.9981696024557571
0.9983844022999593
0.9986050080110445
0.9988305343620298
0.9990600790441853
0.999292726271359
0.9995275504280642
0.9997636197467985
1.0
1.0
0.999709539929425
0.999420989295118
0.9991354807068887
0.998854131805456
0.9985780408970166
0.9983082826753906
0.9980459040483537
0.9977919200843105
0.9975473100949493
0.9973130138689494
0.9970899280711784
0.9968789028211261
0.9966807384635963
0.99649618254387
0.99632592699874
0.9961706055739269
0.9960307914774742
0.9959069952777716
0.9957996630538665
0.9957091748047184
0.9956358431230099
0.9955799121380771
0.995541556731449
0.9955208820274053
0.9955179231598689
0.9955326453158616
0.9955649440546565
0.99561464590068
0.9956815092071363
0.9957652252862684
0.9958654198011304
0.9959816544127197
0.9961134286753288
0.9962601821720117
0.9964212968811319
0.9965960997640657
0.9967838655632887
0.9969838197992613
0.997195141953781
0.9974169688267532
0.9976483980526836
0.9978884917625961
0.998136280376543
0.9983907665113886
0.9986509289881362
0.9989157269227144
0.999184103883839
0.9994549921013628
0.9997273167083445
1.0
1.0
0.9996722181593046
0.999346591106486
0.9990243969831306
0.9987068970382631
0.9983953307019813
0.9980909107579228
0.9977948186333063
0.9975081998247761
0.9972321594777042
0.9969677581359563
0.9967160076784107
0.9964778674577501
0.99625424065621
0.9960459708720821
0.9958538389498204
0.9956785600656229
0.9955207810793152
0.995381078162295
0.9952599547101848
0.9951578395476984
0.9950750854320612
0.9950119678601301
0.9949686841831481
0.9949453530318592
0.9949420140534632
0.9949586279606698
0.9949950768918749
0.9950511650802598
0.9951266198283986
0.9952210927837616
0.995334161509332
0.9954653313423907
0.995614037533417
0.9957796476559527
0.9959614642772391
0.9961587278784244
0.9963706200121852
0.9965962666846895
0.9968347419479837
0.9970850716880794
0.9973462375932827
0.9976171812866357
0.9978968086057242
0.998183994012573
0.9984775851158731
0.9987764072873884
0.9990792683540598
0.9993849633470786
0.9996922792890158
1.0
1.0
0.9996363845293748
0.9992751594168258
0.9989177425330308
0.9985655330093104
0.9982199057726938
0.9978822061906198
0.9975537448460693
0.9972357924633466
0.9969295750040995
0.9966362689524363
0.9963569968072163
0.9960928227987274
0.9958447488460407
0.9956137107703465
0.9954005747785294
0.9952061342301464
0.9950311066998235
0.9948761313458937
0.9947417665948685
0.9946284881500712
0.9945366873314639
0.9944666697523723
0.9944186543374836
0.9943927726851274
0.994389068775493
0.9944074990250611
0.9944479326861736
0.9945101525892951
0.9945938562241813
0.994698657154839
0.9948240867618554
0.9949695963044047
0.9951345592929843
0.9953182741627401
0.9955199672360692
0.9957387959620746
0.9959738524193866
0.9962241670678503
0.9964887127336365
0.9967664088114473
0.9970561256666658
0.9973566892195556
0.9976668856929377
0.9979854665041729
0.9983111532817555
0.9986426429863806
0.9989786131159842
0.999317726973978
0.9996586389797012
1.0
1.0
0.9996021725045933
0.9992069602786998
0.9988159145989635
0.9984305662394303
0.9980524194924133
0.9976829463093111
0.9973235805841284
0.9969757126018248
0.996640683672919
0.9963197809749851
0.9960142326208167
0.9957252029720921
0.9954537882163647
0.9952010122241195
0.9949678227015006
0.994755087653106
0.9945635921679987
0.9943940355407753
0.9942470287381867
0.9941230922204215
0.9940226541247437
0.9939460488177314
0.9938935158208965
0.993865199112983
0.9938611468107464
0.9938813112285295
0.9939255493154422
0.9939936234674818
0.9940852027104418
0.994199864248021
0.9943370953681014
0.9944962956987784
0.9946767798043562
0.9948777801102138
0.9950984501441614
0.995337868080699
0.9955950405734146
0.9958689068596662
0.9961583431206459
0.9964621670789615
0.9967791428149745
0.9971079857823131
0.9974473680022431
0.997795923415919
0.998152253372971
0.9985149322343901
0.9988825130672915
0.9992535334088107
0.9996265210761938
1.0
1.0
0.9995697084602617
0.999142245611936
0.998719289321713
0.9983024952805123
0.9978934905364157
0.9974938671573454
0.997105176048089
0.9967289209456063
0.9963665526157917
0.996019463274015
0.9956889812508279
0.9953763659232084
0.9950828029306207
0.9948093996939965
0.9945571812545206
0.994327086447785
0.9941199644275385
0.9939365715518376
0.9937775686429501
0.9936435186308624
0.9935348845887149
0.9934520281669159
0.9933952084311082
0.9933645811075517
0.9933601982378749
0.9933820082435315
0.9934298563986771
0.993503485708578
0.9936025381890723
0.993726556541023
0.9938749862121748
0.9940471778372958
0.9942423900460303
0.9944597926264538
0.9946984700309442
0.9949574252096705
0.9952355837557326
0.9955317983448015
0.9958448534509795
0.9961734703195567
0.996516312176374
0.9968719896526131
0.9972390664030347
0.9976160648949817
0.9980014723448396
0.9983937467781225
0.9987913231889316
0.9991926197741886
0.99959604421783
1.0
1.0
0.9995391112210367
0.9990812522846818
0.9986282203683998
0.9981817888969041
0.9977437006152131
0.9973156608006801
0.9968993306403457
0.9964963207992539
0.996108185204548
0.995736415069262
0.9953824331787112
0.995047588461308
0.9947331508644444
0.994440306554843
0.9941701534614513
0.9939236971775576
0.9937018472373615
0.9935054137807195
0.9933351046182186
0.9931915227071375
0.9930751640472029
0.9929864160033759
0.9929255560612104
0.9928927510185963
0.9928880566159849
0.9929114176054489
0.9929626682572071
0.9930415333005171
0.9931476292941349
0.9932804664198566
0.9934394506910057
0.993623886566107
0.9938329799564137
0.9940658416144293
0.9943214908890851
0.9945988598318283
0.9948967976365222
0.9952140753947811
0.9955493911471686
0.9959013752095557
0.9962685957529059
0.9966495646138058
0.9970427433121964
0.9974465492520103
0.9978593620797491
0.9982795301754763
0.998705377250246
0.9991352090236243
0.9995673199547214
1.0
1.0
0.999510491632051
0.9990242012584661
0.9985430376559752
0.998068884373481
0.9976035923749621
0.9971489728299778
0.9967067900797666
0.9962787548061656
0.9958665174297135
0.995471661762334
0.9950956989389297
0.994740061651062
0.9944060987046479
0.994095069922274
0.9938081414093269
0.9935463812016552
0.9933107553109409
0.9931021241823514
0.9929212395773812
0.9927687418930983
0.9926451579272522
0.9925508990969355
0.9924862601166747
0.9924514181400073
0.9924464323667684
0.9924712441164636
0.9925256773662687
0.992609439750373
0.9927221240155597
0.9928632099261424
0.9930320666096094
0.9932279553326155
0.9934500326952818
0.9936973542301446
0.9939688783905295
0.9942634709116196
0.9945799095260642
0.9949168890146071
0.9952730265709459
0.9956468674588368
0.9960368909383609
0.9964415164372589
0.9968591099423341
0.9972879905851153
0.9977264373952652
0.9981726961946256
0.9986249866043048
0.999081509136832
0.999540452345142
1.0
1.0
0.9994839521636655
0.9989712968003025
0.9984640461748147
0.9979641859563916
0.9974736674625173
0.9969944000585885
0.9965282437426445
0.9960770019439189
0.9956424145630027
0.9952261512803918
0.9948298051590697
0.9944548865655582
0.9941028174325526
0.9937749258848628
0.9934724412488968
0.9931964894643656
0.9929480889152617
0.9927281466954706
0.9925374553226317
0.9923766899120602
0.9922464058207107
0.9921470367692821
0.9920788934486625
0.9920421626149911
0.9920369066756773
0.9920630637667766
0.9921204483201843
0.9922087521171816
0.9923275458229585
0.9924762809948485
0.9926542925551678
0.9928608017177295
0.9930949193553429
0.9933556497939005
0.9936418950169982
0.9939524592634554
0.9942860539985933
0.9946413032386947
0.9950167492067278
0.9954108582961577
0.9958220273185088
0.9962485900092808
0.9966888237658614
0.9971409565902286
0.9976031742084894
0.998073627338682
0.9985504390777425
0.9990317123781531
0.9995155375844976
1.0
1.0
0.9994595865512369
0.9989227257645923
0.9983915249165325
0.9978680634319418
0.9973543847619097
0.9968524884244749
0.9963643222392244
0.9958917747858134
0.995436668115504
0.9950007507437664
0.9945856909507991
0.9941930704155563
0.9938243782074929
0.9934810051587714
0.9931642386381208
0.9928752577459152
0.9926151289483217
0.9923848021666063
0.9921851073358559
0.9920167514454858
0.9918803160719839
0.9917762554123717
0.9917048948248784
0.9916664298813
0.9916609259334984
0.991688318194457
0.9917484123322804
0.9918408855735109
0.9919652883101271
0.9921210462026251
0.9923074627696332
0.9925237224526237
0.9927688941424301
0.9930419351524878
0.9933416956219917
0.9936669233305012
0.9940162689039471
0.9943882913904949
0.9947814641833076
0.995194181265941
0.9956247637548847
0.9960714667126518
0.9965324862038168
0.9970059665655097
0.9974900078630938
0.9979826735011047
0.9984819979589805
0.9989859946207025
0.999492663667175
1.0
1.0
0.9994374794711394
0.9988786569473012
0.9983257259097064
0.9977808508485116
0.9972461588083188
0.9967237311033063
0.9962155952341526
0.9957237170380386
0.9952499931020248
0.9947962434689887
0.9943642046640826
0.9939555230683448
0.9935717486646624
0.9932143291797643
0.9928846046443015
0.9925838023913782
0.992313032512117
0.9920732837850064
0.9918654200938661
0.9916901773473109
0.9915481609105887
0.9914398435586207
0.9913655639570014
0.9913255256756223
0.9913197967374618
0.9913483097029866
0.9914108622884754
0.9915071185144971
0.9916366103786741
0.9917987400448176
0.9919927825385013
0.9922178889371637
0.9924730900409043
0.992757300508276
0.9930693234395789
0.993407855388429
0.9937714917807385
0.9941587327186776
0.9945679891457258
0.9949975893475481
0.995445785762172
0.9959107620717772
0.9963906405473669
0.9968834896166681
0.9973873316247885
0.9979001507564829
0.998419901088313
0.9989445147385606
0.9994719100824413
1.0
1.0
0.9994177062541347
0.9988392405145854
0.9982668733667646
0.9977028453858084
0.9971493583848833
0.996608566839079
0.9960825695181896
0.9955734013607678
0.995083025620816
0.9946133263173234
0.9941661010155942
0.9937430539679328
0.9933457896397755
0.9929758066457735
0.9926344921186646
0.9923231165320092
0.9920428289960301
0.991794653043889
0.991579482923761
0.9913980804100366
0.9912510721449099
0.9911389475194927
0.9910620571014477
0.9910206116139659
0.9910146814687275
0.9910441968532947
0.9911089483712023
0.9912085882308318
0.9913426319769986
0.9915104607570658
0.9917113241112923
0.9919443432750903
0.9922085149788747
0.9925027157292479
0.9928257065534142
0.9931761381869224
0.9935525566831349
0.9939534094212099
0.9943770514878609
0.9948217524067445
0.995285703188016
0.9957670236693946
0.996263770118997
0.9967739430692435
0.9972954953502928
0.9978263402907662
0.998364360052929
0.9989074140690581
0.9994533475454078
1.0
1.0
0.9994003326370307
0.9988046075077417
0.9982151629448304
0.9976343063751655
0.9970643053069538
0.9965073784977384
0.9959656873375136
0.9954413274803207
0.9949363207566133
0.9944526073975106
0.9939920386007415
0.9935563694666729
0.993147252331288
0.9927662305213498
0.9924147325552702
0.9920940668113865
0.9918054166834621
0.9915498362412606
0.991328246412007
0.9911414316964735
0.9909900374312735
0.9908745676067826
0.9907953832478873
0.9907527013625257
0.9907465944607444
0.9907769906447277
0.9908436742680156
0.9909462871598762
0.9910843304085883
0.9912571666951906
0.9914640231671084
0.9917039948389621
0.991976048505808
0.992279027152077
0.9926116548375591
0.9929725420399398
0.9933601914316441
0.9937730040670801
0.994209285954809
0.9946672549877109
0.9951450482028703
0.9956407293416624
0.9961522966794186
0.9966776910930526
0.9972148043341696
0.9977614874744496
0.9983155594895017
0.9988748159469198
0.9994370377639511
1.0
1.0
0.99938541455341
0.998774869426045
0.9981707611228632
0.9975754544739852
0.9969912733976285
0.9964204918483716
0.9958653249858914
0.9953279205983643
0.9948103508136235
0.9943146041299679
0.9938425777971653
0.9933960705767484
0.9929767759091402
0.99258627551347
0.9922260334441869
0.9918973906267112
0.9916015598924343
0.9913396215313574
0.9911125193785826
0.9909210574487256
0.99076589713013
0.9906475549485327
0.9905664009075571
0.9905226574111284
0.9905163987705933
0.9905475512970219
0.990615893976853
0.9907210597267558
0.9908625372213026
0.9910396732848021
0.9912516758364391
0.9914976173757067
0.9917764389930189
0.9920869548883477
0.9924278573787717
0.9927977223739312
0.9931950152965924
0.9936180974238153
0.9940652326226239
0.9945345944525723
0.9950242736062297
0.995532285657333
0.9960565790852202
0.9965950435431422
0.9971455183371661
0.9977058010816372
0.9982736564965531
0.9988468253117312
0.9994230332423177
1.0
1.0
0.9993729979640604
0.9987501178887263
0.9981338046969618
0.9975264709968011
0.9969304876576442
0.9963481745756307
0.9957817916639432
0.9952335301029214
0.9947055038837508
0.9941997416782621
0.9937181790660028
0.9932626511482711
0.9928348855771973
0.9924364960262657
0.9920689761268606
0.9917336938935377
0.9914318866587291
0.9911646565355531
0.9909329664252619
0.9907376365836821
0.990579341758772
0.9904586089091325
0.9903758155110024
0.9903311884589348
0.9903248035629887
0.9903565856429267
0.9904263092175407
0.9905335997848964
0.9906779356869582
0.9908586505497731
0.9910749362881347
0.9913258466614576
0.9916103013654357
0.991927090641987
0.9922748803879865
0.9926522177413534
0.9930575371212366
0.9934891666973007
0.9939453352614769
0.9944241794740226
0.9949237514543217
0.9954420266855643
0.9959769122012891
0.996526255020724
0.9970878507989733
0.9976594526573278
0.9982387801583502
0.9988235283899112
0.9994113771220073
1.0
1.0
0.999363118727574
0.9987304243770234
0.9981044003952277
0.9974874974048079
0.9968821236319209
0.9962906355261126
0.9957153286086488
0.9951584285847485
0.9946220827540271
0.994108351752185
0.9936192016556067
0.9931564964790184
0.9927219910947389
0.9923173246003277
0.9919440141596062
0.9916034493401038
0.991296886967973
0.9910254465193276
0.9907901060648054
0.9905916987819354
0.9904309100476191
0.9903082751207225
0.990224177422427
0.9901788474196133
0.9901723621141642
0.9902046451386757
0.9902754674566762
0.9903844486630727
0.9905310588781843
0.9907146212264003
0.9909343148882149
0.9911891787121487
0.9914781153708991
0.9917998960439384
0.9921531656067543
0.9925364483049666
0.9929481538896903
0.9933865841887582
0.9938499400867463
0.9943363288852027
0.9948437720130432
0.9953702130557726
0.9959135260710008
0.9964715241566816
0.9970419682375742
0.9976225760346658
0.9982110311816496
0.9988049924520654
0.9994021030603703
1.0
1.0
0.9993558025114224
0.9987158400569219
0.9980826246131029
0.9974586349550737
0.9968463069742612
0.9962480241904912
0.9956661084951737
0.9951028111614278
0.9945603041558404
0.9940406717852825
0.9935459027108071
0.9930778823591244
0.9926383857605152
0.9922290708402992
0.9918514721891143
0.9915069953353292
0.9911969115408705
0.9909223531396406
0.9906843094355153
0.9904836231746716
0.9903209876046972
0.9901969441305891
0.9901118805753814
0.9900660300507318
0.9900594704403902
0.9900921244970411
0.9901637605505973
0.9902739938236148
0.9904222883471147
0.9906079594677423
0.9908301769348871
0.9910879685541211
0.9913802243911115
0.9917057015080317
0.9920630292124257
0.992450714796518
0.9928671497430669
0.9933106163720773
0.9937792949010115
0.9942712708895658
0.9947845430386346
0.9953170313117579
0.9958665853461507
0.9964309931193528
0.9970079898366084
0.9975952670033045
0.9981904816461507
0.9987912656462942
0.9993952351472083
1.0
1.0
0.9993510647436584
0.998706395682877
0.9980685232696239
0.9974399445100222
0.9968231132109375
0.996220430422262
0.9956342351120056
0.995066795110292
0.9945202983572118
0.9939968444881994
0.9934984367891939
0.993026974552305
0.9925842458610591
0.9921719208325352
0.9917915453418411
0.9914445352524145
0.991132171173596
0.9908555937647822
0.9906157996032784
0.9904136376307087
0.990249806190523
0.9901248506667865
0.9900391617320445
0.9899929742096362
0.9899863665533941
0.9900192609452307
0.9900914240086738
0.9902024681339856
0.9903518534081037
0.9905388901402672
0.9907627419718668
0.9910224295567752
0.9913168347961997
0.9916447056099433
0.9920046612238885
0.9923951979515275
0.9928146954454657
0.9932614233930214
0.9937335486283625
0.9942291426320333
0.9947461893872708
0.9952825935611711
0.9958361889775663
0.9964047473473969
0.996985987221436
0.9975775831294297
0.9981771748690721
0.9987823769077341
0.9993907878595176
1.0
1.0
0.9993489106052295
0.9987021015824942
0.9980621117845525
0.9974314465071265
0.9968125677030925
0.9962078843930228
0.9956197433093087
0.995050419810082
0.9945021090980073
0.9939769177777209
0.9934768557842845
0.993003828713477
0.9925596305830957
0.9921459370526681
0.9917642991271061
0.9914161373678722
0.9911027366331651
0.9908252413665071
0.9905846514509034
0.9903818186434805
0.9902174436031882
0.9900920735217795
0.9900061003658897
0.9899597597356048
0.9899531303424662
0.9899861341074128
0.990058536876716
0.9901699497515282
0.99031983102426
0.9905074887126174
0.9907320836798006
0.9909926333270757
0.9912880158427043
0.9916169749890615
0.9919781254076865
0.9923699584200155
0.992790848299645
0.9932390589901626
0.9937127512408932
0.994209990131318
0.9947287529534633
0.9952669374202154
0.99582237016631
0.9963928155076698
0.9969759844238292
0.9975695437273893
0.9981711253838059
0.9987783359443029
0.9993887660543571
1.0
1.0
0.9993493350627273
0.9987029477218199
0.9980633751758683
0.9974331210881355
0.9968146458071098
0.9962103567832788
0.9956225992193379
0.9950536469900235
0.9945056938666215
0.9939808450799045
0.9934811092538444
0.9930083907409064
0.9925644823880732
0.9921510587609844
0.9917696698517089
0.9914217352936968
0.9911085391054129
0.9908312249820164
0.9905907921522455
0.990388091815406
0.9902238241710379
0.9900985360514686
0.9900126191650699
0.9899663089555999
0.9899596840805802
0.9899926665092064
0.9900650222378468
0.9901763626187556
0.9903261462952153
0.990513681733951
0.9907381303433204
0.9909985101635013
0.9912937001126716
0.9916224447710252
0.991983359682378
0.9923749371511318
0.9927955525104546
0.9932434708357389
0.9937168540756951
0.9942137685718632
0.9947321929358572
0.9952700262523192
0.9958250965743543
0.9963951696771425
0.9969779580344877
0.9975711299822769
0.998172319032167
0.9987791332983238
0.999389164999683
1.0
1.0
0.9993523229412495
0.9987089038505848
0.9980722682766332
0.9974449083865257
0.9968292732313363
0.9962277592068468
0.9956427007466758
0.9950763612837964
0.9945309245153322
0.9940084860042346
0.9935110451500319
0.9930404975593218
0.992598627845019
0.9921871028816167
0.9918074655418647
0.9914611289383016
0.9911493711910425
0.9908733307410992
0.9906340022263144
0.9904322329347359
0.9902687198479506
0.9901440072845386
0.9900584851514258
0.9900123878084959
0.990005793549394
0.990038624699018
0.9901106483257642
0.9902214775641672
0.9903705735411868
0.9905572478970198
0.9907806658889966
0.9910398500648461
0.9913336844893986
0.9916609195066494
0.9920201770170358
0.9924099562477908
0.9928286399923495
0.9932745012929813
0.9937457105391406
0.9942403429524431
0.994756386427734
0.9952917496983633
0.9958442707925974
0.9964117257470179
0.9969918375418326
0.9975822852222349
0.9981807131692976
0.9987847404834015
0.9993919704428332
1.0
1.0
0.9993578490368763
0.998719919726424
0.998088716069782
0.9974667089712478
0.9968563265867536
0.9962599448660069
0.9956798783250104
0.9951183710846879
0.9945775882102026
0.9940596073842829
0.9935664109464777
0.9930998783287452
0.9926617789161438
0.9922537653596488
0.9918773673662802
0.991533985989782
0.9912248884430694
0.9909512034515565
0.9907139171642999
0.990513869637659
0.9903517519038822
0.9902281036346972
0.9901433114076125
0.9900976075802468
0.990091069775594
0.9901236209787133
0.9901950302429281
0.9903049140012115
0.990452737976065
0.9906378196788507
0.9908593314872284
0.9911163042871036
0.9914076316632868
0.9917320746209445
0.9920882668178626
0.9924747202855797
0.992889831615563
0.9933318885848301
0.9937990771937331
0.9942894890870733
0.9948011293282581
0.9953319244949025
0.9958797310630748
0.9964423440463372
0.9970175058548005
0.9976029153386374
0.9981962369798545
0.9987951101956339
0.9993971587162034
1.0
1.0
0.9993658782681268
0.9987359254167955
0.998112614138919
0.9974983844442398
0.9968956341284693
0.9963067094336681
0.9957338959361302
0.9951794096970472
0.9946453887101078
0.9941338846789312
0.9936468551558606
0.9931861560721342
0.9927535346878472
0.9923506229883919
0.991978931552241
0.9916398439130286
0.9913346114368777
0.9910643487338476
0.990830029620225
0.9906324836461761
0.9904723932010128
0.9903502912060235
0.9902665594024813
0.9902214272400797
0.990214971368662
0.9902471157337336
0.9903176322738616
0.9904261422156903
0.9905721179599699
0.990754885549662
0.9909736277089239
0.9912273874395404
0.9915150721592041
0.9918354583639489
0.9921871967950047
0.992568818088406
0.992978738883827
0.9934152683673618
0.9938766152213128
0.9943608949525102
0.9948661375692597
0.9953902955757085
0.9959312522512461
0.9964868301815111
0.997054800006656
0.9976328893517648
0.9982187919036715
0.9988101765979525
0.9994046968795127
1.0
1.0
0.999376365865597
0.9987568316770155
0.9981438292327663
0.997539758188575
0.9969469766841322
0.9963677921579243
0.9958044523858053
0.9952591367780093
0.9947339479681853
0.9942309037268188
0.9937519292300359
0.993298849713317
0.9928733835380638
0.9924771356972589
0.9921115917846804
0.9917781124502407
0.9914779283620521
0.9912121356937831
0.99098169215375
0.9907874135700204
0.9906299710435805
0.9905098886793512
0.9904275419025385
0.990383156365482
0.9903768074478211
0.9904084203504565
0.9904777707814437
0.9905844862296218
0.990728047819474
0.9909077927384415
0.9911229172256697
0.9913724801089808
0.9916554068747331
0.9919704942531581
0.9923164152997768
0.9926917249515805
0.9930948660348422
0.9935241756996893
0.9939778922549533
0.9944541623752848
0.9949510486511284
0.9954665374508627
0.9959985470632584
0.9965449360873769
0.9971035120361339
0.9976720401189976
0.9982482521686674
0.9988298556760994
0.9994145428979109
1.0
1.0
0.9993892575988453
0.9987825304025373
0.9981821999404646
0.9975906162635374
0.9970100887646814
0.9964428771835281
0.9958911828302255
0.9953571400623442
0.9948428080477771
0.9943501628453203
0.9938810898332927
0.9934373765151149
0.9930207057292045
0.9926326492888962
0.9922746620763329
0.9919480766124358
0.9916540981231324
0.9913938001200138
0.991168120511535
0.9909778582587332
0.99082367058727
0.9907060707653775
0.9906254264550423
0.9905819586414769
0.9905757411436495
0.990606700706331
0.9906746176718386
0.9907791272273629
0.9909197212215124
0.9910957505414743
0.9913064280400008
0.9915508319992877
0.9918279101167196
0.9921364839954351
0.9924752541207145
0.9928428053013136
0.9932376125530886
0.9936580474005579
0.9941023845704632
0.994568809049897
0.995055423480198
0.9955602558565588
0.99608126750215
0.99661636128457
0.9971633900415388
0.9977201651820218
0.9982844654283555
0.9988540456644788
0.9994266458550449
1.0
1.0
0.9994044900394381
0.9988128951533158
0.9982275374745045
0.9976507084423548
0.9970846598521189
0.9965315950839759
0.995993660545714
0.9954729373622007
0.9949714333437137
0.9944910752640336
0.9940337014778984
0.9936010549060169
0.99319477641432
0.9928163986125118
0.9924673400952752
0.9921489001476835
0.9918622539344955
0.9916084481910538
0.9913883974314942
0.9912028806878966
0.9910525387918847
0.9909378722080167
0.990859239426119
0.9908168559174866
0.9908107936576455
0.990840981216134
0.9909072044115184
0.9910091075276388
0.9911461950848713
0.9913178341580264
0.9915232572303546
0.9917615655710541
0.992031733121626
0.9923326108744573
0.9926629317251046
0.9930213157779274
0.9934062760829765
0.9938162247803946
0.9942494796270333
0.9947042708785432
0.9951787484988545
0.9956709896677395
0.9961790065560457
0.9967007543372056
0.9972341394027705
0.9977770277489961
0.9983272535009116
0.9988826275398457
0.9994409462000667
1.0
1.0
0.999421990858935
0.9988477817478242
0.9982796265576533
0.9977197493877724
0.99717033585834
0.9966335245970945
0.9961113989335061
0.9956059788324648
0.9951192130986388
0.9946529718814919
0.994209039509695
0.9937891076822937
0.9933947690425353
0.9930275111586728
0.9926887109344196
0.9923796294699692
0.9921014073926823
0.9918550606746378
0.9916414769522945
0.9914614123614922
0.9913154888989626
0.9912041923194181
0.9911278705751558
0.9910867328029586
0.9910808488609105
0.991110149415566
0.9911744265777415
0.9912733350830445
0.991406394011107
0.9915729890353875
0.991772375193327
0.9920036801646156
0.9922659080433552
0.992557943587979
0.9928785569309484
0.9932264087284753
0.9936000557288206
0.993997956736127
0.994418478945234
0.9948599046215145
0.9953204380984768
0.9957982130646893
0.9962913001105027
0.9967977145041061
0.997315424165606
0.9978423578071299
0.99837641320637
0.9989154655805451
0.9994573760274382
1.0
1.0
0.999441679160466
0.9988870289240271
0.9983382264098563
0.9977974199601334
0.997266720748392
0.9967481945562553
0.996243853750492
0.9957556494914513
0.99528546420295
0.9948351043325814
0.9944062934301993
0.994000665571012
0.9936197591483006
0.9932650110592571
0.9929377513058398
0.992639198030851
0.9923704530076828
0.9921324976003504
0.9919261892085315
0.9917522582103946
0.9916113054140052
0.9915038000260682
0.9914300781447053
0.991390341780891
0.9913846584110704
0.9914129610613834
0.9914750489218268
0.9915705884865946
0.9916991152147756
0.9918600357035424
0.9920526303639717
0.9922760565876645
0.9925293523904355
0.992811440517486
0.9931211329926907
0.9934571360929152
0.9938180557266534
0.9942024031947233
0.9946086013093022
0.9950349908462313
0.9954798373042595
0.9959413379437491
0.9964176290763315
0.9969067935760776
0.9974068685819487
0.9979158533606113
0.9984317172981472
0.9989524079887574
0.9994758593882588
1.0
1.0
0.9994634658424155
0.9989304590643622
0.998403071830706
0.9978833686521306
0.9973733783209253
0.9968750860085951
0.9963904255559721
0.9959212719856834
0.995469434265867
0.9950366483529836
0.9946245705403861
0.994234771138058
0.9938687285075517
0.993527823474713
0.9932133341412278
0.9929264311144117
0.9926681731729676
0.99243950338468
0.9922412456901936
0.9920741019651562
0.9919386495710978
0.9918353394034561
0.9917644944431944
0.9917263088164437
0.9917208473646048
0.9917480457253081
0.9918077109226349
0.9918995224629829
0.992023033930982
0.992177675077904
0.9923627543930847
0.9925774621469975
0.9928208738927733
0.9930919544111967
0.9933895620824815
0.9937124536664911
0.994059289471498
0.9944286388900881
0.994818986279423
0.9952287371617601
0.9956562247199345
0.9960997165613943
0.9965574217233902
0.9970274978910351
0.9975080587991754
0.9979971817883708
0.9984929154847336
0.9989932875729779
0.9994963126317309
1.0
1.0
0.9994872539926196
0.9989778789815417
0.9984738743727223
0.9979772131439196
0.9974898341380076
0.9970136345109377
0.9965504623636703
0.9961021095866051
0.9956703049441233
0.9952567074258517
0.9948628998901337
0.9944903830239848
0.9941405696425074
0.9938147793493389
0.9935142335782459
0.9932400510344196
0.9929932435524103
0.9927747123859656
0.9925852449432878
0.9924255119794525
0.9922960652558895
0.9921973356749767
0.992129631895893
0.9920931394359777
0.9920879202599138
0.9921139128571226
0.992170932805838
0.9922586738204069
0.992376709276469
0.9925244942067925
0.9927013677587072
0.992906556102274
0.9931391757765752
0.9933982374598136
0.9936826501472695
0.9939912257195902
0.9943226838823888
0.9946756574567074
0.9950486979985693
0.9954402817245861
0.9958488157194467
0.9962726444000498
0.9967100562100978
0.9971592905181191
0.9976185446911531
0.998085981315704
0.9985597355370672
0.9990379224877273
0.9995186447752591
1.0
1.0
0.9995129393113603
0.9990290807617622
0.9985503236003477
0.9980785419718441
0.997615577595919
0.997163232593439
0.996723262487483
0.9962973694062124
0.9958871955138264
0.995494316694881
0.9951202365161785
0.9947663804892913
0.9944340906555413
0.9941246205139304
0.9938391303111267
0.9935786827111294
0.9933442388607088
0.9931366548651099
0.9929566786868713
0.9928049474788991
0.9926819853612147
0.9925882016490097
0.9925238895378591
0.9924892252501165
0.9924842676446968
0.9925089582906179
0.9925631220028369
0.9926464678371104
0.9927585905387893
0.9928989724386972
0.9930669857874773
0.9932618955180976
0.9934828624245265
0.9937289467429866
0.9939991121206319
0.994292229955002
0.9946070840861844
0.994942375822262
0.9952967292773607
0.9956686970004195
0.9960567658717192
0.9964593632431971
0.9968748632976736
0.9973015936013174
0.9977378418229702
0.9981818625933628
0.998631884476771
0.9990861170272809
0.9995427579015755
1.0
1.0
0.9995404105613415
0.9990838426616991
0.998632088429248
0.9981869163035971
0.9977500641280319
0.9973232323803735
0.9969080775687408
0.9965062058177827
0.9961191666701364
0.9957484471269578
0.9953954659503704
0.9950615682495964
0.9947480203713538
0.9944560051138687
0.9941866172825208
0.993940859603758
0.9937196390124625
0.9935237633264473
0.9933539383201987
0.9932107652083894
0.9930947385480368
0.993006244566519
0.9929455599209628
0.9929128508928036
0.9929081730195973
0.9929314711644337
0.9929825800215697
0.9930612250551968
0.9931670238665399
0.9932994879828195
0.9934580250599553
0.9936419414892717
0.9938504453969053
0.9940826500230777
0.9943375774669404
0.9946141627812818
0.9949112584000457
0.9952276388803369
0.99556200593939
0.9959129937658647
0.9962791745837922
0.9966590644465577
0.9970511292374442
0.9974537908525151
0.9978654335409414
0.998284410377332
0.998709049840156
0.9991376624700051
0.9995685475811869
1.0
1.0
0.999569550042731
0.9991419300554671
0.9987188185402152
0.9983018718122652
0.9978927175303943
0.9974929483569017
0.9971041157720899
0.9967277240671437
0.9963652245385889
0.9960180099066683
0.9956874089790329
0.9953746815801263
0.9950810137655528
0.9948075133395375
0.9945552056923661
0.9943250299733768
0.9941178356137307
0.9939343792117655
0.9937753217922872
0.9936412264496497
0.9935325563829394
0.9934496733300163
0.9933928364055792
0.9933622013468105
0.9933578201685509
0.9933796412283294
0.9934275096999576
0.9935011684527914
0.9936002593321697
0.9937243248349668
0.9938728101726503
0.994045065712729
0.9942403497879975
0.9944578318615634
0.9946965960342652
0.9949556448797673
0.9952339035913638
0.9955302244233272
0.9958433914085174
0.9961721253329219
0.9965150889468247
0.9968708923914256
0.9972380988189223
0.9976152301833676
0.9980007731789892
0.9983931853021374
0.9987909010126029
0.9991923379697071
0.9995959033183419
1.0
1.0
0.9996002340912615
0.9992030964275472
0.9988101458617045
0.9984229206413395
0.9980429324002009
0.997671660270139
0.9973105451365047
0.9969609840592305
0.996624324881123
0.9963018610441124
0.9959948266333345
0.995704391667965
0.9954316576567259
0.9951776534348818
0.9949433312984064
0.9947295634497845
0.9945371387686608
0.9943667599192269
0.9942190408048927
0.9940945043793891
0.9939935808220247
0.9939166060833716
0.993863820806171
0.9938353696247691
0.9938313008448889
0.99385156650404
0.9938960228113716
0.9939644309642718
0.9940564583375484
0.9941716800395559
0.9943095808282052
0.9944695573783876
0.9946509208909772
0.9948529000322532
0.9950746441913034
0.9953152270417452
0.9955736503929344
0.99584884831472
0.9961396915187649
0.9964449919784805
0.9967635077687218
0.99709394810557
0.997434978565789
0.9977852264648795
0.9981432863720826
0.9985077257401992
0.9988770906276933
0.9992499114902357
0.9996247090186392
1.0
1.0
0.9996323335973053
0.9992670844075228
0.9989056861147936
0.998549553452466
0.9982000766769333
0.9978586161523694
0.9975264970673857
0.9972050043040678
0.9968953774791938
0.9965988061767136
0.9963164253897658
0.9960493111896392
0.9957984766381527
0.9955648679589263
0.9953493609819618
0.9951527578748385
0.994975784172672
0.9948190861177753
0.9946832283187196
0.9945686917372083
0.9944758720098654
0.9944050781107093
0.9943565313587212
0.9943303647735462
0.9943266227809947
0.9943452612686161
0.9943861479902474
0.9944490633170592
0.9945337013312636
0.9946396712573036
0.9947664992240283
0.9949136303500626
0.9950804311433288
0.9952661922044533
0.9954701312226206
0.9956913962513103
0.9959290692502716
0.9961821698790808
0.9964496595266604
0.9967304455602509
0.9970233857764942
0.99732729303654
0.997640940066394
0.997963064403129
0.9982923734670478
0.9986275497394425
0.9989672560252227
0.9993101407794139
0.9996548434763143
1.0
1.0
0.9996657145437611
0.9993336268423157
0.9990050404141345
0.9986812415474059
0.9983634942755946
0.998053035453826
0.997751069955218
0.9974587660057583
0.9971772506757324
0.9969076055450479
0.9966508625590759
0.9964080000908311
0.9961799392244748
0.9959675402742024
0.9957715995516302
0.9955928463937753
0.9954319404626759
0.9952894693265955
0.9951659463316302
0.995061808771369
0.9949774163610587
0.9949130500215276
0.9948689109768694
0.9948451201686553
0.9948417179881861
0.9948586643270343
0.9948958389448763
0.9949530421523629
0.9950299958055396
0.9951263446071104
0.9952416577086306
0.9953754306065552
0.9955270873239115
0.9956959828682683
0.9958814059555984
0.99608258198861
0.9962986762771454
0.9965287974873159
0.9967720013051767
0.9970272942999252
0.9972936379708627
0.9975699529616682
0.9978551234249095
0.9981480015191733
0.9984474120207129
0.9987521570310988
0.9990610207620376
0.9993727743782572
0.9996861808791793
1.0
1.0
0.9997002385605289
0.9994024479014922
0.999107796918279
0.9988174390554417
0.998532507801154
0.9982541122720828
0.9979833329058236
0.9977212172775702
0.9974687760571704
0.9972269791221198
0.9969967518413957
0.996778971544325
0.9965744641879146
0.9963840012352608
0.9962082967567937
0.9960480047652026
0.9959037167939507
0.9957759597282916
0.9956651938966995
0.9955718114295685
0.9954961348909745
0.9954384161881998
0.9953988357626182
0.9953775020644164
0.99537445131251
0.995389647539878
0.9954229829234189
0.9954742783963056
0.9955432845397189
0.9956296827497272
0.995733086674023
0.9958530439121596
0.9959890379719145
0.9961404904734147
0.9963067635916899
0.9964871627274177
0.9966809393947281
0.9968872943141267
0.9971053806977926
0.9973343077137983
0.997573144115109
0.9978209220186136
0.9980766408188786
0.9983392712208201
0.9986077593750657
0.9988810310994066
0.9991579961694428
0.9994375526613
0.999718591329128
1.0
1.0
0.9997357634932993
0.9994732642110946
0.9992135325225983
0.9989575851772347
0.9987064213330449
0.998461018664793
0.9982223295668854
0.9979912774658054
0.9977687532562971
0.9975556118750064
0.9973526690247198
0.9971606980617064
0.9969804270580068
0.9968125360497851
0.9966576544821103
0.9965163588597244
0.9963891706125344
0.9962765541836824
0.9961789153471688
0.9960965997610715
0.9960298917614657
0.9959790134011929
0.9959441237366419
0.995925318364734
0.9959226292112996
0.9959360245710513
0.9959654093983581
0.9960106258470409
0.9960714540564338
0.9961476131799865
0.9962387626517397
0.9963445036850728
0.9964643809972253
0.9965978847522138
0.9967444527139224
0.9969034726003383
0.9970742846291243
0.997256184243997
0.9974484250106832
0.9976502216705903
0.9978607533397287
0.9980791668398827
0.9983045801485391
0.9985360859536376
0.9987727552988428
0.9990136413046998
0.9992577829507858
0.9995042089037595
0.999751941376069
1.0
1.0
0.9997721439843245
0.9995457860113686
0.9993218145878773
0.9991011064759676
0.9988845232683433
0.9986729080322356
0.9984670820351055
0.9982678415647841
0.9980759548563228
0.9978921591373797
0.997717157803466
0.9975516177338448
0.9973961667582874
0.997251391284278
0.9971178340936034
0.9969959923165715
0.9968863155913872
0.9967892044154675
0.9967050086947015
0.9966340264958711
0.9965765030066341
0.9965326297066432
0.9965025437525336
0.9964863275786638
0.9964840087146394
0.9964955598197893
0.9965208989339157
0.9965598899427768
0.9966123432559321
0.9966780166937298
0.9967566165794216
0.9968477990315656
0.9969511714511188
0.9970662941968544
0.9971926824420164
0.9973298082044223
0.9974771025415599
0.9976339579015935
0.9977997306206012
0.9979737435558096
0.9981552888440812
0.9983436307744428
0.998538008763016
0.998737640418342
0.9989417246847587
0.9991494450512173
0.9993599728126935
0.9995724703711779
0.9997860945631035
1.0
1.0
0.9998092320628194
0.9996197183336802
0.9994322026975642
0.99924741920647
0.999066089212074
0.9988889185559308
0.9987165948281282
0.9985497847050082
0.9983891313762296
0.9982352520710743
0.9980887356934762
0.99795014057481
0.9978199923529828
0.9976987819858594
0.9975869639065017
0.9974849543271266
0.9973931296980825
0.9973118253275252
0.9972413341668189
0.9971819057660307
0.9971337454032024
0.9970970133903932
0.9970718245587795
0.9970582479243896
0.9970563065353358
0.9970659775006876
0.9970871922004115
0.9971198366750974
0.9971637521934746
0.9972187359950331
0.997284542204379
0.9973608829132796
0.9974474294257057
0.9975438136605476
0.9976496297060624
0.9977644355195421
0.9978877547651153
0.9980190787820817
0.9981578686756742
0.9983035575216818
0.9984555526759362
0.9986132381792769
0.9987759772482501
0.9989431148414855
0.9991139802914235
0.9992878899908278
0.9994641501233306
0.9996420594271157
0.9998209119807354
1.0
1.0
0.9998468777426045
0.9996947621918693
0.9995442504365717
0.9993959316729043
0.999250384902964
0.9991081766794283
0.9989698589051749
0.9988359666963693
0.9987070163172602
0.9985835031946373
0.9984659000195564
0.9983546549435863
0.9982501898764347
0.9981528988914009
0.9980631467446567
0.9979812675138982
0.9979075633614284
0.997842303426224
0.9977857228490277
0.9977380219339657
0.9976993654496532
0.9976698820721841
0.9976496639718464
0.9976387665448246
0.9976372082905851
0.9976449708350561
0.9976619990991452
0.9976882016115625
0.9977234509643496
0.9977675844089596
0.9978204045901796
0.9978816804146513
0.9979511480502253
0.9980285120518686
0.998113446609366
0.9982055969115803
0.9983045806215884
0.9984099894565905
0.9985213908660847
0.998638329801435
0.9987603305696084
0.9988868987635473
0.9990175232613572
0.9991516782862379
0.9992888255188684
0.9994284162537657
0.9995698935909854
0.9997126946544223
0.9998562528278749
1.0
1.0
0.9998849296245872
0.999770615783248
0.9996575071844809
0.9995460466055455
0.9994366691628881
0.9993298006172776
0.9992258557202319
0.9991252366081381
0.9990283312502647
0.998935511956636
0.9988471339514912
0.9987635340177742
0.9986850292178118
0.9986119156950201
0.9985444675611563
0.9984829358732757
0.9984275477041968
0.9983785053099011
0.9983359853968969
0.9983001384921851
0.998271088418047
0.9982489318734585
0.9982337381235131
0.9982255487978028
0.9982243777982766
0.9982302113166657
0.9982430079611265
0.9982626989913291
0.9982891886607894
0.9983223546648208
0.9983620486920771
0.9984080970772432
0.998460301552044
0.9985184400913606
0.9985822678508719
0.9986515181922867
0.998725903791901
0.9988051178278888
0.9988888352414409
0.9989767140665813
0.9990683968232379
0.9991635119679039
0.9992616753960109
0.9993624919899533
0.9994655572065264
0.9995704586974146
0.999676777956236
0.999784091985578
0.9998919749773806
1.0
1.0
0.9999232355016726
0.9998469756944447
0.9997715199159788
0.9996971635471453
0.9996241968582054
0.99955290387815
0.9994835612915838
0.9994164373674257
0.999351790923563
0.9992898703314396
0.9992309125643961
0.999175142293397
0.9991227710335825
0.9990739963448767
0.9990290010896631
0.9989879527503044
0.9989510028090427
0.9989182861925657
0.9988899207832592
0.9988660069989093
0.9988466274423283
0.9988318466221172
0.9988217107454778
0.9988162475837138
0.9988154664107652
0.9988193580148351
0.9988278947828776
0.9988410308574293
0.9988587023649848
0.9988808277148332
0.9989073079669978
0.9989380272676537
0.9989728533501366
0.9990116380993942
0.999054218177497
0.999100415707581
0.9991500390133776
0.9992028834112652
0.9992587320515868
0.9993173568057826
0.999378519195719
0.999441971361437
0.9995074570633978
0.9995747127151822
0.9996434684424839
0.9997134491641486
0.9997843756909318
0.9998559658375902
0.9999279355438778
1.0
1.0
0.9999616429636983
0.9999235381072936
0.9998858350013642
0.9998486812393885
0.9998122218612138
0.9997765987880962
0.999741950271504
0.999708410357819
0.9996761083710022
0.9996451684152158
0.9996157088993037
0.9995878420849531
0.9995616736602502
0.9995373023402464
0.9995148194960412
0.9994943088137653
0.9994758459847366
0.9994594984279246
0.9994453250457396
0.9994333760140215
0.9994236926069703
0.9994163070576185
0.999411242454308
0.9994085126734849
0.9994081223489891
0.9994100668778648
0.9994143324625775
0.9994208961893802
0.9994297261424278
0.9994407815530966
0.9994540129838357
0.9994693625457344
0.9994867641488608
0.9995061437843047
0.9995274198367269
0.9995505034261073
0.9995752987772661
0.9996017036156312
0.9996296095876185
0.9996589027039081
0.9996894638038031
0.9997211690387847
0.9997538903733059
0.9997874961008005
0.9998218513728316
0.9998568187392549
0.9998922586972353
0.9999280302469264
0.9999639914515998
1.0
1.0
1.0
1.0
1.0
1.0
1.0
1.0
1.0
1.0
1.0
1.0
1.0
1.0
1.0
1.0
1.0
1.0
1.0
1.0
1.0
1.0
1.0
1.0
1.0
1.0
1.0
1.0
1.0
1.0
1.0
1.0
1.0
1.0
1.0
1.0
1.0
1.0
1.0
1.0
1.0
1.0
1.0
1.0
1.0
1.0
1.0
1.0
1.0
1.0
1.0
1.0
