1.0
1.0
1.0
1.0
1.0
1.0
1.0
1.0
1.0
1.0
1.0
1.0
1.0
1.0
1.0
1.0
1.0
1.0
1.0
1.0
1.0
1.0
1.0
1.0
1.0
1.0
1.0
1.0
1.0
1.0
1.0
1.0
1.0
1.0
1.0
1.0
1.0
1.0
1.0
1.0
1.0
1.0
1.0
1.0
1.0
1.0
1.0
1.0
1.0
1.0
1.0
1.0
0.999999997344188
0.9999999932809871
0.9999999916923066
0.9999999869962216
0.9999999860719329
0.9999999808995207
0.9999999806888393
0.9999999751159453
0.9999999755819658
0.9999999697541648
0.9999999708377313
0.999999964883289
0.999999966547354
0.9999999605663827
0.9999999627887024
0.9999999568645556
0.9999999596255572
0.9999999538333059
0.9999999571097701
0.9999999515188901
0.9999999552824286
0.9999999499564296
0.999999954173682
0.9999999491693524
0.9999999538020207
0.999999949169353
0.9999999541736815
0.9999999499564299
0.9999999552824284
0.9999999515188899
0.9999999571097704
0.9999999538333056
0.9999999596255575
0.9999999568645546
0.999999962788703
0.9999999605663822
0.9999999665473539
0.9999999648832888
0.999999970837731
0.9999999697541644
0.9999999755819654
0.9999999751159451
0.9999999806888391
0.9999999808995206
0.9999999860719321
0.9999999869962224
0.999999991692306
0.999999993280987
0.9999999973441887
1.0
1.0
0.9999999932809874
0.9999999888043277
0.9999999807106408
0.9999999771319619
0.9999999686403406
0.9999999658575038
0.999999957025853
0.9999999551013204
0.999999946142244
0.99999994499768
0.9999999361501605
0.9999999357358927
0.9999999271753635
0.9999999274885629
0.9999999193398919
0.9999999203988416
0.9999999127591105
0.9999999145835441
0.9999999075335763
0.9999999101368187
0.9999999037434859
0.9999999071309986
0.999999901446423
0.999999905615523
0.9999999006769054
0.9999999056155228
0.9999999014464233
0.999999907130999
0.9999999037434857
0.9999999101368185
0.999999907533576
0.9999999145835445
0.9999999127591095
0.9999999203988427
0.9999999193398914
0.9999999274885629
0.9999999271753631
0.9999999357358919
0.9999999361501604
0.9999999449976793
0.9999999461422446
0.9999999551013192
0.9999999570258531
0.9999999658575031
0.9999999686403408
0.9999999771319613
0.9999999807106411
0.9999999888043275
0.9999999932809869
1.0
1.0
0.9999999916923059
0.9999999807106406
0.9999999740716674
0.9999999626973078
0.9999999565738048
0.9999999452086501
0.9999999398272222
0.9999999286057448
0.9999999239581626
0.9999999132045867
0.9999999092315013
0.9999998992053671
0.9999998959248564
0.9999998867913469
0.9999998842751714
0.9999998761406788
0.9999998744766166
0.9999998674155587
0.9999998666869327
0.9999998607514449
0.9999998610308976
0.9999998562513716
0.9999998575999114
0.9999998539841481
0.99999985644996
0.9999998539841489
0.999999857599911
0.999999856251372
0.9999998610308973
0.9999998607514458
0.9999998666869323
0.999999867415559
0.9999998744766169
0.9999998761406776
0.9999998842751718
0.9999998867913462
0.9999998959248562
0.9999998992053674
0.9999999092315006
0.9999999132045871
0.9999999239581612
0.9999999286057459
0.9999999398272215
0.9999999452086505
0.9999999565738044
0.9999999626973082
0.9999999740716672
0.9999999807106409
0.9999999916923068
1.0
1.0
0.9999999869962226
0.9999999771319619
0.9999999626973081
0.9999999533432725
0.999999939354749
0.999999930388602
0.9999999168656774
0.9999999085176996
0.9999998957687021
0.9999998880012001
0.9999998763804723
0.9999998692155355
0.9999998589504284
0.9999998525029911
0.9999998437210347
0.9999998381472441
0.9999998309216394
0.9999998263795273
0.9999998207524708
0.9999998173858214
0.9999998133735792
0.9999998113086986
0.999999808900145
0.9999998082454362
0.9999998074013206
0.9999998082454356
0.9999998089001452
0.9999998113086986
0.9999998133735795
0.9999998173858208
0.9999998207524714
0.9999998263795273
0.9999998309216394
0.9999998381472447
0.999999843721034
0.9999998525029914
0.999999858950428
0.999999869215535
0.9999998763804726
0.9999998880011988
0.9999998957687031
0.9999999085176982
0.9999999168656781
0.9999999303886006
0.9999999393547496
0.9999999533432716
0.9999999626973086
0.9999999771319616
0.999999986996222
1.0
1.0
0.999999986071932
0.9999999686403401
0.999999956573805
0.999999939354749
0.9999999273204553
0.9999999108832114
0.9999998993628361
0.9999998838131662
0.9999998729115306
0.9999998586676935
0.9999998483984731
0.9999998357834207
0.9999998262744204
0.9999998154695816
0.9999998069234853
0.999999798026159
0.9999997906601078
0.999999783726078
0.9999997777392554
0.9999997727976231
0.9999997683621326
0.9999997654148719
0.9999997626758155
0.9999997616943511
0.9999997607702755
0.9999997616943516
0.9999997626758154
0.9999997654148722
0.9999997683621321
0.9999997727976235
0.9999997777392552
0.9999997837260783
0.9999997906601077
0.9999997980261586
0.9999998069234852
0.9999998154695807
0.999999826274421
0.9999998357834203
0.9999998483984731
0.9999998586676935
0.99999987291153
0.9999998838131665
0.9999998993628352
0.9999999108832124
0.9999999273204541
0.9999999393547495
0.9999999565738046
0.9999999686403407
0.9999999860719327
1.0
1.0
0.9999999808995212
0.9999999658575042
0.9999999452086499
0.9999999303886021
0.9999999108832112
0.9999998962139148
0.9999998777567107
0.9999998637084405
0.9999998466288187
0.9999998332646052
0.9999998179801178
0.9999998054259973
0.9999997921937784
0.9999997806859577
0.9999997696410063
0.9999997594532141
0.9999997506714895
0.9999997420606794
0.9999997355902907
0.9999997287756263
0.9999997246416737
0.9999997198025131
0.9999997180018448
0.9999997152806193
0.9999997157767871
0.9999997152806192
0.999999718001845
0.999999719802513
0.9999997246416743
0.9999997287756256
0.9999997355902908
0.9999997420606788
0.9999997506714896
0.9999997594532136
0.9999997696410062
0.9999997806859577
0.9999997921937784
0.9999998054259962
0.9999998179801176
0.9999998332646042
0.9999998466288194
0.9999998637084394
0.9999998777567115
0.9999998962139133
0.9999999108832122
0.9999999303886012
0.9999999452086504
0.9999999658575034
0.9999999808995205
1.0
1.0
0.9999999806888384
0.9999999570258523
0.9999999398272224
0.9999999168656774
0.9999998993628364
0.9999998777567113
0.9999998607586724
0.9999998405048893
0.9999998242985898
0.9999998058443903
0.9999997905599722
0.9999997742585388
0.9999997601445714
0.9999997461913867
0.9999997335655125
0.9999997220705202
0.9999997112434202
0.9999997022833068
0.999999693519338
0.999999687153636
0.9999996806620307
0.9999996769288934
0.9999996728676516
0.9999996717749791
0.9999996702560735
0.9999996717749793
0.9999996728676511
0.9999996769288938
0.99999968066203
0.9999996871536365
0.9999996935193378
0.9999997022833066
0.9999997112434198
0.9999997220705197
0.9999997335655132
0.9999997461913858
0.9999997601445713
0.9999997742585384
0.9999997905599725
0.99999980584439
0.999999824298589
0.9999998405048888
0.9999998607586721
0.9999998777567111
0.9999998993628356
0.9999999168656771
0.999999939827222
0.9999999570258526
0.9999999806888393
1.0
1.0
0.999999975115946
0.9999999551013204
0.9999999286057447
0.999999908517699
0.9999998838131662
0.9999998637084396
0.9999998405048894
0.9999998211658079
0.9999997997375709
0.9999997813848893
0.9999997621632937
0.9999997450524427
0.9999997283071943
0.9999997127927227
0.999999698673567
0.9999996851248784
0.9999996737334419
0.999999662472997
0.999999653896251
0.9999996451777391
0.999999639489804
0.99999963349948
0.9999996307508742
0.9999996276154155
0.9999996278220389
0.9999996276154154
0.9999996307508741
0.9999996334994796
0.9999996394898043
0.9999996451777386
0.999999653896251
0.9999996624729963
0.999999673733442
0.9999996851248777
0.9999996986735666
0.9999997127927225
0.9999997283071943
0.9999997450524418
0.9999997621632924
0.9999997813848892
0.9999997997375709
0.9999998211658078
0.9999998405048894
0.9999998637084393
0.9999998838131661
0.9999999085176984
0.9999999286057448
0.9999999551013201
0.999999975115945
1.0
1.0
0.9999999755819646
0.9999999461422442
0.9999999239581621
0.9999998957687022
0.99999987291153
0.9999998466288194
0.999999824298589
0.9999997997375712
0.9999997784625104
0.9999997560421456
0.9999997361018768
0.9999997161797199
0.9999996979469573
0.999999680732615
0.9999996646240272
0.9999996502546374
0.9999996366498168
0.9999996252435591
0.9999996144448845
0.9999996061144325
0.9999995983409331
0.9999995931842864
0.9999995885799348
0.9999995866658999
0.9999995853096875
0.9999995866659
0.9999995885799351
0.999999593184286
0.9999995983409328
0.9999996061144323
0.9999996144448848
0.9999996252435591
0.9999996366498164
0.9999996502546368
0.9999996646240276
0.9999996807326146
0.9999996979469573
0.9999997161797198
0.9999997361018778
0.999999756042145
0.9999997784625094
0.9999997997375714
0.9999998242985881
0.9999998466288196
0.9999998729115296
0.9999998957687027
0.9999999239581618
0.9999999461422442
0.9999999755819654
1.0
1.0
0.999999969754166
0.9999999449976796
0.9999999132045864
0.9999998880011993
0.9999998586676936
0.999999833264604
0.9999998058443905
0.9999997813848888
0.999999756042145
0.9999997329381027
0.9999997100891439
0.9999996887294851
0.999999668655655
0.9999996494959945
0.9999996323763558
0.9999996158564775
0.9999996018366394
0.9999995883204772
0.9999995775420609
0.9999995672988171
0.9999995598966135
0.9999995531057239
0.9999995491921226
0.999999545954981
0.999999545604399
0.9999995459549805
0.9999995491921225
0.9999995531057242
0.9999995598966136
0.9999995672988167
0.9999995775420614
0.9999995883204764
0.9999996018366398
0.9999996158564771
0.9999996323763559
0.9999996494959941
0.9999996686556549
0.9999996887294845
0.9999997100891426
0.9999997329381026
0.9999997560421455
0.9999997813848888
0.9999998058443911
0.9999998332646041
0.9999998586676933
0.9999998880011993
0.9999999132045864
0.9999999449976797
0.9999999697541649
1.0
1.0
0.9999999708377298
0.9999999361501601
0.9999999092315017
0.9999998763804718
0.9999998483984729
0.9999998179801178
0.9999997905599716
0.9999997621632931
0.9999997361018774
0.9999997100891431
0.9999996858187306
0.9999996625512572
0.9999996405480994
0.9999996202672756
0.9999996010166873
0.9999995839084637
0.9999995678313489
0.9999995540716051
0.9999995414897687
0.9999995312519512
0.9999995223855829
0.9999995158273645
0.9999995108060314
0.9999995080514985
0.9999995069265081
0.9999995080514994
0.9999995108060316
0.9999995158273645
0.9999995223855822
0.9999995312519513
0.9999995414897682
0.9999995540716055
0.9999995678313485
0.9999995839084632
0.999999601016687
0.9999996202672757
0.9999996405480991
0.9999996625512576
0.9999996858187313
0.9999997100891429
0.9999997361018768
0.999999762163293
0.9999997905599712
0.9999998179801182
0.9999998483984732
0.9999998763804717
0.9999999092315015
0.9999999361501603
0.9999999708377308
1.0
1.0
0.9999999648832899
0.9999999357358929
0.9999998992053665
0.9999998692155356
0.99999983578342
0.999999805425996
0.9999997742585387
0.9999997450524419
0.999999716179719
0.9999996887294853
0.9999996625512573
0.9999996373571406
0.9999996141857858
0.9999995917692781
0.9999995718390677
0.99999955267683
0.9999995361974265
0.999999520672195
0.999999507848605
0.9999994962358207
0.999999487260871
0.9999994797357326
0.9999994747723586
0.9999994714222544
0.9999994705868441
0.9999994714222541
0.9999994747723586
0.9999994797357326
0.9999994872608716
0.9999994962358203
0.9999995078486059
0.9999995206721947
0.999999536197427
0.9999995526768302
0.999999571839068
0.999999591769278
0.9999996141857861
0.9999996373571391
0.9999996625512568
0.9999996887294849
0.9999997161797206
0.9999997450524414
0.9999997742585397
0.9999998054259958
0.9999998357834204
0.9999998692155354
0.9999998992053665
0.9999999357358923
0.9999999648832892
1.0
1.0
0.9999999665473533
0.9999999271753625
0.999999895924857
0.9999998589504269
0.9999998262744205
0.9999997921937787
0.9999997601445707
0.9999997283071944
0.9999996979469571
0.9999996686556542
0.9999996405480985
0.9999996141857856
0.9999995888737874
0.9999995657415226
0.9999995437407112
0.9999995240973255
0.9999995058417912
0.999999489933052
0.9999994757508294
0.9999994638097185
0.9999994539232339
0.9999994461548033
0.9999994406913588
0.9999994372553637
0.9999994362579985
0.9999994372553639
0.999999440691359
0.9999994461548031
0.9999994539232331
0.9999994638097184
0.9999994757508295
0.9999994899330519
0.9999995058417916
0.9999995240973243
0.9999995437407113
0.9999995657415217
0.9999995888737875
0.9999996141857862
0.9999996405480988
0.9999996686556547
0.9999996979469565
0.9999997283071951
0.9999997601445706
0.9999997921937789
0.9999998262744205
0.9999998589504276
0.9999998959248569
0.9999999271753628
0.9999999665473536
1.0
1.0
0.9999999605663832
0.9999999274885636
0.9999998867913454
0.9999998525029917
0.9999998154695808
0.9999997806859564
0.9999997461913862
0.9999997127927214
0.9999996807326146
0.9999996494959944
0.9999996202672762
0.999999591769278
0.9999995657415224
0.9999995405295261
0.999999518018005
0.9999994965731241
0.9999994778670621
0.9999994605728141
0.9999994459424395
0.9999994330776106
0.9999994227634762
0.9999994145084904
0.99999940870524
0.9999994051515144
0.9999994039939688
0.9999994051515145
0.9999994087052394
0.9999994145084907
0.9999994227634762
0.999999433077611
0.9999994459424392
0.9999994605728143
0.9999994778670612
0.9999994965731255
0.9999995180180046
0.9999995405295264
0.999999565741522
0.9999995917692778
0.9999996202672755
0.9999996494959942
0.9999996807326156
0.9999997127927213
0.9999997461913868
0.9999997806859569
0.9999998154695809
0.9999998525029908
0.9999998867913457
0.9999999274885627
0.9999999605663829
1.0
1.0
0.9999999627887017
0.999999919339891
0.999999884275172
0.9999998437210335
0.9999998069234846
0.999999769641007
0.999999733565512
0.9999996986735674
0.9999996646240267
0.999999632376355
0.9999996010166861
0.9999995718390677
0.9999995437407109
0.999999518018005
0.9999994936929608
0.9999994717737141
0.9999994516475037
0.9999994338519671
0.9999994182515141
0.9999994048649249
0.9999993940199982
0.9999993852787916
0.9999993793284673
0.9999993754070268
0.9999993744056713
0.9999993754070267
0.9999993793284678
0.9999993852787918
0.9999993940199975
0.9999994048649248
0.9999994182515137
0.9999994338519671
0.9999994516475045
0.9999994717737127
0.9999994936929615
0.9999995180180046
0.9999995437407112
0.9999995718390677
0.9999996010166867
0.9999996323763557
0.9999996646240265
0.9999996986735675
0.9999997335655123
0.9999997696410062
0.9999998069234852
0.9999998437210342
0.9999998842751716
0.9999999193398917
0.9999999627887023
1.0
1.0
0.9999999568645556
0.9999999203988429
0.999999876140677
0.9999998381472455
0.9999997980261576
0.9999997594532134
0.999999722070519
0.9999996851248777
0.9999996502546361
0.9999996158564782
0.9999995839084624
0.9999995526768306
0.9999995240973237
0.9999994965731256
0.999999471773713
0.9999994484193659
0.9999994277744304
0.9999994089635523
0.9999993928037114
0.9999993788191996
0.9999993674199472
0.9999993584566306
0.9999993520269395
0.9999993481947603
0.9999993468687299
0.9999993481947608
0.9999993520269387
0.9999993584566305
0.9999993674199478
0.9999993788191994
0.9999993928037114
0.9999994089635521
0.9999994277744298
0.999999448419367
0.9999994717737127
0.999999496573125
0.9999995240973241
0.9999995526768303
0.9999995839084623
0.9999996158564778
0.9999996502546366
0.9999996851248781
0.9999997220705192
0.9999997594532145
0.9999997980261573
0.9999998381472447
0.9999998761406772
0.9999999203988426
0.9999999568645549
1.0
1.0
0.999999959625557
0.9999999127591088
0.9999998744766176
0.9999998309216378
0.999999790660108
0.9999997506714892
0.99999971124342
0.9999996737334413
0.9999996366498163
0.9999996018366384
0.9999995678313489
0.9999995361974259
0.999999505841792
0.9999994778670602
0.9999994516475049
0.9999994277744301
0.9999994060959162
0.9999993867151923
0.9999993699011803
0.9999993553398162
0.9999993436322631
0.9999993341440745
0.9999993277031272
0.9999993234621337
0.9999993223652898
0.9999993234621336
0.999999327703127
0.9999993341440753
0.9999993436322622
0.9999993553398165
0.9999993699011797
0.9999993867151926
0.9999994060959158
0.99999942777443
0.9999994516475046
0.9999994778670613
0.9999995058417914
0.9999995361974269
0.9999995678313486
0.9999996018366388
0.9999996366498164
0.9999996737334416
0.9999997112434206
0.9999997506714885
0.9999997906601085
0.9999998309216391
0.9999998744766176
0.9999999127591094
0.999999959625557
1.0
1.0
0.9999999538333066
0.999999914583545
0.9999998674155576
0.9999998263795276
0.9999997837260777
0.999999742060678
0.9999997022833059
0.9999996624729957
0.9999996252435589
0.9999995883204764
0.9999995540716045
0.9999995206721943
0.9999994899330511
0.9999994605728147
0.9999994338519667
0.999999408963552
0.999999386715193
0.9999993666587134
0.9999993492640274
0.9999993343283695
0.9999993220859614
0.9999993124854039
0.9999993056069275
0.999999301476526
0.9999993000850863
0.9999993014765259
0.9999993056069273
0.9999993124854032
0.9999993220859619
0.9999993343283693
0.9999993492640272
0.9999993666587133
0.9999993867151924
0.9999994089635523
0.999999433851966
0.9999994605728146
0.9999994899330509
0.9999995206721944
0.999999554071605
0.9999995883204771
0.999999625243559
0.9999996624729968
0.9999997022833057
0.9999997420606792
0.9999997837260771
0.9999998263795269
0.9999998674155577
0.9999999145835448
0.9999999538333064
1.0
1.0
0.9999999571097692
0.9999999075335754
0.9999998666869327
0.9999998207524703
0.9999997777392542
0.9999997355902912
0.999999693519337
0.999999653896251
0.9999996144448835
0.999999577542061
0.9999995414897679
0.9999995078486053
0.999999475750829
0.9999994459424386
0.9999994182515136
0.9999993928037118
0.9999993699011794
0.9999993492640273
0.9999993314705539
0.9999993160015442
0.9999993035735302
0.9999992935341605
0.9999992866554225
0.9999992822121213
0.9999992809859474
0.999999282212121
0.9999992866554224
0.9999992935341611
0.9999993035735295
0.9999993160015446
0.999999331470554
0.9999993492640274
0.9999993699011792
0.9999993928037116
0.999999418251514
0.9999994459424387
0.9999994757508294
0.9999995078486056
0.9999995414897674
0.9999995775420616
0.9999996144448837
0.9999996538962511
0.9999996935193375
0.9999997355902907
0.9999997777392546
0.9999998207524708
0.9999998666869327
0.9999999075335758
0.9999999571097696
1.0
1.0
0.9999999515188911
0.9999999101368181
0.9999998607514451
0.9999998173858203
0.9999997727976234
0.9999997287756239
0.9999996871536357
0.9999996451777379
0.999999606114432
0.9999995672988161
0.9999995312519507
0.9999994962358201
0.999999463809718
0.9999994330776109
0.9999994048649244
0.9999993788191993
0.9999993553398164
0.9999993343283698
0.9999993160015441
0.9999993003203472
0.9999992874584859
0.9999992773413325
0.9999992701531412
0.9999992657593099
0.9999992643545872
0.9999992657593104
0.9999992701531413
0.9999992773413324
0.9999992874584862
0.9999993003203475
0.9999993160015438
0.9999993343283702
0.999999355339816
0.9999993788191999
0.9999994048649242
0.9999994330776109
0.9999994638097175
0.9999994962358201
0.9999995312519508
0.9999995672988163
0.9999996061144325
0.9999996451777385
0.9999996871536356
0.9999997287756249
0.9999997727976225
0.9999998173858207
0.9999998607514453
0.9999999101368179
0.9999999515188913
1.0
1.0
0.9999999552824271
0.9999999037434851
0.9999998610308972
0.9999998133735786
0.999999768362131
0.9999997246416743
0.9999996806620298
0.9999996394898033
0.9999995983409324
0.9999995598966127
0.9999995223855822
0.9999994872608704
0.9999994539232334
0.9999994227634754
0.9999993940199978
0.9999993674199473
0.9999993436322624
0.9999993220859605
0.9999993035735306
0.9999992874584862
0.9999992744911209
0.9999992640710825
0.9999992568531659
0.9999992522858158
0.9999992509423505
0.9999992522858152
0.9999992568531663
0.9999992640710826
0.999999274491121
0.999999287458486
0.9999993035735306
0.9999993220859604
0.9999993436322632
0.9999993674199468
0.9999993940199979
0.999999422763475
0.9999994539232343
0.99999948726087
0.9999995223855827
0.9999995598966126
0.9999995983409324
0.9999996394898034
0.9999996806620305
0.9999997246416734
0.9999997683621326
0.9999998133735786
0.9999998610308973
0.9999999037434855
0.9999999552824276
1.0
1.0
0.9999999499564308
0.9999999071309986
0.9999998562513706
0.999999811308699
0.9999997654148719
0.9999997198025119
0.9999996769288924
0.999999633499479
0.9999995931842854
0.9999995531057231
0.9999995158273639
0.999999479735732
0.9999994461548021
0.9999994145084904
0.9999993852787908
0.99999935845663
0.9999993341440752
0.9999993124854041
0.99999929353416
0.9999992773413321
0.9999992640710823
0.9999992535932761
0.9999992462086065
0.999999241623384
0.9999992402234377
0.9999992416233849
0.9999992462086061
0.9999992535932765
0.9999992640710825
0.9999992773413319
0.99999929353416
0.9999993124854041
0.999999334144074
0.9999993584566308
0.9999993852787907
0.9999994145084908
0.9999994461548019
0.9999994797357327
0.9999995158273643
0.9999995531057231
0.9999995931842861
0.9999996334994792
0.9999996769288927
0.9999997198025123
0.9999997654148713
0.9999998113086982
0.9999998562513713
0.9999999071309986
0.9999999499564307
1.0
1.0
0.9999999541736799
0.9999999014464227
0.999999857599911
0.9999998089001445
0.9999997626758141
0.9999997180018451
0.9999996728676506
0.9999996307508735
0.9999995885799339
0.999999549192122
0.9999995108060308
0.9999994747723576
0.9999994406913583
0.9999994087052391
0.9999993793284666
0.9999993520269396
0.999999327703126
0.9999993056069273
0.9999992866554221
0.9999992701531415
0.9999992568531658
0.9999992462086063
0.9999992387782181
0.9999992341427384
0.9999992327209262
0.999999234142738
0.9999992387782187
0.9999992462086064
0.9999992568531658
0.9999992701531416
0.9999992866554224
0.9999993056069267
0.9999993277031268
0.9999993520269389
0.999999379328467
0.9999994087052396
0.9999994406913585
0.9999994747723585
0.9999995108060303
0.9999995491921232
0.9999995885799338
0.9999996307508738
0.999999672867651
0.9999997180018448
0.9999997626758147
0.9999998089001448
0.9999998575999108
0.999999901446423
0.9999999541736804
1.0
1.0
0.9999999491693536
0.9999999056155231
0.9999998539841474
0.9999998082454359
0.9999997616943507
0.999999715280618
0.9999996717749783
0.999999627615415
0.9999995866658993
0.9999995459549796
0.999999508051498
0.9999994714222536
0.9999994372553629
0.999999405151514
0.9999993754070262
0.9999993481947592
0.9999993234621338
0.9999993014765262
0.9999992822121201
0.9999992657593101
0.9999992522858147
0.9999992416233843
0.9999992341427384
0.9999992294579187
0.9999992280635619
0.9999992294579192
0.9999992341427382
0.9999992416233842
0.9999992522858152
0.9999992657593094
0.9999992822121206
0.9999993014765259
0.9999993234621339
0.9999993481947596
0.9999993754070271
0.9999994051515142
0.9999994372553637
0.9999994714222538
0.9999995080514996
0.9999995459549791
0.9999995866659006
0.9999996276154152
0.999999671774979
0.9999997152806182
0.999999761694351
0.9999998082454354
0.9999998539841485
0.9999999056155224
0.9999999491693532
1.0
1.0
0.9999999538020194
0.9999999006769045
0.9999998564499598
0.9999998074013191
0.9999997607702746
0.9999997157767865
0.9999996702560727
0.9999996278220379
0.999999585309687
0.9999995456043985
0.999999506926507
0.9999994705868435
0.9999994362579976
0.9999994039939685
0.9999993744056705
0.99999934686873
0.9999993223652883
0.9999993000850859
0.9999992809859483
0.9999992643545865
0.9999992509423508
0.9999992402234369
0.9999992327209256
0.9999992280635617
0.9999992266145423
0.9999992280635618
0.9999992327209261
0.9999992402234377
0.9999992509423501
0.9999992643545871
0.9999992809859481
0.9999993000850855
0.9999993223652892
0.99999934686873
0.999999374405671
0.9999994039939689
0.9999994362579985
0.9999994705868444
0.9999995069265069
0.9999995456043997
0.9999995853096872
0.9999996278220382
0.9999996702560735
0.9999997157767861
0.9999997607702759
0.9999998074013198
0.9999998564499597
0.9999999006769048
0.9999999538020203
1.0
1.0
0.9999999491693536
0.9999999056155229
0.9999998539841477
0.999999808245436
0.9999997616943503
0.9999997152806183
0.9999996717749777
0.999999627615415
0.9999995866658986
0.9999995459549795
0.9999995080514978
0.9999994714222534
0.9999994372553627
0.9999994051515143
0.9999993754070258
0.9999993481947591
0.9999993234621332
0.999999301476526
0.9999992822121199
0.9999992657593101
0.9999992522858144
0.9999992416233846
0.9999992341427378
0.999999229457919
0.9999992280635616
0.9999992294579193
0.9999992341427374
0.9999992416233845
0.9999992522858152
0.9999992657593096
0.9999992822121199
0.9999993014765268
0.9999993234621332
0.9999993481947598
0.9999993754070265
0.9999994051515145
0.9999994372553634
0.9999994714222538
0.9999995080514992
0.9999995459549798
0.9999995866659002
0.9999996276154153
0.9999996717749784
0.999999715280619
0.9999997616943501
0.999999808245436
0.9999998539841487
0.9999999056155228
0.9999999491693531
1.0
1.0
0.9999999541736799
0.9999999014464228
0.9999998575999108
0.9999998089001442
0.9999997626758141
0.9999997180018444
0.9999996728676501
0.9999996307508735
0.9999995885799338
0.9999995491921222
0.9999995108060306
0.9999994747723581
0.9999994406913579
0.9999994087052387
0.9999993793284672
0.999999352026939
0.9999993277031263
0.9999993056069268
0.9999992866554221
0.9999992701531407
0.9999992568531658
0.9999992462086056
0.9999992387782177
0.9999992341427376
0.9999992327209257
0.9999992341427381
0.9999992387782186
0.9999992462086061
0.9999992568531652
0.9999992701531417
0.9999992866554221
0.9999993056069271
0.9999993277031264
0.9999993520269391
0.9999993793284669
0.9999994087052396
0.9999994406913588
0.9999994747723587
0.9999995108060309
0.9999995491921234
0.9999995885799337
0.9999996307508743
0.9999996728676506
0.9999997180018452
0.9999997626758153
0.999999808900145
0.9999998575999107
0.9999999014464234
0.9999999541736806
1.0
1.0
0.9999999499564304
0.9999999071309992
0.9999998562513709
0.9999998113086986
0.9999997654148713
0.9999997198025119
0.9999996769288922
0.9999996334994783
0.9999995931842851
0.9999995531057223
0.9999995158273635
0.9999994797357314
0.9999994461548026
0.9999994145084901
0.999999385278791
0.9999993584566296
0.9999993341440749
0.9999993124854029
0.9999992935341605
0.9999992773413314
0.9999992640710818
0.9999992535932761
0.9999992462086056
0.9999992416233845
0.9999992402234367
0.9999992416233843
0.9999992462086053
0.9999992535932761
0.9999992640710826
0.9999992773413314
0.9999992935341603
0.9999993124854033
0.999999334144075
0.9999993584566297
0.9999993852787913
0.9999994145084906
0.9999994461548027
0.9999994797357318
0.9999995158273649
0.9999995531057226
0.9999995931842868
0.9999996334994786
0.9999996769288931
0.9999997198025126
0.9999997654148713
0.9999998113086989
0.9999998562513719
0.9999999071309987
0.9999999499564307
1.0
1.0
0.999999955282428
0.9999999037434842
0.9999998610308978
0.9999998133735779
0.9999997683621317
0.999999724641673
0.9999996806620293
0.9999996394898033
0.9999995983409318
0.9999995598966135
0.9999995223855817
0.999999487260871
0.9999994539232328
0.9999994227634755
0.9999993940199972
0.999999367419947
0.999999343632262
0.9999993220859605
0.9999993035735294
0.999999287458485
0.9999992744911208
0.9999992640710818
0.9999992568531655
0.9999992522858145
0.9999992509423501
0.9999992522858151
0.9999992568531659
0.9999992640710824
0.9999992744911202
0.9999992874584863
0.9999993035735298
0.9999993220859611
0.9999993436322618
0.9999993674199474
0.999999394019997
0.999999422763476
0.9999994539232335
0.9999994872608713
0.9999995223855823
0.9999995598966138
0.9999995983409319
0.9999996394898042
0.9999996806620306
0.9999997246416739
0.9999997683621328
0.9999998133735787
0.9999998610308972
0.999999903743486
0.9999999552824278
1.0
1.0
0.9999999515188905
0.9999999101368189
0.9999998607514444
0.9999998173858211
0.9999997727976226
0.9999997287756246
0.9999996871536353
0.9999996451777377
0.9999996061144313
0.9999995672988149
0.9999995312519505
0.9999994962358195
0.9999994638097178
0.9999994330776101
0.9999994048649244
0.9999993788191991
0.9999993553398161
0.9999993343283688
0.999999316001544
0.999999300320347
0.9999992874584849
0.9999992773413322
0.9999992701531406
0.9999992657593102
0.9999992643545859
0.9999992657593096
0.9999992701531404
0.9999992773413321
0.9999992874584858
0.9999993003203466
0.9999993160015436
0.9999993343283695
0.9999993553398163
0.9999993788191986
0.9999994048649253
0.9999994330776102
0.9999994638097185
0.9999994962358192
0.9999995312519521
0.999999567298815
0.9999996061144335
0.9999996451777378
0.9999996871536362
0.9999997287756252
0.9999997727976231
0.9999998173858209
0.9999998607514459
0.9999999101368182
0.9999999515188909
1.0
1.0
0.9999999571097699
0.9999999075335744
0.9999998666869327
0.9999998207524693
0.9999997777392544
0.9999997355902895
0.9999996935193374
0.99999965389625
0.999999614444884
0.9999995775420607
0.9999995414897681
0.9999995078486044
0.9999994757508293
0.9999994459424378
0.9999994182515141
0.9999993928037109
0.9999993699011794
0.9999993492640266
0.999999331470553
0.999999316001543
0.99999930357353
0.9999992935341594
0.9999992866554216
0.9999992822121195
0.9999992809859477
0.999999282212121
0.9999992866554218
0.9999992935341604
0.9999993035735292
0.9999993160015449
0.9999993314705538
0.9999993492640269
0.9999993699011793
0.9999993928037119
0.999999418251513
0.9999994459424386
0.9999994757508294
0.9999995078486055
0.9999995414897681
0.9999995775420617
0.9999996144448837
0.9999996538962509
0.9999996935193382
0.9999997355902907
0.999999777739255
0.9999998207524711
0.9999998666869324
0.9999999075335763
0.99999995710977
1.0
1.0
0.9999999538333061
0.999999914583545
0.9999998674155575
0.9999998263795277
0.9999997837260772
0.9999997420606788
0.9999997022833057
0.9999996624729955
0.9999996252435581
0.9999995883204755
0.9999995540716041
0.9999995206721944
0.9999994899330507
0.9999994605728137
0.9999994338519663
0.9999994089635514
0.9999993867151923
0.9999993666587124
0.9999993492640274
0.9999993343283688
0.9999993220859605
0.9999993124854031
0.999999305606927
0.9999993014765262
0.9999993000850858
0.9999993014765253
0.999999305606927
0.9999993124854033
0.9999993220859615
0.9999993343283682
0.9999993492640268
0.9999993666587127
0.9999993867151924
0.999999408963551
0.9999994338519667
0.9999994605728144
0.999999489933051
0.9999995206721946
0.9999995540716051
0.9999995883204761
0.9999996252435593
0.9999996624729969
0.9999997022833059
0.9999997420606792
0.9999997837260775
0.9999998263795273
0.9999998674155582
0.9999999145835445
0.9999999538333062
1.0
1.0
0.9999999596255568
0.9999999127591087
0.9999998744766171
0.999999830921638
0.9999997906601072
0.9999997506714886
0.9999997112434189
0.9999996737334416
0.9999996366498154
0.9999996018366392
0.9999995678313476
0.9999995361974257
0.9999995058417912
0.9999994778670608
0.9999994516475043
0.9999994277744296
0.9999994060959153
0.9999993867151918
0.9999993699011789
0.9999993553398152
0.9999993436322622
0.9999993341440738
0.999999327703126
0.9999993234621322
0.9999993223652891
0.999999323462133
0.9999993277031268
0.9999993341440742
0.9999993436322621
0.9999993553398163
0.9999993699011798
0.9999993867151922
0.9999994060959156
0.99999942777443
0.9999994516475035
0.9999994778670606
0.9999995058417914
0.9999995361974265
0.9999995678313484
0.9999996018366395
0.9999996366498161
0.9999996737334415
0.9999997112434206
0.9999997506714886
0.9999997906601086
0.9999998309216387
0.9999998744766175
0.9999999127591096
0.9999999596255577
1.0
1.0
0.999999956864555
0.9999999203988423
0.999999876140677
0.9999998381472446
0.9999997980261585
0.9999997594532132
0.9999997220705196
0.9999996851248768
0.9999996502546361
0.9999996158564766
0.9999995839084621
0.9999995526768296
0.9999995240973234
0.9999994965731247
0.9999994717737123
0.999999448419366
0.9999994277744296
0.9999994089635513
0.9999993928037114
0.9999993788191989
0.9999993674199474
0.9999993584566292
0.9999993520269392
0.9999993481947597
0.9999993468687294
0.9999993481947592
0.9999993520269387
0.9999993584566299
0.9999993674199475
0.999999378819198
0.9999993928037115
0.9999994089635517
0.99999942777443
0.9999994484193651
0.9999994717737135
0.9999994965731245
0.9999995240973243
0.9999995526768295
0.9999995839084628
0.9999996158564767
0.9999996502546369
0.9999996851248781
0.9999997220705189
0.9999997594532144
0.9999997980261575
0.9999998381472449
0.9999998761406774
0.9999999203988423
0.999999956864555
1.0
1.0
0.9999999627887023
0.9999999193398906
0.9999998842751721
0.9999998437210332
0.9999998069234846
0.9999997696410053
0.9999997335655118
0.9999996986735658
0.9999996646240268
0.9999996323763541
0.9999996010166858
0.999999571839067
0.9999995437407107
0.9999995180180041
0.9999994936929607
0.9999994717737122
0.9999994516475035
0.9999994338519659
0.9999994182515125
0.9999994048649242
0.9999993940199962
0.9999993852787911
0.9999993793284655
0.9999993754070254
0.9999993744056705
0.9999993754070262
0.9999993793284668
0.9999993852787911
0.9999993940199965
0.9999994048649256
0.9999994182515131
0.9999994338519662
0.9999994516475037
0.9999994717737132
0.9999994936929603
0.9999995180180039
0.9999995437407108
0.9999995718390672
0.9999996010166865
0.9999996323763558
0.9999996646240269
0.9999996986735665
0.999999733565513
0.9999997696410058
0.9999998069234857
0.9999998437210338
0.9999998842751721
0.9999999193398916
0.9999999627887023
1.0
1.0
0.9999999605663821
0.9999999274885636
0.9999998867913445
0.9999998525029914
0.9999998154695807
0.9999997806859566
0.9999997461913858
0.9999997127927213
0.9999996807326138
0.9999996494959933
0.9999996202672756
0.9999995917692767
0.9999995657415216
0.9999995405295256
0.9999995180180045
0.9999994965731241
0.9999994778670607
0.9999994605728134
0.9999994459424386
0.9999994330776094
0.999999422763476
0.9999994145084891
0.9999994087052396
0.9999994051515144
0.9999994039939684
0.9999994051515142
0.999999408705239
0.9999994145084903
0.9999994227634762
0.9999994330776094
0.9999994459424385
0.9999994605728145
0.9999994778670607
0.9999994965731241
0.9999995180180044
0.9999995405295267
0.9999995657415209
0.9999995917692777
0.9999996202672752
0.9999996494959932
0.9999996807326145
0.9999997127927219
0.9999997461913861
0.9999997806859569
0.9999998154695807
0.9999998525029908
0.9999998867913458
0.9999999274885633
0.9999999605663829
1.0
1.0
0.999999966547354
0.9999999271753621
0.9999998959248568
0.9999998589504272
0.9999998262744195
0.9999997921937777
0.99999976014457
0.9999997283071934
0.9999996979469562
0.9999996686556538
0.9999996405480976
0.999999614185785
0.9999995888737867
0.9999995657415216
0.9999995437407107
0.9999995240973236
0.999999505841791
0.9999994899330509
0.9999994757508283
0.9999994638097179
0.999999453923232
0.9999994461548024
0.9999994406913575
0.9999994372553621
0.9999994362579984
0.9999994372553627
0.9999994406913589
0.9999994461548023
0.9999994539232328
0.9999994638097188
0.999999475750829
0.9999994899330503
0.9999995058417912
0.9999995240973235
0.9999995437407107
0.9999995657415212
0.9999995888737874
0.9999996141857852
0.9999996405480984
0.9999996686556548
0.9999996979469566
0.9999997283071942
0.9999997601445706
0.9999997921937785
0.9999998262744204
0.9999998589504281
0.9999998959248566
0.9999999271753633
0.9999999665473538
1.0
1.0
0.9999999648832884
0.9999999357358927
0.9999998992053656
0.9999998692155352
0.9999998357834194
0.9999998054259965
0.9999997742585378
0.9999997450524413
0.9999997161797187
0.9999996887294845
0.9999996625512566
0.9999996373571395
0.9999996141857849
0.9999995917692777
0.9999995718390673
0.9999995526768298
0.9999995361974259
0.9999995206721939
0.999999507848605
0.9999994962358192
0.9999994872608706
0.9999994797357311
0.9999994747723585
0.9999994714222542
0.9999994705868434
0.999999471422254
0.9999994747723572
0.9999994797357327
0.9999994872608707
0.9999994962358192
0.9999995078486051
0.9999995206721948
0.9999995361974258
0.9999995526768295
0.9999995718390672
0.9999995917692774
0.9999996141857846
0.9999996373571393
0.9999996625512563
0.9999996887294844
0.9999997161797188
0.9999997450524419
0.9999997742585378
0.9999998054259966
0.9999998357834194
0.9999998692155352
0.9999998992053666
0.9999999357358921
0.9999999648832892
1.0
1.0
0.9999999708377308
0.9999999361501596
0.999999909231501
0.9999998763804716
0.9999998483984721
0.9999998179801165
0.9999997905599708
0.9999997621632922
0.9999997361018759
0.9999997100891429
0.9999996858187296
0.9999996625512567
0.9999996405480984
0.9999996202672756
0.9999996010166855
0.9999995839084628
0.9999995678313478
0.9999995540716048
0.9999995414897668
0.9999995312519513
0.9999995223855808
0.9999995158273643
0.9999995108060293
0.9999995080514983
0.9999995069265063
0.999999508051499
0.9999995108060309
0.9999995158273642
0.9999995223855819
0.9999995312519517
0.9999995414897679
0.9999995540716042
0.9999995678313479
0.9999995839084626
0.999999601016686
0.9999996202672752
0.9999996405480985
0.9999996625512569
0.9999996858187306
0.999999710089143
0.9999997361018764
0.9999997621632922
0.999999790559972
0.999999817980117
0.9999998483984734
0.9999998763804719
0.9999999092315014
0.9999999361501601
0.9999999708377308
1.0
1.0
0.9999999697541643
0.9999999449976796
0.9999999132045855
0.9999998880011988
0.9999998586676924
0.9999998332646046
0.9999998058443893
0.9999997813848888
0.9999997560421441
0.999999732938102
0.9999997100891425
0.9999996887294846
0.9999996686556533
0.999999649495994
0.9999996323763547
0.9999996158564771
0.9999996018366383
0.999999588320476
0.9999995775420614
0.9999995672988146
0.9999995598966138
0.9999995531057224
0.9999995491921234
0.9999995459549795
0.9999995456043994
0.9999995459549793
0.9999995491921225
0.9999995531057232
0.9999995598966139
0.9999995672988151
0.9999995775420611
0.999999588320476
0.999999601836639
0.9999996158564765
0.9999996323763555
0.9999996494959928
0.9999996686556546
0.9999996887294834
0.9999997100891433
0.9999997329381008
0.9999997560421456
0.9999997813848891
0.9999998058443897
0.9999998332646044
0.9999998586676927
0.9999998880011991
0.9999999132045857
0.9999999449976799
0.9999999697541645
1.0
1.0
0.9999999755819656
0.9999999461422435
0.999999923958162
0.9999998957687015
0.9999998729115295
0.9999998466288174
0.9999998242985885
0.9999997997375697
0.9999997784625096
0.999999756042144
0.9999997361018765
0.9999997161797186
0.999999697946957
0.9999996807326138
0.9999996646240271
0.9999996502546358
0.9999996366498164
0.9999996252435579
0.9999996144448836
0.9999996061144323
0.9999995983409318
0.9999995931842861
0.9999995885799335
0.9999995866658995
0.9999995853096867
0.9999995866658997
0.9999995885799349
0.999999593184286
0.9999995983409323
0.9999996061144328
0.999999614444884
0.9999996252435586
0.9999996366498158
0.999999650254637
0.9999996646240258
0.9999996807326149
0.9999996979469561
0.9999997161797202
0.9999997361018763
0.9999997560421455
0.9999997784625091
0.9999997997375701
0.9999998242985888
0.9999998466288186
0.99999987291153
0.999999895768702
0.9999999239581623
0.999999946142244
0.9999999755819657
1.0
1.0
0.9999999751159443
0.9999999551013201
0.9999999286057443
0.9999999085176983
0.9999998838131654
0.9999998637084392
0.9999998405048883
0.9999998211658073
0.9999997997375698
0.9999997813848888
0.9999997621632927
0.9999997450524412
0.9999997283071936
0.9999997127927212
0.9999996986735668
0.9999996851248775
0.9999996737334412
0.9999996624729961
0.9999996538962507
0.9999996451777372
0.9999996394898042
0.9999996334994782
0.9999996307508743
0.9999996276154149
0.9999996278220391
0.999999627615415
0.9999996307508738
0.9999996334994786
0.9999996394898046
0.9999996451777375
0.9999996538962511
0.9999996624729961
0.9999996737334423
0.9999996851248767
0.9999996986735675
0.9999997127927207
0.9999997283071944
0.9999997450524402
0.9999997621632931
0.999999781384888
0.9999997997375711
0.9999998211658077
0.9999998405048893
0.9999998637084393
0.9999998838131657
0.9999999085176986
0.9999999286057444
0.9999999551013201
0.999999975115945
1.0
1.0
0.9999999806888387
0.9999999570258522
0.9999999398272211
0.9999999168656769
0.9999998993628345
0.9999998777567106
0.9999998607586706
0.9999998405048889
0.9999998242985886
0.9999998058443897
0.9999997905599709
0.9999997742585384
0.9999997601445705
0.9999997461913864
0.9999997335655115
0.9999997220705196
0.9999997112434195
0.9999997022833057
0.999999693519337
0.9999996871536362
0.9999996806620295
0.9999996769288934
0.9999996728676505
0.9999996717749785
0.9999996702560731
0.999999671774979
0.9999996728676515
0.9999996769288934
0.99999968066203
0.9999996871536362
0.999999693519338
0.9999997022833058
0.9999997112434195
0.9999997220705193
0.9999997335655122
0.999999746191386
0.9999997601445705
0.9999997742585389
0.9999997905599717
0.9999998058443905
0.9999998242985884
0.999999840504889
0.9999998607586718
0.9999998777567112
0.9999998993628352
0.9999999168656777
0.9999999398272215
0.999999957025853
0.9999999806888388
1.0
1.0
0.9999999808995206
0.9999999658575031
0.9999999452086494
0.9999999303886007
0.9999999108832109
0.9999998962139135
0.9999998777567106
0.9999998637084392
0.9999998466288179
0.9999998332646046
0.9999998179801171
0.9999998054259965
0.9999997921937773
0.9999997806859569
0.9999997696410057
0.9999997594532136
0.999999750671488
0.9999997420606791
0.99999973559029
0.9999997287756248
0.9999997246416734
0.9999997198025127
0.9999997180018451
0.9999997152806194
0.9999997157767863
0.9999997152806192
0.9999997180018445
0.9999997198025132
0.999999724641674
0.9999997287756254
0.99999973559029
0.9999997420606793
0.9999997506714893
0.9999997594532135
0.9999997696410062
0.999999780685957
0.999999792193778
0.9999998054259958
0.9999998179801174
0.9999998332646042
0.999999846628819
0.9999998637084396
0.9999998777567108
0.9999998962139137
0.9999999108832114
0.9999999303886005
0.9999999452086504
0.9999999658575027
0.9999999808995207
1.0
1.0
0.9999999860719323
0.9999999686403401
0.999999956573804
0.9999999393547488
0.9999999273204536
0.9999999108832109
0.9999998993628351
0.9999998838131655
0.9999998729115301
0.9999998586676925
0.9999998483984727
0.9999998357834196
0.9999998262744206
0.9999998154695809
0.9999998069234844
0.999999798026158
0.9999997906601076
0.9999997837260775
0.9999997777392545
0.9999997727976232
0.9999997683621322
0.999999765414872
0.9999997626758145
0.999999761694351
0.9999997607702756
0.9999997616943508
0.9999997626758155
0.9999997654148716
0.9999997683621326
0.9999997727976231
0.9999997777392557
0.9999997837260771
0.9999997906601081
0.9999997980261576
0.9999998069234853
0.9999998154695802
0.9999998262744209
0.9999998357834197
0.9999998483984734
0.9999998586676928
0.9999998729115301
0.9999998838131653
0.9999998993628362
0.9999999108832108
0.9999999273204547
0.9999999393547488
0.9999999565738046
0.9999999686403406
0.9999999860719323
1.0
1.0
0.9999999869962217
0.9999999771319612
0.9999999626973078
0.9999999533432716
0.9999999393547487
0.9999999303886011
0.9999999168656767
0.9999999085176988
0.9999998957687015
0.9999998880011997
0.9999998763804724
0.999999869215535
0.9999998589504271
0.9999998525029907
0.9999998437210339
0.9999998381472442
0.9999998309216386
0.999999826379527
0.9999998207524707
0.9999998173858203
0.9999998133735789
0.9999998113086986
0.9999998089001452
0.9999998082454362
0.9999998074013197
0.9999998082454363
0.999999808900145
0.999999811308699
0.999999813373579
0.9999998173858204
0.9999998207524708
0.9999998263795274
0.9999998309216391
0.9999998381472446
0.999999843721034
0.9999998525029915
0.9999998589504269
0.9999998692155353
0.9999998763804715
0.9999998880011992
0.9999998957687022
0.9999999085176988
0.999999916865677
0.9999999303886012
0.9999999393547486
0.9999999533432719
0.9999999626973081
0.9999999771319612
0.9999999869962218
1.0
1.0
0.9999999916923061
0.9999999807106406
0.9999999740716666
0.9999999626973081
0.9999999565738044
0.9999999452086494
0.9999999398272218
0.9999999286057444
0.9999999239581622
0.9999999132045858
0.9999999092315006
0.9999998992053668
0.9999998959248565
0.9999998867913461
0.9999998842751713
0.9999998761406772
0.9999998744766173
0.9999998674155578
0.9999998666869325
0.9999998607514451
0.9999998610308978
0.9999998562513716
0.9999998575999114
0.9999998539841478
0.9999998564499604
0.9999998539841485
0.9999998575999113
0.9999998562513719
0.9999998610308978
0.999999860751446
0.9999998666869329
0.9999998674155579
0.9999998744766174
0.9999998761406774
0.9999998842751724
0.9999998867913455
0.9999998959248567
0.9999998992053669
0.9999999092315014
0.9999999132045865
0.999999923958162
0.9999999286057446
0.9999999398272217
0.9999999452086499
0.9999999565738042
0.9999999626973082
0.9999999740716667
0.9999999807106409
0.9999999916923064
1.0
1.0
0.9999999932809865
0.9999999888043275
0.9999999807106407
0.9999999771319614
0.9999999686403397
0.9999999658575037
0.9999999570258523
0.9999999551013207
0.9999999461422433
0.9999999449976803
0.9999999361501599
0.9999999357358922
0.9999999271753626
0.999999927488563
0.9999999193398916
0.9999999203988423
0.9999999127591092
0.9999999145835448
0.9999999075335757
0.9999999101368184
0.9999999037434852
0.999999907130999
0.9999999014464231
0.9999999056155238
0.9999999006769046
0.9999999056155237
0.9999999014464229
0.9999999071309994
0.9999999037434852
0.9999999101368185
0.9999999075335751
0.9999999145835454
0.9999999127591092
0.9999999203988426
0.9999999193398914
0.9999999274885634
0.999999927175363
0.999999935735892
0.9999999361501601
0.9999999449976796
0.9999999461422444
0.99999995510132
0.9999999570258531
0.999999965857503
0.9999999686403404
0.9999999771319612
0.9999999807106406
0.9999999888043274
0.9999999932809868
1.0
1.0
0.9999999973441889
0.9999999932809865
0.9999999916923062
0.9999999869962218
0.9999999860719325
0.9999999808995202
0.9999999806888394
0.9999999751159444
0.9999999755819663
0.9999999697541643
0.999999970837731
0.9999999648832891
0.9999999665473539
0.9999999605663826
0.9999999627887023
0.9999999568645549
0.9999999596255575
0.9999999538333063
0.9999999571097701
0.9999999515188909
0.9999999552824281
0.9999999499564308
0.9999999541736805
0.9999999491693533
0.9999999538020201
0.9999999491693535
0.9999999541736811
0.9999999499564307
0.9999999552824281
0.9999999515188908
0.9999999571097703
0.999999953833306
0.9999999596255573
0.9999999568645551
0.9999999627887024
0.9999999605663829
0.9999999665473539
0.9999999648832896
0.9999999708377308
0.999999969754165
0.9999999755819652
0.9999999751159449
0.9999999806888387
0.9999999808995208
0.9999999860719323
0.9999999869962218
0.9999999916923064
0.9999999932809865
0.9999999973441887
1.0
1.0
1.0
1.0
1.0
1.0
1.0
1.0
1.0
1.0
1.0
1.0
1.0
1.0
1.0
1.0
1.0
1.0
1.0
1.0
1.0
1.0
1.0
1.0
1.0
1.0
1.0
1.0
1.0
1.0
1.0
1.0
1.0
1.0
1.0
1.0
1.0
1.0
1.0
1.0
1.0
1.0
1.0
1.0
1.0
1.0
1.0
1.0
1.0
1.0
1.0
1.0
