1.0000000000005016
1.0000000000005016
1.0000000000005016
1.0000000000005016
1.0000000000005016
1.0000000000005016
1.0000000000005016
1.0000000000005016
1.0000000000005016
1.0000000000005016
1.0000000000005016
1.0000000000005016
1.0000000000005016
1.0000000000005016
1.0000000000005016
1.0000000000005016
1.0000000000005016
1.0000000000005016
1.0000000000005016
1.0000000000005016
1.0000000000005016
1.0000000000005016
1.0000000000005016
1.0000000000005016
1.0000000000005016
1.0000000000005016
1.0000000000005016
1.0000000000005016
1.0000000000005016
1.0000000000005016
1.0000000000005016
1.0000000000005016
1.0000000000005016
1.0000000000005016
1.0000000000005016
1.0000000000005016
1.0000000000005016
1.0000000000005016
1.0000000000005016
1.0000000000005016
1.0000000000005016
1.0000000000005016
1.0000000000005016
1.0000000000005016
1.0000000000005016
1.0000000000005016
1.0000000000005016
1.0000000000005016
1.0000000000005016
1.0000000000005016
1.0000000000005016
1.0000000000005016
0.9999999999929645
0.9999999999889162
0.999999999989789
0.9999999999921334
0.9999999999960343
0.9999999999998074
1.0000000000055564
1.0000000000058744
1.000000000006147
1.0000000000051499
1.0000000000079887
1.0000000000036995
0.9999999999990846
0.999999999992021
0.9999999999919477
0.999999999990444
0.9999999999954374
1.0000000000002063
1.0000000000097866
1.0000000000099354
1.000000000011105
1.0000000000031606
0.9999999999982573
0.999999999995109
0.9999999999920512
0.9999999999951091
0.9999999999982574
1.0000000000031606
1.000000000011105
1.000000000009935
1.0000000000097873
1.000000000000206
0.9999999999954376
0.999999999990444
0.9999999999919472
0.9999999999920214
0.9999999999990842
1.0000000000036997
1.0000000000079883
1.000000000005149
1.0000000000061475
1.0000000000058735
1.0000000000055562
0.9999999999998073
0.9999999999960342
0.9999999999921333
0.9999999999897886
0.9999999999889162
0.999999999992965
1.0000000000005016
1.0000000000005016
0.9999999999889166
0.9999999999829
0.9999999999806101
0.9999999999889372
0.9999999999956815
1.0000000000054787
1.0000000000050113
1.0000000000105171
1.000000000009183
1.0000000000120155
1.0000000000048948
1.0000000000047748
0.9999999999954855
0.9999999999899287
0.9999999999804008
0.9999999999868
0.9999999999932792
1.0000000000056222
1.000000000013644
1.0000000000200713
1.0000000000204592
1.0000000000064284
0.9999999999943622
0.9999999999912023
0.9999999999870643
0.9999999999912023
0.999999999994362
1.0000000000064284
1.0000000000204594
1.0000000000200713
1.0000000000136438
1.000000000005622
0.9999999999932786
0.9999999999868004
0.9999999999804006
0.9999999999899285
0.9999999999954852
1.0000000000047744
1.000000000004894
1.000000000012015
1.0000000000091822
1.0000000000105171
1.0000000000050109
1.0000000000054783
0.9999999999956807
0.999999999988937
0.9999999999806096
0.9999999999829002
0.9999999999889163
1.0000000000005016
1.0000000000005016
0.9999999999897884
0.9999999999806097
0.999999999981602
0.9999999999858161
0.9999999999991974
1.0000000000035922
1.000000000009868
1.0000000000068017
1.000000000010491
1.0000000000081524
1.0000000000072118
0.9999999999980045
0.999999999992525
0.9999999999873032
0.9999999999819353
0.9999999999839913
0.999999999992762
1.0000000000113496
1.0000000000200775
1.0000000000253677
1.0000000000236025
1.0000000000080052
0.9999999999951626
0.9999999999876448
0.9999999999822737
0.9999999999876449
0.9999999999951623
1.0000000000080054
1.0000000000236027
1.000000000025368
1.0000000000200768
1.0000000000113496
0.9999999999927621
0.9999999999839909
0.9999999999819351
0.999999999987303
0.9999999999925245
0.9999999999980038
1.0000000000072113
1.0000000000081517
1.0000000000104907
1.0000000000068008
1.0000000000098674
1.0000000000035913
0.9999999999991968
0.9999999999858158
0.9999999999816018
0.9999999999806095
0.9999999999897887
1.0000000000005016
1.0000000000005016
0.9999999999921336
0.9999999999889373
0.9999999999858159
0.9999999999906881
0.9999999999974263
1.0000000000046454
1.0000000000067608
1.0000000000078555
1.0000000000084992
1.00000000000104
1.0000000000005216
0.9999999999951547
0.9999999999959286
0.999999999983534
0.9999999999866691
0.9999999999883895
0.9999999999982635
1.0000000000068867
1.0000000000192932
1.0000000000300882
1.0000000000217732
1.000000000005577
0.9999999999910535
0.9999999999905298
0.9999999999760518
0.9999999999905299
0.9999999999910536
1.0000000000055773
1.000000000021773
1.0000000000300882
1.0000000000192932
1.0000000000068865
0.9999999999982632
0.9999999999883894
0.9999999999866687
0.9999999999835337
0.9999999999959281
0.9999999999951543
1.0000000000005211
1.0000000000010394
1.0000000000084988
1.0000000000078553
1.00000000000676
1.0000000000046454
0.999999999997426
0.9999999999906881
0.9999999999858157
0.9999999999889373
0.9999999999921335
1.0000000000005016
1.0000000000005016
0.9999999999960341
0.9999999999956812
0.9999999999991973
0.9999999999974262
0.9999999999976572
1.000000000002998
1.0000000000083094
1.000000000010227
1.0000000000002407
0.9999999999992806
0.9999999999934271
0.9999999999940442
0.9999999999913671
0.9999999999938317
0.9999999999955408
0.9999999999908435
1.0000000000003688
1.0000000000016127
1.0000000000159601
1.0000000000177707
1.000000000017565
0.9999999999990964
0.9999999999887221
0.9999999999916279
0.9999999999742915
0.9999999999916278
0.9999999999887219
0.9999999999990966
1.000000000017565
1.0000000000177705
1.00000000001596
1.0000000000016123
1.0000000000003688
0.999999999990843
0.9999999999955406
0.999999999993831
0.9999999999913671
0.9999999999940435
0.999999999993427
0.99999999999928
1.0000000000002403
1.0000000000102263
1.000000000008309
1.0000000000029978
0.9999999999976564
0.9999999999974262
0.9999999999991969
0.9999999999956811
0.9999999999960342
1.0000000000005016
1.0000000000005016
0.9999999999998074
1.0000000000054785
1.0000000000035918
1.0000000000046456
1.0000000000029983
1.0000000000044045
1.000000000002083
1.0000000000033198
1.0000000000036744
0.9999999999978046
0.9999999999893115
0.9999999999926538
0.9999999999962008
1.0000000000062288
0.9999999999999798
1.0000000000002647
0.9999999999979219
0.9999999999970117
1.000000000006282
1.0000000000019253
1.0000000000069553
0.9999999999895404
0.9999999999931777
0.9999999999939907
0.9999999999747424
0.9999999999939909
0.9999999999931773
0.9999999999895401
1.0000000000069553
1.0000000000019251
1.0000000000062819
0.9999999999970114
0.9999999999979216
1.0000000000002642
0.9999999999999796
1.0000000000062284
0.9999999999962003
0.9999999999926535
0.999999999989311
0.9999999999978043
1.0000000000036735
1.0000000000033193
1.0000000000020828
1.000000000004404
1.0000000000029978
1.0000000000046452
1.0000000000035918
1.0000000000054787
0.9999999999998073
1.0000000000005016
1.0000000000005016
1.000000000005556
1.0000000000050113
1.000000000009868
1.0000000000067604
1.0000000000083094
1.000000000002083
0.9999999999984993
0.9999999999953133
0.9999999999959022
0.9999999999953811
0.9999999999975009
0.999999999996797
1.00000000000522
1.0000000000095606
1.0000000000103118
1.0000000000110263
0.9999999999946334
0.9999999999906211
0.9999999999907552
0.9999999999964404
0.9999999999965463
0.9999999999821362
0.9999999999951219
1.0000000000014404
0.9999999999863725
1.00000000000144
0.9999999999951219
0.999999999982136
0.999999999996546
0.9999999999964402
0.9999999999907546
0.9999999999906204
0.999999999994633
1.0000000000110258
1.0000000000103118
1.00000000000956
1.0000000000052192
0.9999999999967963
0.9999999999975002
0.9999999999953804
0.9999999999959016
0.9999999999953129
0.9999999999984989
1.0000000000020826
1.000000000008309
1.0000000000067601
1.0000000000098674
1.0000000000050113
1.0000000000055562
1.0000000000005016
1.0000000000005016
1.000000000005874
1.0000000000105171
1.0000000000068012
1.0000000000078553
1.0000000000102267
1.0000000000033196
0.9999999999953133
0.9999999999858269
0.9999999999873653
0.9999999999930834
0.9999999999990504
1.0000000000068618
1.0000000000102645
1.000000000016922
1.0000000000192886
1.0000000000086773
0.9999999999917917
0.9999999999909733
0.9999999999837718
0.9999999999878486
0.9999999999905067
0.999999999987376
1.0000000000008389
1.000000000005293
1.000000000007056
1.0000000000052933
1.0000000000008387
0.999999999987376
0.9999999999905064
0.9999999999878479
0.9999999999837712
0.999999999990973
0.999999999991791
1.0000000000086766
1.0000000000192877
1.0000000000169214
1.000000000010264
1.000000000006861
0.9999999999990502
0.9999999999930825
0.9999999999873649
0.9999999999858263
0.9999999999953131
1.0000000000033193
1.0000000000102265
1.000000000007855
1.0000000000068012
1.0000000000105171
1.0000000000058737
1.0000000000005016
1.0000000000005016
1.0000000000061477
1.0000000000091827
1.0000000000104907
1.0000000000084988
1.0000000000002403
1.0000000000036742
0.9999999999959021
0.9999999999873656
0.9999999999825613
0.9999999999855391
0.9999999999997559
1.0000000000079627
1.0000000000191742
1.0000000000198912
1.000000000015399
1.0000000000044522
0.999999999996565
0.999999999988375
0.9999999999808021
0.9999999999894035
0.9999999999919378
0.9999999999997248
1.0000000000063558
1.0000000000125484
1.0000000000211045
1.0000000000125484
1.0000000000063558
0.9999999999997244
0.9999999999919374
0.9999999999894029
0.9999999999808016
0.9999999999883742
0.9999999999965641
1.0000000000044516
1.0000000000153986
1.0000000000198905
1.0000000000191733
1.0000000000079623
0.9999999999997553
0.9999999999855383
0.9999999999825611
0.9999999999873649
0.9999999999959016
1.0000000000036737
1.0000000000002398
1.0000000000084985
1.0000000000104907
1.0000000000091824
1.0000000000061473
1.0000000000005016
1.0000000000005016
1.0000000000051494
1.0000000000120153
1.000000000008152
1.0000000000010396
0.9999999999992802
0.9999999999978044
0.9999999999953808
0.999999999993083
0.9999999999855389
0.9999999999897208
0.9999999999951431
1.0000000000038425
1.0000000000153766
1.0000000000160647
1.0000000000148868
1.0000000000018627
0.9999999999930607
0.9999999999856785
0.9999999999857885
0.9999999999977763
1.000000000003262
1.0000000000091873
1.0000000000041223
1.0000000000171008
1.0000000000374805
1.0000000000171005
1.0000000000041223
1.000000000009187
1.0000000000032616
0.9999999999977761
0.9999999999857881
0.999999999985678
0.9999999999930602
1.0000000000018625
1.0000000000148859
1.000000000016064
1.000000000015376
1.0000000000038418
0.9999999999951424
0.9999999999897199
0.9999999999855382
0.9999999999930829
0.9999999999953807
0.9999999999978039
0.9999999999992804
1.0000000000010396
1.0000000000081515
1.0000000000120148
1.0000000000051494
1.0000000000005016
1.0000000000005016
1.0000000000079883
1.0000000000048945
1.0000000000072118
1.0000000000005211
0.9999999999934274
0.9999999999893111
0.9999999999975007
0.9999999999990503
0.9999999999997559
0.9999999999951429
0.9999999999900074
1.0000000000025444
1.0000000000050575
1.0000000000079239
1.0000000000054057
0.999999999997467
0.9999999999929439
0.9999999999886768
0.9999999999912964
1.0000000000016698
1.0000000000125795
1.0000000000156877
1.0000000000006704
1.0000000000131597
1.000000000039567
1.00000000001316
1.0000000000006704
1.000000000015688
1.0000000000125793
1.000000000001669
0.9999999999912963
0.9999999999886765
0.9999999999929435
0.999999999997466
1.0000000000054052
1.000000000007923
1.000000000005057
1.0000000000025437
0.9999999999900069
0.9999999999951423
0.9999999999997553
0.9999999999990499
0.9999999999975
0.9999999999893109
0.9999999999934268
1.0000000000005211
1.0000000000072116
1.0000000000048945
1.0000000000079885
1.0000000000005016
1.0000000000005016
1.0000000000036995
1.0000000000047746
0.999999999998004
0.9999999999951547
0.9999999999940438
0.9999999999926535
0.9999999999967965
1.000000000006861
1.0000000000079627
1.000000000003842
1.0000000000025444
0.9999999999970899
0.9999999999921237
0.999999999996398
0.9999999999945512
0.999999999994212
0.9999999999981523
0.9999999999874777
0.9999999999930546
1.000000000007627
1.0000000000164477
1.0000000000121791
0.9999999999943402
1.000000000004335
1.0000000000195266
1.0000000000043354
0.9999999999943403
1.000000000012179
1.0000000000164475
1.0000000000076268
0.9999999999930546
0.9999999999874771
0.9999999999981515
0.9999999999942115
0.9999999999945502
0.9999999999963974
0.9999999999921229
0.999999999997089
1.000000000002544
1.0000000000038416
1.000000000007962
1.000000000006861
0.999999999996796
0.9999999999926538
0.9999999999940434
0.9999999999951542
0.9999999999980043
1.0000000000047746
1.0000000000036997
1.0000000000005016
1.0000000000005016
0.9999999999990843
0.9999999999954853
0.9999999999925244
0.9999999999959281
0.9999999999913671
0.9999999999962
1.0000000000052196
1.0000000000102645
1.000000000019174
1.0000000000153764
1.0000000000050575
0.9999999999921235
0.9999999999908281
0.9999999999916497
0.9999999999894534
0.9999999999952047
0.9999999999876873
0.9999999999888554
1.0000000000026286
1.0000000000114297
1.0000000000131886
1.0000000000032918
0.9999999999844206
0.9999999999867301
1.0000000000002849
0.99999999998673
0.9999999999844206
1.0000000000032918
1.0000000000131886
1.000000000011429
1.0000000000026283
0.999999999988855
0.9999999999876866
0.9999999999952041
0.9999999999894525
0.9999999999916489
0.9999999999908269
0.9999999999921229
1.0000000000050568
1.0000000000153755
1.0000000000191738
1.000000000010264
1.0000000000052192
0.9999999999961997
0.9999999999913668
0.9999999999959278
0.9999999999925248
0.9999999999954852
0.9999999999990844
1.0000000000005016
1.0000000000005016
0.999999999992021
0.9999999999899284
0.9999999999873029
0.999999999983534
0.999999999993831
1.0000000000062284
1.0000000000095604
1.0000000000169214
1.0000000000198908
1.0000000000160645
1.0000000000079237
0.9999999999963979
0.9999999999916496
0.999999999990357
0.9999999999944109
0.9999999999959629
0.9999999999896663
0.9999999999951786
1.000000000004704
1.0000000000073113
1.000000000008591
1.0000000000004214
0.9999999999817736
0.9999999999736883
0.9999999999752232
0.999999999973688
0.9999999999817737
1.0000000000004212
1.000000000008591
1.0000000000073108
1.0000000000047036
0.999999999995178
0.9999999999896659
0.9999999999959623
0.9999999999944102
0.999999999990356
0.9999999999916491
0.9999999999963971
1.0000000000079232
1.0000000000160634
1.0000000000198903
1.000000000016921
1.0000000000095601
1.0000000000062277
0.9999999999938309
0.9999999999835333
0.9999999999873028
0.9999999999899283
0.9999999999920209
1.0000000000005016
1.0000000000005016
0.9999999999919476
0.9999999999804005
0.9999999999819352
0.9999999999866686
0.9999999999955407
0.9999999999999793
1.0000000000103115
1.0000000000192881
1.0000000000153988
1.0000000000148863
1.000000000005405
0.9999999999945507
0.999999999989453
0.9999999999944109
1.0000000000064082
1.0000000000055087
1.0000000000031195
1.0000000000026519
0.9999999999983867
1.000000000000984
1.0000000000062836
1.0000000000025113
0.9999999999894326
0.9999999999725759
0.9999999999634843
0.9999999999725759
0.9999999999894322
1.000000000002511
1.0000000000062832
1.0000000000009839
0.9999999999983862
1.0000000000026514
1.000000000003119
1.0000000000055076
1.0000000000064078
0.99999999999441
0.9999999999894525
0.99999999999455
1.0000000000054043
1.0000000000148856
1.0000000000153981
1.0000000000192875
1.000000000010311
0.9999999999999791
0.9999999999955399
0.9999999999866682
0.9999999999819349
0.9999999999804002
0.9999999999919476
1.0000000000005016
1.0000000000005016
0.9999999999904439
0.9999999999867999
0.999999999983991
0.9999999999883892
0.9999999999908431
1.0000000000002642
1.0000000000110263
1.0000000000086764
1.0000000000044516
1.000000000001862
0.9999999999974666
0.9999999999942116
0.9999999999952044
0.9999999999959625
1.0000000000055083
1.0000000000155076
1.0000000000166513
1.000000000011836
1.0000000000006815
0.9999999999986343
1.000000000000208
1.0000000000064573
1.0000000000013838
0.999999999983577
0.9999999999780025
0.999999999983577
1.0000000000013838
1.0000000000064573
1.000000000000208
0.9999999999986342
1.0000000000006808
1.0000000000118359
1.0000000000166505
1.000000000015507
1.0000000000055078
0.9999999999959619
0.9999999999952036
0.9999999999942109
0.9999999999974659
1.0000000000018618
1.000000000004451
1.0000000000086764
1.0000000000110254
1.0000000000002636
0.9999999999908424
0.9999999999883888
0.9999999999839909
0.9999999999868001
0.9999999999904436
1.0000000000005016
1.0000000000005016
0.9999999999954376
0.9999999999932787
0.9999999999927619
0.999999999998263
1.0000000000003684
0.9999999999979216
0.999999999994633
0.9999999999917908
0.9999999999965644
0.9999999999930601
0.9999999999929434
0.9999999999981515
0.999999999987687
0.999999999989666
1.0000000000031193
1.0000000000166513
1.0000000000259632
1.0000000000162694
1.000000000003636
0.9999999999982971
1.0000000000007656
1.0000000000114555
1.0000000000153002
1.0000000000013307
0.9999999999891509
1.0000000000013305
1.0000000000152998
1.0000000000114555
1.000000000000765
0.999999999998297
1.0000000000036353
1.0000000000162688
1.0000000000259626
1.0000000000166505
1.0000000000031188
0.9999999999896655
0.9999999999876862
0.9999999999981508
0.9999999999929426
0.9999999999930592
0.9999999999965637
0.9999999999917905
0.9999999999946323
0.9999999999979211
1.0000000000003684
0.999999999998263
0.9999999999927616
0.9999999999932783
0.9999999999954373
1.0000000000005016
1.0000000000005016
1.000000000000206
1.0000000000056222
1.0000000000113487
1.0000000000068863
1.0000000000016118
0.9999999999970114
0.9999999999906204
0.9999999999909731
0.9999999999883743
0.9999999999856777
0.9999999999886766
0.9999999999874772
0.9999999999888551
0.9999999999951784
1.0000000000026517
1.0000000000118365
1.0000000000162692
1.0000000000100622
1.0000000000017064
0.9999999999980534
0.9999999999990281
1.000000000016994
1.0000000000245168
1.0000000000086788
1.0000000000000082
1.0000000000086786
1.0000000000245164
1.000000000016994
0.9999999999990279
0.9999999999980531
1.000000000001706
1.0000000000100615
1.0000000000162685
1.0000000000118356
1.0000000000026508
0.9999999999951776
0.9999999999888542
0.9999999999874764
0.9999999999886758
0.9999999999856772
0.9999999999883739
0.9999999999909723
0.9999999999906197
0.9999999999970106
1.0000000000016114
1.0000000000068858
1.000000000011349
1.000000000005622
1.0000000000002058
1.0000000000005016
1.0000000000005016
1.0000000000097868
1.0000000000136438
1.0000000000200766
1.0000000000192926
1.0000000000159597
1.0000000000062814
0.9999999999907542
0.999999999983771
0.9999999999808016
0.9999999999857879
0.9999999999912963
0.9999999999930542
1.0000000000026286
1.0000000000047038
0.9999999999983865
1.000000000000681
1.0000000000036362
1.0000000000017066
0.999999999995779
0.9999999999829574
0.9999999999825497
1.0000000000082137
1.000000000021659
1.0000000000146312
1.000000000011375
1.000000000014631
1.0000000000216585
1.0000000000082134
0.9999999999825496
0.9999999999829571
0.9999999999957785
1.0000000000017057
1.0000000000036349
1.0000000000006806
0.9999999999983855
1.000000000004703
1.0000000000026281
0.9999999999930536
0.9999999999912954
0.9999999999857871
0.9999999999808007
0.9999999999837703
0.9999999999907537
1.000000000006281
1.0000000000159595
1.0000000000192921
1.000000000020077
1.0000000000136435
1.0000000000097868
1.0000000000005016
1.0000000000005016
1.0000000000099352
1.0000000000200708
1.0000000000253673
1.0000000000300873
1.00000000001777
1.0000000000019247
0.99999999999644
0.9999999999878476
0.9999999999894028
0.9999999999977759
1.0000000000016696
1.0000000000076266
1.0000000000114295
1.0000000000073106
1.000000000000984
0.9999999999986346
0.9999999999982973
0.9999999999980536
0.9999999999829575
0.9999999999602509
0.999999999963106
0.999999999990074
1.0000000000126101
1.0000000000175424
1.0000000000154345
1.0000000000175422
1.00000000001261
0.9999999999900736
0.9999999999631058
0.9999999999602506
0.9999999999829571
0.9999999999980523
0.9999999999982961
0.999999999998634
1.0000000000009834
1.00000000000731
1.0000000000114282
1.0000000000076255
1.0000000000016682
0.999999999997775
0.9999999999894021
0.9999999999878474
0.9999999999964392
1.0000000000019242
1.0000000000177696
1.000000000030087
1.0000000000253673
1.0000000000200708
1.0000000000099352
1.0000000000005016
1.0000000000005016
1.0000000000111047
1.0000000000204587
1.000000000023602
1.0000000000217726
1.0000000000175644
1.0000000000069549
0.9999999999965458
0.9999999999905061
0.999999999991937
1.0000000000032614
1.0000000000125788
1.0000000000164473
1.0000000000131883
1.000000000008591
1.0000000000062836
1.0000000000002078
1.0000000000007654
0.999999999999028
0.9999999999825494
0.9999999999631062
0.9999999999599825
0.9999999999856597
1.0000000000021072
1.0000000000052622
1.0000000000109392
1.0000000000052625
1.0000000000021068
0.9999999999856596
0.9999999999599822
0.9999999999631056
0.9999999999825492
0.9999999999990277
1.000000000000765
1.0000000000002072
1.000000000006282
1.00000000000859
1.0000000000131875
1.0000000000164464
1.000000000012578
1.0000000000032607
0.9999999999919362
0.9999999999905054
0.9999999999965451
1.0000000000069542
1.000000000017564
1.0000000000217721
1.0000000000236018
1.000000000020459
1.0000000000111047
1.0000000000005016
1.0000000000005016
1.0000000000031601
1.0000000000064282
1.000000000008005
1.0000000000055764
0.9999999999990962
0.9999999999895396
0.9999999999821354
0.9999999999873754
0.9999999999997243
1.0000000000091864
1.0000000000156872
1.0000000000121783
1.0000000000032914
1.0000000000004206
1.0000000000025107
1.0000000000064575
1.000000000011455
1.0000000000169937
1.0000000000082134
0.9999999999900735
0.9999999999856597
0.999999999992066
0.9999999999959465
0.999999999998213
0.9999999999997121
0.9999999999982127
0.9999999999959462
0.999999999992066
0.9999999999856592
0.9999999999900735
1.0000000000082132
1.000000000016993
1.0000000000114544
1.0000000000064564
1.0000000000025102
1.00000000000042
1.0000000000032905
1.0000000000121776
1.000000000015686
1.0000000000091858
0.9999999999997234
0.9999999999873748
0.9999999999821347
0.9999999999895388
0.9999999999990954
1.0000000000055762
1.0000000000080047
1.0000000000064277
1.0000000000031606
1.0000000000005016
1.0000000000005016
0.9999999999982571
0.9999999999943617
0.9999999999951619
0.999999999991053
0.9999999999887214
0.9999999999931769
0.9999999999951212
1.000000000000838
1.000000000006355
1.0000000000041216
1.0000000000006697
0.9999999999943394
0.9999999999844201
0.9999999999817734
0.9999999999894321
1.0000000000013833
1.0000000000152998
1.0000000000245162
1.0000000000216582
1.0000000000126101
1.0000000000021068
0.9999999999959465
0.999999999992768
0.9999999999950469
0.9999999999994194
0.999999999995047
0.9999999999927678
0.9999999999959464
1.000000000002106
1.00000000001261
1.0000000000216578
1.000000000024516
1.000000000015299
1.0000000000013827
0.9999999999894312
0.9999999999817728
0.999999999984419
0.9999999999943391
1.0000000000006686
1.0000000000041207
1.0000000000063545
1.0000000000008373
0.9999999999951206
0.9999999999931765
0.9999999999887211
0.9999999999910528
0.9999999999951619
0.9999999999943617
0.9999999999982572
1.0000000000005016
1.0000000000005016
0.9999999999951091
0.999999999991202
0.9999999999876443
0.9999999999905294
0.9999999999916273
0.9999999999939898
1.0000000000014395
1.0000000000052922
1.0000000000125473
1.0000000000171
1.000000000013159
1.0000000000043345
0.9999999999867293
0.9999999999736875
0.9999999999725754
0.9999999999835764
1.00000000000133
1.0000000000086782
1.0000000000146307
1.000000000017542
1.0000000000052622
0.999999999998213
0.9999999999950471
1.000000000000776
1.0000000000105786
1.0000000000007758
0.9999999999950466
0.9999999999982125
1.0000000000052616
1.0000000000175422
1.0000000000146296
1.0000000000086775
1.0000000000013294
0.9999999999835757
0.9999999999725749
0.9999999999736866
0.999999999986729
1.0000000000043339
1.0000000000131586
1.0000000000170994
1.0000000000125464
1.0000000000052922
1.0000000000014388
0.9999999999939891
0.9999999999916267
0.9999999999905287
0.9999999999876441
0.9999999999912018
0.9999999999951091
1.0000000000005016
1.0000000000005016
0.9999999999920511
0.9999999999870641
0.999999999982273
0.9999999999760508
0.9999999999742906
0.9999999999747412
0.9999999999863716
1.0000000000070552
1.0000000000211031
1.0000000000374798
1.0000000000395655
1.000000000019526
1.000000000000284
0.9999999999752223
0.9999999999634835
0.9999999999780018
0.9999999999891502
1.000000000000008
1.0000000000113747
1.0000000000154345
1.000000000010939
0.9999999999997121
0.999999999999419
1.000000000010578
1.000000000016173
1.0000000000105778
0.9999999999994191
0.9999999999997116
1.000000000010939
1.0000000000154339
1.0000000000113745
1.0000000000000073
0.9999999999891497
0.9999999999780012
0.9999999999634831
0.9999999999752218
1.000000000000283
1.0000000000195253
1.0000000000395655
1.000000000037479
1.0000000000211031
1.0000000000070546
0.999999999986371
0.9999999999747413
0.9999999999742907
0.9999999999760507
0.9999999999822727
0.9999999999870642
0.9999999999920507
1.0000000000005016
1.0000000000005016
0.9999999999951089
0.9999999999912019
0.9999999999876442
0.9999999999905288
0.9999999999916274
0.9999999999939895
1.000000000001439
1.0000000000052922
1.0000000000125469
1.0000000000171
1.0000000000131588
1.000000000004334
0.999999999986729
0.9999999999736872
0.999999999972575
0.9999999999835761
1.0000000000013294
1.0000000000086775
1.0000000000146305
1.000000000017542
1.0000000000052616
0.9999999999982121
0.9999999999950467
1.0000000000007754
1.000000000010578
1.0000000000007756
0.9999999999950462
0.9999999999982122
1.0000000000052613
1.0000000000175415
1.0000000000146296
1.0000000000086775
1.000000000001329
0.9999999999835758
0.9999999999725745
0.9999999999736867
0.9999999999867285
1.0000000000043339
1.0000000000131584
1.0000000000170997
1.0000000000125466
1.0000000000052918
1.0000000000014388
0.9999999999939894
0.9999999999916267
0.999999999990529
0.9999999999876441
0.9999999999912019
0.9999999999951092
1.0000000000005016
1.0000000000005016
0.9999999999982571
0.9999999999943616
0.9999999999951622
0.9999999999910528
0.9999999999887208
0.9999999999931765
0.9999999999951206
1.0000000000008376
1.0000000000063547
1.000000000004121
1.000000000000669
0.9999999999943391
0.9999999999844198
0.9999999999817728
0.9999999999894317
1.000000000001383
1.0000000000152993
1.000000000024516
1.0000000000216576
1.0000000000126092
1.0000000000021063
0.9999999999959457
0.9999999999927673
0.9999999999950462
0.9999999999994186
0.9999999999950462
0.9999999999927672
0.9999999999959457
1.0000000000021059
1.0000000000126092
1.0000000000216576
1.0000000000245155
1.0000000000152987
1.0000000000013824
0.9999999999894311
0.9999999999817725
0.999999999984419
0.9999999999943385
1.000000000000669
1.0000000000041207
1.0000000000063543
1.000000000000837
0.9999999999951202
0.9999999999931763
0.9999999999887211
0.9999999999910529
0.9999999999951621
0.9999999999943617
0.999999999998257
1.0000000000005016
1.0000000000005016
1.0000000000031606
1.000000000006428
1.000000000008005
1.0000000000055764
0.9999999999990955
0.9999999999895389
0.9999999999821347
0.9999999999873745
0.9999999999997234
1.0000000000091862
1.0000000000156868
1.0000000000121778
1.000000000003291
1.00000000000042
1.0000000000025104
1.0000000000064564
1.0000000000114544
1.0000000000169929
1.0000000000082128
0.9999999999900727
0.999999999985659
0.9999999999920649
0.9999999999959451
0.9999999999982121
0.9999999999997113
0.9999999999982119
0.9999999999959455
0.9999999999920649
0.9999999999856587
0.9999999999900728
1.0000000000082123
1.0000000000169922
1.000000000011454
1.000000000006456
1.0000000000025098
1.0000000000004194
1.0000000000032903
1.0000000000121771
1.0000000000156863
1.0000000000091853
0.9999999999997232
0.9999999999873743
0.9999999999821348
0.9999999999895389
0.9999999999990954
1.0000000000055762
1.000000000008005
1.000000000006428
1.0000000000031608
1.0000000000005016
1.0000000000005016
1.0000000000111042
1.0000000000204585
1.000000000023602
1.000000000021772
1.000000000017564
1.000000000006954
0.9999999999965449
0.9999999999905056
0.9999999999919363
1.0000000000032605
1.0000000000125782
1.0000000000164464
1.0000000000131875
1.0000000000085898
1.0000000000062823
1.000000000000207
1.0000000000007643
0.9999999999990269
0.9999999999825485
0.9999999999631051
0.999999999959981
0.9999999999856588
1.0000000000021056
1.000000000005261
1.000000000010938
1.0000000000052611
1.0000000000021059
0.9999999999856585
0.9999999999599811
0.9999999999631046
0.9999999999825483
0.9999999999990267
1.000000000000764
1.0000000000002063
1.0000000000062819
1.0000000000085894
1.0000000000131872
1.000000000016446
1.0000000000125777
1.0000000000032605
0.9999999999919361
0.9999999999905053
0.9999999999965447
1.000000000006954
1.0000000000175633
1.000000000021772
1.0000000000236018
1.000000000020459
1.0000000000111042
1.0000000000005016
1.0000000000005016
1.0000000000099347
1.0000000000200708
1.0000000000253668
1.0000000000300873
1.0000000000177693
1.0000000000019236
0.9999999999964391
0.9999999999878466
0.9999999999894019
0.9999999999977749
1.0000000000016682
1.0000000000076257
1.0000000000114282
1.0000000000073095
1.0000000000009828
0.9999999999986334
0.9999999999982956
0.9999999999980518
0.9999999999829559
0.9999999999602495
0.9999999999631046
0.9999999999900725
1.0000000000126084
1.000000000017541
1.0000000000154334
1.0000000000175409
1.000000000012609
0.9999999999900727
0.9999999999631046
0.9999999999602496
0.9999999999829559
0.9999999999980518
0.9999999999982955
0.9999999999986329
1.0000000000009828
1.000000000007309
1.0000000000114277
1.0000000000076252
1.000000000001668
0.9999999999977746
0.9999999999894017
0.9999999999878467
0.999999999996439
1.0000000000019234
1.0000000000177693
1.0000000000300866
1.000000000025367
1.0000000000200704
1.0000000000099354
1.0000000000005016
1.0000000000005016
1.0000000000097868
1.0000000000136433
1.0000000000200762
1.0000000000192921
1.0000000000159588
1.0000000000062805
0.9999999999907534
0.9999999999837704
0.9999999999808004
0.9999999999857867
0.999999999991295
0.9999999999930531
1.000000000002627
1.0000000000047025
0.9999999999983853
1.0000000000006795
1.000000000003634
1.0000000000017044
0.9999999999957774
0.9999999999829557
0.9999999999825478
1.0000000000082119
1.000000000021657
1.0000000000146292
1.0000000000113736
1.0000000000146294
1.0000000000216571
1.000000000008212
0.9999999999825484
0.9999999999829559
0.9999999999957773
1.0000000000017049
1.000000000003634
1.0000000000006795
0.9999999999983848
1.0000000000047022
1.0000000000026268
0.999999999993053
0.9999999999912946
0.9999999999857866
0.9999999999808004
0.99999999998377
0.9999999999907536
1.0000000000062803
1.0000000000159588
1.0000000000192917
1.0000000000200762
1.000000000013643
1.0000000000097866
1.0000000000005016
1.0000000000005016
1.0000000000002056
1.0000000000056217
1.0000000000113487
1.000000000006886
1.0000000000016112
0.9999999999970106
0.9999999999906193
0.9999999999909719
0.9999999999883727
0.9999999999856769
0.9999999999886753
0.999999999987476
0.9999999999888536
0.9999999999951772
1.0000000000026503
1.000000000011835
1.0000000000162672
1.0000000000100604
1.0000000000017044
0.9999999999980516
0.9999999999990261
1.000000000016992
1.0000000000245148
1.0000000000086766
1.0000000000000069
1.0000000000086768
1.000000000024515
1.0000000000169922
0.9999999999990266
0.9999999999980518
1.0000000000017046
1.0000000000100606
1.0000000000162672
1.0000000000118348
1.0000000000026497
0.9999999999951769
0.9999999999888535
0.9999999999874756
0.9999999999886753
0.9999999999856765
0.999999999988373
0.9999999999909718
0.9999999999906191
0.9999999999970101
1.000000000001611
1.0000000000068858
1.0000000000113487
1.0000000000056217
1.000000000000206
1.0000000000005016
1.0000000000005016
0.9999999999954372
0.9999999999932779
0.9999999999927612
0.9999999999982623
1.000000000000368
0.9999999999979206
0.9999999999946317
0.9999999999917899
0.999999999996563
0.9999999999930589
0.9999999999929419
0.9999999999981504
0.9999999999876853
0.9999999999896647
1.000000000003118
1.0000000000166493
1.0000000000259612
1.0000000000162672
1.0000000000036335
0.9999999999982951
1.0000000000007634
1.0000000000114535
1.0000000000152978
1.0000000000013287
0.9999999999891489
1.000000000001329
1.000000000015298
1.0000000000114537
1.0000000000007636
0.9999999999982954
1.0000000000036335
1.0000000000162672
1.000000000025961
1.0000000000166496
1.0000000000031175
0.9999999999896645
0.9999999999876852
0.9999999999981501
0.9999999999929418
0.9999999999930582
0.9999999999965629
0.9999999999917896
0.9999999999946318
0.9999999999979203
1.0000000000003677
0.9999999999982622
0.9999999999927613
0.9999999999932779
0.9999999999954374
1.0000000000005016
1.0000000000005016
0.9999999999904434
0.9999999999867996
0.9999999999839905
0.9999999999883883
0.9999999999908423
1.0000000000002633
1.0000000000110247
1.0000000000086753
1.0000000000044502
1.000000000001861
0.9999999999974654
0.9999999999942101
0.9999999999952027
0.999999999995961
1.000000000005507
1.0000000000155056
1.0000000000166493
1.000000000011834
1.0000000000006792
0.9999999999986323
1.0000000000002058
1.000000000006455
1.0000000000013813
0.9999999999835747
0.9999999999780003
0.999999999983575
1.0000000000013818
1.0000000000064555
1.000000000000206
0.9999999999986323
1.0000000000006795
1.0000000000118343
1.0000000000166493
1.0000000000155052
1.0000000000055067
0.9999999999959606
0.9999999999952027
0.9999999999942097
0.9999999999974644
1.0000000000018605
1.0000000000044502
1.000000000008675
1.0000000000110245
1.0000000000002631
0.9999999999908422
0.9999999999883883
0.9999999999839905
0.9999999999867998
0.9999999999904436
1.0000000000005016
1.0000000000005016
0.9999999999919473
0.9999999999803998
0.9999999999819346
0.999999999986668
0.9999999999955395
0.9999999999999786
1.00000000001031
1.0000000000192868
1.0000000000153975
1.0000000000148845
1.0000000000054037
0.9999999999945489
0.9999999999894514
0.999999999994409
1.0000000000064064
1.0000000000055067
1.0000000000031175
1.0000000000026494
0.9999999999983843
1.000000000000982
1.0000000000062814
1.000000000002509
0.9999999999894301
0.9999999999725735
0.999999999963482
0.9999999999725736
0.9999999999894306
1.000000000002509
1.0000000000062814
1.000000000000982
0.9999999999983842
1.0000000000026492
1.0000000000031173
1.0000000000055063
1.0000000000064062
0.9999999999944086
0.999999999989451
0.9999999999945486
1.000000000005403
1.0000000000148845
1.000000000015397
1.0000000000192864
1.00000000001031
0.999999999999978
0.9999999999955392
0.9999999999866678
0.9999999999819346
0.9999999999804002
0.9999999999919471
1.0000000000005016
1.0000000000005016
0.9999999999920206
0.9999999999899278
0.9999999999873023
0.9999999999835327
0.9999999999938303
1.000000000006227
1.0000000000095592
1.00000000001692
1.0000000000198888
1.0000000000160625
1.0000000000079217
0.999999999996396
0.9999999999916477
0.999999999990355
0.9999999999944088
0.9999999999959606
0.9999999999896642
0.999999999995176
1.0000000000047018
1.0000000000073086
1.0000000000085882
1.0000000000004188
0.9999999999817711
0.9999999999736859
0.9999999999752206
0.9999999999736858
0.9999999999817714
1.000000000000419
1.0000000000085887
1.0000000000073086
1.000000000004702
0.9999999999951762
0.9999999999896637
0.9999999999959602
0.9999999999944085
0.9999999999903546
0.9999999999916471
0.9999999999963954
1.0000000000079212
1.0000000000160623
1.0000000000198888
1.0000000000169198
1.000000000009559
1.0000000000062268
0.99999999999383
0.9999999999835328
0.9999999999873023
0.9999999999899282
0.999999999992021
1.0000000000005016
1.0000000000005016
0.9999999999990838
0.999999999995485
0.9999999999925238
0.9999999999959271
0.9999999999913656
0.999999999996199
1.000000000005218
1.000000000010263
1.0000000000191722
1.0000000000153744
1.0000000000050555
0.9999999999921212
0.999999999990826
0.9999999999916477
0.9999999999894515
0.9999999999952027
0.9999999999876851
0.9999999999888531
1.0000000000026266
1.000000000011427
1.0000000000131861
1.0000000000032894
0.9999999999844181
0.9999999999867274
1.0000000000002822
0.9999999999867276
0.9999999999844181
1.0000000000032898
1.0000000000131866
1.0000000000114275
1.0000000000026266
0.9999999999888528
0.9999999999876849
0.9999999999952018
0.9999999999894509
0.9999999999916471
0.9999999999908253
0.9999999999921207
1.0000000000050553
1.000000000015374
1.0000000000191718
1.000000000010263
1.0000000000052183
0.999999999996199
0.9999999999913657
0.9999999999959273
0.9999999999925241
0.9999999999954851
0.9999999999990842
1.0000000000005016
1.0000000000005016
1.0000000000036988
1.000000000004774
0.9999999999980033
0.9999999999951535
0.9999999999940429
0.9999999999926524
0.9999999999967949
1.0000000000068594
1.0000000000079607
1.0000000000038405
1.0000000000025424
0.999999999997088
0.9999999999921217
0.999999999996396
0.9999999999945488
0.9999999999942096
0.9999999999981497
0.9999999999874755
0.9999999999930522
1.000000000007625
1.000000000016445
1.0000000000121767
0.9999999999943376
1.0000000000043325
1.0000000000195244
1.0000000000043325
0.9999999999943378
1.0000000000121767
1.0000000000164453
1.0000000000076248
0.9999999999930524
0.9999999999874755
0.9999999999981495
0.9999999999942093
0.9999999999945482
0.9999999999963951
0.9999999999921209
0.999999999997087
1.000000000002542
1.0000000000038398
1.0000000000079607
1.0000000000068594
0.9999999999967948
0.999999999992652
0.9999999999940427
0.9999999999951537
0.9999999999980033
1.0000000000047742
1.0000000000036995
1.0000000000005016
1.0000000000005016
1.0000000000079876
1.000000000004894
1.000000000007211
1.0000000000005205
0.9999999999934258
0.9999999999893098
0.9999999999974992
0.9999999999990489
0.9999999999997538
0.9999999999951413
0.9999999999900051
1.0000000000025426
1.0000000000050555
1.0000000000079219
1.0000000000054037
0.9999999999974649
0.9999999999929419
0.9999999999886748
0.9999999999912941
1.000000000001667
1.000000000012577
1.0000000000156855
1.0000000000006681
1.0000000000131575
1.0000000000395646
1.0000000000131573
1.000000000000668
1.0000000000156857
1.0000000000125775
1.0000000000016676
0.9999999999912942
0.9999999999886745
0.9999999999929413
0.9999999999974643
1.000000000005403
1.0000000000079208
1.0000000000050546
1.000000000002542
0.9999999999900048
0.9999999999951408
0.9999999999997535
0.9999999999990484
0.9999999999974988
0.9999999999893099
0.9999999999934258
1.0000000000005203
1.000000000007211
1.000000000004894
1.0000000000079883
1.0000000000005016
1.0000000000005016
1.000000000005149
1.0000000000120144
1.000000000008151
1.0000000000010385
0.9999999999992796
0.9999999999978032
0.9999999999953793
0.9999999999930818
0.9999999999855371
0.9999999999897188
0.9999999999951412
1.0000000000038405
1.0000000000153748
1.0000000000160627
1.0000000000148845
1.0000000000018607
0.9999999999930582
0.999999999985676
0.999999999985786
0.999999999997774
1.0000000000032598
1.000000000009185
1.0000000000041198
1.0000000000170988
1.0000000000374785
1.0000000000170988
1.0000000000041203
1.0000000000091849
1.0000000000032598
0.999999999997774
0.9999999999857863
0.9999999999856757
0.9999999999930581
1.0000000000018603
1.000000000014884
1.000000000016062
1.000000000015374
1.0000000000038398
0.9999999999951407
0.9999999999897182
0.9999999999855366
0.9999999999930814
0.9999999999953793
0.999999999997803
0.9999999999992794
1.000000000001039
1.000000000008151
1.0000000000120146
1.000000000005149
1.0000000000005016
1.0000000000005016
1.0000000000061469
1.0000000000091822
1.0000000000104898
1.0000000000084976
1.0000000000002394
1.0000000000036724
0.9999999999959005
0.9999999999873639
0.9999999999825598
0.9999999999855372
0.9999999999997539
1.0000000000079612
1.0000000000191722
1.0000000000198894
1.0000000000153972
1.00000000000445
0.9999999999965626
0.9999999999883726
0.9999999999807999
0.999999999989401
0.9999999999919358
0.9999999999997224
1.0000000000063536
1.000000000012546
1.0000000000211022
1.000000000012546
1.000000000006354
0.999999999999723
0.999999999991936
0.9999999999894016
0.9999999999807997
0.9999999999883724
0.9999999999965625
1.0000000000044496
1.0000000000153964
1.000000000019888
1.000000000019172
1.00000000000796
0.9999999999997535
0.9999999999855369
0.9999999999825595
0.9999999999873637
0.9999999999959004
1.0000000000036726
1.0000000000002391
1.0000000000084976
1.00000000001049
1.0000000000091822
1.0000000000061473
1.0000000000005016
1.0000000000005016
1.0000000000058735
1.0000000000105165
1.0000000000068003
1.0000000000078544
1.0000000000102254
1.0000000000033182
0.9999999999953118
0.9999999999858251
0.999999999987364
0.9999999999930818
0.9999999999990492
1.0000000000068598
1.000000000010263
1.0000000000169202
1.0000000000192864
1.0000000000086753
0.9999999999917892
0.9999999999909711
0.9999999999837692
0.9999999999878459
0.9999999999905047
0.999999999987374
1.0000000000008367
1.0000000000052913
1.000000000007054
1.0000000000052915
1.0000000000008369
0.9999999999873744
0.9999999999905048
0.9999999999878464
0.9999999999837696
0.9999999999909713
0.9999999999917895
1.000000000008675
1.0000000000192861
1.0000000000169198
1.0000000000102627
1.0000000000068594
0.9999999999990485
0.9999999999930813
0.9999999999873634
0.9999999999858251
0.9999999999953118
1.0000000000033178
1.0000000000102252
1.0000000000078544
1.0000000000068003
1.000000000010517
1.0000000000058737
1.0000000000005016
1.0000000000005016
1.0000000000055556
1.0000000000050104
1.000000000009867
1.000000000006759
1.000000000008308
1.0000000000020814
0.9999999999984978
0.9999999999953118
0.9999999999959007
0.9999999999953798
0.9999999999974994
0.9999999999967951
1.0000000000052185
1.0000000000095588
1.0000000000103106
1.0000000000110243
0.9999999999946313
0.9999999999906188
0.9999999999907528
0.9999999999964383
0.9999999999965442
0.9999999999821338
0.9999999999951201
1.0000000000014386
0.9999999999863708
1.0000000000014386
0.9999999999951201
0.9999999999821344
0.9999999999965448
0.9999999999964386
0.999999999990753
0.9999999999906191
0.9999999999946311
1.0000000000110243
1.0000000000103095
1.0000000000095586
1.0000000000052176
0.9999999999967949
0.9999999999974989
0.9999999999953795
0.9999999999959002
0.9999999999953115
0.9999999999984978
1.0000000000020814
1.0000000000083076
1.0000000000067593
1.000000000009867
1.0000000000050104
1.0000000000055556
1.0000000000005016
1.0000000000005016
0.9999999999998075
1.0000000000054778
1.000000000003591
1.000000000004644
1.0000000000029972
1.0000000000044031
1.000000000002082
1.0000000000033187
1.000000000003673
0.9999999999978033
0.9999999999893099
0.9999999999926525
0.9999999999961992
1.0000000000062272
0.999999999999978
1.000000000000263
0.9999999999979198
0.9999999999970101
1.0000000000062796
1.000000000001923
1.0000000000069535
0.9999999999895383
0.9999999999931759
0.999999999993989
0.9999999999747409
0.9999999999939891
0.9999999999931762
0.9999999999895388
1.0000000000069538
1.0000000000019234
1.0000000000062803
0.9999999999970098
0.99999999999792
1.0000000000002627
0.9999999999999776
1.0000000000062268
0.9999999999961986
0.9999999999926521
0.9999999999893096
0.9999999999978029
1.0000000000036724
1.000000000003318
1.0000000000020817
1.0000000000044025
1.0000000000029972
1.000000000004644
1.000000000003591
1.0000000000054778
0.9999999999998072
1.0000000000005016
1.0000000000005016
0.9999999999960336
0.9999999999956802
0.9999999999991962
0.9999999999974255
0.9999999999976558
1.0000000000029972
1.0000000000083078
1.0000000000102256
1.0000000000002394
0.9999999999992797
0.9999999999934259
0.9999999999940428
0.9999999999913659
0.9999999999938302
0.9999999999955392
0.9999999999908417
1.0000000000003673
1.0000000000016107
1.0000000000159581
1.0000000000177687
1.0000000000175633
0.999999999999095
0.9999999999887207
0.9999999999916265
0.9999999999742901
0.9999999999916266
0.9999999999887207
0.999999999999095
1.0000000000175635
1.0000000000177691
1.0000000000159586
1.000000000001611
1.0000000000003673
0.9999999999908417
0.999999999995539
0.9999999999938299
0.9999999999913655
0.9999999999940425
0.9999999999934255
0.9999999999992791
1.0000000000002387
1.0000000000102252
1.0000000000083078
1.0000000000029967
0.9999999999976555
0.9999999999974252
0.9999999999991964
0.9999999999956803
0.9999999999960337
1.0000000000005016
1.0000000000005016
0.9999999999921328
0.999999999988937
0.9999999999858152
0.9999999999906876
0.9999999999974252
1.0000000000046445
1.0000000000067595
1.0000000000078548
1.0000000000084983
1.000000000001039
1.0000000000005203
0.9999999999951533
0.9999999999959275
0.9999999999835326
0.9999999999866677
0.999999999988388
0.9999999999982621
1.0000000000068852
1.0000000000192915
1.0000000000300866
1.0000000000217715
1.000000000005576
0.9999999999910527
0.9999999999905286
0.9999999999760509
0.9999999999905287
0.9999999999910529
1.000000000005576
1.0000000000217717
1.0000000000300868
1.000000000019292
1.0000000000068852
0.999999999998262
0.9999999999883883
0.9999999999866676
0.9999999999835324
0.999999999995927
0.999999999995153
1.00000000000052
1.0000000000010385
1.0000000000084976
1.0000000000078542
1.0000000000067593
1.0000000000046443
0.9999999999974252
0.9999999999906872
0.9999999999858152
0.9999999999889368
0.9999999999921328
1.0000000000005016
1.0000000000005016
0.9999999999897883
0.9999999999806094
0.9999999999816014
0.9999999999858153
0.9999999999991966
1.0000000000035913
1.0000000000098672
1.0000000000068003
1.0000000000104905
1.000000000008151
1.000000000007211
0.9999999999980036
0.9999999999925241
0.9999999999873024
0.9999999999819342
0.9999999999839901
0.9999999999927608
1.0000000000113483
1.000000000020076
1.0000000000253666
1.0000000000236018
1.0000000000080045
0.9999999999951618
0.999999999987644
0.9999999999822726
0.9999999999876443
0.9999999999951618
1.0000000000080045
1.0000000000236018
1.0000000000253666
1.000000000020076
1.0000000000113487
0.999999999992761
0.9999999999839905
0.9999999999819345
0.9999999999873019
0.9999999999925238
0.9999999999980034
1.0000000000072107
1.0000000000081508
1.0000000000104898
1.0000000000068003
1.000000000009867
1.0000000000035907
0.9999999999991963
0.9999999999858151
0.9999999999816012
0.9999999999806091
0.9999999999897886
1.0000000000005016
1.0000000000005016
0.9999999999889164
0.9999999999829
0.9999999999806093
0.999999999988937
0.9999999999956807
1.0000000000054783
1.0000000000050107
1.0000000000105167
1.0000000000091824
1.0000000000120148
1.000000000004894
1.0000000000047744
0.9999999999954851
0.999999999989928
0.9999999999804003
0.9999999999867994
0.999999999993278
1.0000000000056215
1.000000000013643
1.0000000000200706
1.0000000000204585
1.0000000000064275
0.9999999999943615
0.999999999991202
0.9999999999870639
0.9999999999912018
0.9999999999943613
1.000000000006428
1.0000000000204583
1.0000000000200706
1.0000000000136433
1.0000000000056217
0.9999999999932779
0.9999999999867999
0.9999999999804001
0.9999999999899281
0.9999999999954848
1.0000000000047742
1.0000000000048939
1.0000000000120144
1.000000000009182
1.0000000000105167
1.0000000000050104
1.000000000005478
0.9999999999956807
0.9999999999889366
0.9999999999806091
0.9999999999828999
0.999999999988916
1.0000000000005016
1.0000000000005016
0.9999999999929644
0.9999999999889162
0.9999999999897885
0.9999999999921331
0.999999999996034
0.9999999999998072
1.0000000000055558
1.0000000000058737
1.0000000000061473
1.0000000000051494
1.000000000007988
1.0000000000036995
0.9999999999990843
0.9999999999920213
0.9999999999919471
0.9999999999904435
0.9999999999954374
1.000000000000206
1.0000000000097868
1.0000000000099352
1.0000000000111047
1.0000000000031606
0.999999999998257
0.999999999995109
0.9999999999920507
0.999999999995109
0.9999999999982572
1.0000000000031601
1.0000000000111042
1.0000000000099354
1.0000000000097864
1.0000000000002058
0.9999999999954373
0.9999999999904438
0.9999999999919472
0.9999999999920213
0.9999999999990841
1.0000000000036995
1.0000000000079885
1.000000000005149
1.0000000000061473
1.0000000000058733
1.000000000005556
0.9999999999998069
0.9999999999960337
0.9999999999921331
0.9999999999897885
0.9999999999889162
0.9999999999929647
1.0000000000005016
1.0000000000005016
1.0000000000005016
1.0000000000005016
1.0000000000005016
1.0000000000005016
1.0000000000005016
1.0000000000005016
1.0000000000005016
1.0000000000005016
1.0000000000005016
1.0000000000005016
1.0000000000005016
1.0000000000005016
1.0000000000005016
1.0000000000005016
1.0000000000005016
1.0000000000005016
1.0000000000005016
1.0000000000005016
1.0000000000005016
1.0000000000005016
1.0000000000005016
1.0000000000005016
1.0000000000005016
1.0000000000005016
1.0000000000005016
1.0000000000005016
1.0000000000005016
1.0000000000005016
1.0000000000005016
1.0000000000005016
1.0000000000005016
1.0000000000005016
1.0000000000005016
1.0000000000005016
1.0000000000005016
1.0000000000005016
1.0000000000005016
1.0000000000005016
1.0000000000005016
1.0000000000005016
1.0000000000005016
1.0000000000005016
1.0000000000005016
1.0000000000005016
1.0000000000005016
1.0000000000005016
1.0000000000005016
1.0000000000005016
1.0000000000005016
1.0000000000005016
