1.0
1.0
1.0
1.0
1.0
1.0
1.0
1.0
1.0
1.0
1.0
1.0
1.0
1.0
1.0
1.0
1.0
1.0
1.0
1.0
1.0
1.0
1.0
1.0
1.0
1.0
1.0
1.0
1.0
1.0
1.0
1.0
1.0
1.0
1.0
1.0
1.0
1.0
1.0
1.0
1.0
1.0
1.0
1.0
1.0
1.0
1.0
1.0
1.0
1.0
1.0
1.0
0.9999997465549336
0.9999993232787757
0.9999991889569653
0.9999986875205131
0.9999986415780144
0.9999980710526808
0.9999981131416621
0.9999974896577905
0.9999976102096638
0.9999969509021249
0.9999971432647232
0.9999964610300587
0.9999967212792134
0.9999960267464462
0.9999963515245421
0.9999956545045614
0.99999604013847
0.9999953498868001
0.99999579232418
0.9999951174055001
0.9999956122651543
0.9999949604830625
0.9999955030041386
0.9999948814355712
0.9999954663792208
0.9999948814355708
0.9999955030041395
0.9999949604830617
0.9999956122651543
0.9999951174055001
0.9999957923241807
0.9999953498867992
0.9999960401384707
0.999995654504561
0.9999963515245422
0.9999960267464465
0.9999967212792131
0.9999964610300586
0.9999971432647231
0.9999969509021251
0.9999976102096628
0.9999974896577907
0.999998113141661
0.999998071052681
0.9999986415780135
0.9999986875205136
0.9999991889569649
0.9999993232787758
0.9999997465549332
1.0
1.0
0.9999993232787758
0.9999988748649937
0.9999980894969138
0.9999977073970665
0.9999968904594012
0.9999965794931486
0.9999957447885723
0.9999954968541164
0.9999946741507817
0.9999944796462367
0.9999936904679839
0.9999935482687674
0.9999928061824072
0.9999927193089754
0.9999920341471082
0.999992006492528
0.999991386061567
0.9999914215035313
0.9999908716892149
0.9999909740320784
0.9999904986990381
0.9999906715285383
0.9999902726470373
0.999990519016362
0.999990196916928
0.9999905190163626
0.9999902726470368
0.9999906715285392
0.999990498699038
0.9999909740320787
0.9999908716892147
0.9999914215035318
0.9999913860615666
0.9999920064925283
0.9999920341471088
0.9999927193089747
0.9999928061824078
0.999993548268767
0.9999936904679837
0.9999944796462361
0.9999946741507816
0.9999954968541159
0.9999957447885723
0.999996579493148
0.999996890459401
0.9999977073970666
0.9999980894969135
0.9999988748649934
0.9999993232787759
1.0
1.0
0.9999991889569645
0.9999980894969142
0.9999974172033929
0.9999962980330995
0.9999956805047076
0.9999945584541335
0.9999940069124428
0.9999929162595758
0.999992417276401
0.9999913929920898
0.9999909437686385
0.9999900064908782
0.9999896138909844
0.99998877610318
0.9999884499358661
0.9999877205669562
0.999987470667264
0.9999868561615435
0.999986691932702
0.9999861960838935
0.9999861264420715
0.9999857503595201
0.9999857834294126
0.999985525778155
0.9999856684712108
0.9999855257781547
0.9999857834294125
0.9999857503595201
0.9999861264420713
0.9999861960838939
0.9999866919327017
0.9999868561615433
0.9999874706672647
0.9999877205669555
0.9999884499358659
0.9999887761031803
0.9999896138909841
0.9999900064908775
0.9999909437686387
0.9999913929920893
0.9999924172764011
0.9999929162595748
0.9999940069124428
0.9999945584541331
0.9999956805047076
0.9999962980330988
0.9999974172033934
0.9999980894969136
0.9999991889569646
1.0
1.0
0.9999986875205136
0.9999977073970663
0.9999962980330996
0.9999953345153054
0.9999939723702399
0.9999930462192413
0.9999917459683275
0.9999908545815298
0.999989661626368
0.9999887994460109
0.9999877433612905
0.9999869208502593
0.999986016325307
0.9999852512315669
0.9999845065140349
0.9999838173104858
0.9999832376760235
0.9999826417283214
0.9999822297185086
0.9999817432044823
0.9999814983241414
0.9999811361110241
0.9999810548659931
0.9999808301341164
0.9999809062701193
0.9999808301341171
0.9999810548659931
0.9999811361110245
0.9999814983241414
0.9999817432044825
0.9999822297185087
0.9999826417283222
0.9999832376760226
0.9999838173104866
0.9999845065140345
0.999985251231566
0.999986016325307
0.9999869208502592
0.9999877433612901
0.9999887994460104
0.999989661626368
0.9999908545815301
0.999991745968327
0.9999930462192412
0.9999939723702391
0.999995334515306
0.9999962980330985
0.9999977073970671
0.9999986875205138
1.0
1.0
0.9999986415780143
0.9999968904594015
0.999995680504708
0.9999939723702395
0.9999927838029538
0.9999911322585292
0.9999899991427417
0.9999884449036541
0.9999873603191397
0.9999859469259037
0.9999849190720441
0.9999836691019959
0.9999827194403846
0.9999816445950703
0.9999807969746384
0.9999799054909333
0.9999791814598832
0.9999784797591192
0.9999778979654868
0.9999773901477587
0.999976966568372
0.9999766539576999
0.9999764018540835
0.9999762828999417
0.9999762126348609
0.9999762828999413
0.9999764018540831
0.9999766539576997
0.9999769665683723
0.9999773901477585
0.9999778979654865
0.9999784797591196
0.999979181459883
0.999979905490933
0.9999807969746377
0.999981644595071
0.9999827194403836
0.9999836691019963
0.9999849190720436
0.9999859469259046
0.9999873603191387
0.9999884449036543
0.999989999142742
0.9999911322585292
0.9999927838029534
0.9999939723702399
0.999995680504708
0.9999968904594013
0.9999986415780139
1.0
1.0
0.9999980710526811
0.9999965794931479
0.9999945584541337
0.9999930462192409
0.9999911322585289
0.999989647293182
0.9999878436766828
0.9999864002547143
0.9999847575088837
0.999983362018369
0.9999819115802281
0.9999805896243048
0.9999793451879166
0.9999781291942563
0.9999770985680019
0.999976018626424
0.999975208447048
0.9999742899488849
0.9999737056757472
0.9999729696150967
0.9999726145777494
0.9999720779496879
0.9999719527726859
0.9999716286708649
0.9999717309715849
0.9999716286708653
0.9999719527726861
0.9999720779496883
0.9999726145777489
0.9999729696150976
0.9999737056757471
0.9999742899488855
0.9999752084470472
0.9999760186264246
0.9999770985680015
0.9999781291942554
0.9999793451879171
0.9999805896243043
0.999981911580228
0.9999833620183681
0.9999847575088839
0.9999864002547142
0.9999878436766823
0.999989647293182
0.999991132258529
0.999993046219241
0.9999945584541334
0.9999965794931479
0.999998071052681
1.0
1.0
0.9999981131416615
0.9999957447885727
0.9999940069124428
0.9999917459683278
0.9999899991427423
0.9999878436766827
0.9999861566774625
0.9999841417740876
0.9999825238958222
0.9999806935896781
0.9999791690738045
0.9999775443499331
0.9999761503970307
0.999974741918948
0.9999735149348071
0.9999723322350736
0.999971302137195
0.99997035530043
0.999969545214018
0.9999688436426323
0.9999682708057555
0.999967821954451
0.9999674983200293
0.9999673069034178
0.9999672395137568
0.9999673069034176
0.9999674983200286
0.9999678219544508
0.9999682708057556
0.9999688436426317
0.9999695452140175
0.9999703553004298
0.9999713021371949
0.9999723322350728
0.9999735149348065
0.9999747419189481
0.9999761503970303
0.9999775443499322
0.9999791690738044
0.9999806935896776
0.999982523895822
0.9999841417740867
0.9999861566774635
0.9999878436766816
0.9999899991427424
0.9999917459683269
0.9999940069124429
0.9999957447885726
0.9999981131416615
1.0
1.0
0.9999974896577908
0.999995496854116
0.9999929162595754
0.9999908545815297
0.9999884449036538
0.9999864002547143
0.9999841417740875
0.9999821552977965
0.9999800947539682
0.9999781904191095
0.9999763571267172
0.9999745768835255
0.9999729831522333
0.9999713727340565
0.9999700273963192
0.9999686259443289
0.9999675393400609
0.9999663771740424
0.9999655604579211
0.9999646600980036
0.9999641233647272
0.999963500688974
0.9999632515979765
0.9999629165492608
0.999962959415732
0.9999629165492607
0.9999632515979769
0.9999635006889745
0.9999641233647265
0.9999646600980039
0.9999655604579217
0.9999663771740414
0.9999675393400607
0.9999686259443281
0.9999700273963202
0.9999713727340552
0.9999729831522333
0.999974576883525
0.999976357126717
0.9999781904191086
0.9999800947539685
0.9999821552977963
0.9999841417740867
0.9999864002547144
0.9999884449036535
0.9999908545815298
0.9999929162595742
0.9999954968541162
0.9999974896577905
1.0
1.0
0.9999976102096637
0.9999946741507816
0.9999924172764014
0.9999896616263679
0.9999873603191395
0.9999847575088837
0.9999825238958217
0.9999800947539689
0.9999779599182832
0.9999757450549144
0.9999737499056099
0.9999717690779386
0.9999699641359086
0.9999682292711323
0.999966660194022
0.9999651847079392
0.9999638867236554
0.9999626865467537
0.9999616848542351
0.9999607762437306
0.9999600877257621
0.9999594851369249
0.9999591196014036
0.9999588342854604
0.9999587952431122
0.9999588342854602
0.9999591196014042
0.9999594851369232
0.9999600877257636
0.9999607762437291
0.9999616848542346
0.9999626865467535
0.9999638867236551
0.9999651847079387
0.9999666601940205
0.9999682292711325
0.9999699641359076
0.9999717690779375
0.9999737499056096
0.9999757450549144
0.9999779599182825
0.9999800947539685
0.999982523895822
0.9999847575088835
0.9999873603191395
0.9999896616263673
0.999992417276402
0.9999946741507812
0.9999976102096637
1.0
1.0
0.9999969509021248
0.9999944796462368
0.9999913929920892
0.9999887994460106
0.9999859469259037
0.9999833620183688
0.9999806935896777
0.9999781904191091
0.9999757450549138
0.9999733655321018
0.9999711713157011
0.9999689702586345
0.9999670415457904
0.999965073401375
0.9999634236167925
0.9999617326769825
0.9999603784158723
0.9999589973694484
0.9999579567341822
0.9999569084886601
0.9999561983452853
0.9999554978209667
0.9999551318180511
0.9999547870135614
0.9999547743874567
0.9999547870135616
0.999955131818051
0.999955497820968
0.9999561983452833
0.9999569084886613
0.9999579567341824
0.9999589973694479
0.9999603784158716
0.999961732676982
0.9999634236167935
0.9999650734013736
0.9999670415457906
0.9999689702586338
0.9999711713157013
0.9999733655321
0.9999757450549149
0.999978190419108
0.9999806935896784
0.9999833620183685
0.9999859469259039
0.9999887994460105
0.9999913929920886
0.9999944796462363
0.9999969509021248
1.0
1.0
0.9999971432647236
0.9999936904679837
0.9999909437686392
0.9999877433612897
0.999984919072044
0.9999819115802272
0.9999791690738046
0.9999763571267168
0.9999737499056102
0.9999711713157011
0.9999687531631646
0.9999664304776263
0.9999642596294382
0.9999622105600925
0.9999603370012163
0.9999585820980454
0.9999570431978888
0.9999556057289523
0.9999544274619878
0.9999533303956748
0.999952529630525
0.9999517929446778
0.9999513789957151
0.9999510180343697
0.9999509934466954
0.9999510180343701
0.9999513789957146
0.9999517929446774
0.9999525296305264
0.9999533303956736
0.9999544274619875
0.999955605728952
0.9999570431978894
0.9999585820980446
0.9999603370012153
0.9999622105600923
0.9999642596294377
0.999966430477626
0.9999687531631635
0.9999711713157019
0.9999737499056093
0.9999763571267173
0.9999791690738039
0.9999819115802274
0.9999849190720439
0.99998774336129
0.9999909437686392
0.9999936904679835
0.9999971432647237
1.0
1.0
0.9999964610300588
0.9999935482687674
0.9999900064908774
0.9999869208502593
0.9999836691019962
0.9999805896243045
0.9999775443499328
0.9999745768835252
0.9999717690779376
0.9999689702586345
0.9999664304776259
0.9999638621111068
0.9999616117171779
0.9999593313006141
0.999957392156002
0.9999554453124633
0.9999538421381254
0.9999522622333802
0.9999510200938941
0.9999498305401493
0.9999489716518022
0.9999481879077012
0.9999477294827953
0.9999473600697181
0.9999473132391724
0.9999473600697173
0.9999477294827965
0.9999481879077008
0.9999489716518017
0.9999498305401496
0.9999510200938946
0.9999522622333797
0.9999538421381254
0.9999554453124627
0.999957392156003
0.9999593313006129
0.9999616117171787
0.9999638621111063
0.9999664304776266
0.9999689702586333
0.999971769077938
0.9999745768835248
0.9999775443499328
0.9999805896243047
0.9999836691019959
0.999986920850259
0.9999900064908771
0.9999935482687675
0.9999964610300581
1.0
1.0
0.9999967212792135
0.9999928061824073
0.9999896138909848
0.9999860163253065
0.999982719440384
0.9999793451879163
0.9999761503970303
0.9999729831522326
0.9999699641359082
0.9999670415457901
0.9999642596294382
0.999961611717178
0.9999591269829446
0.999956781331189
0.9999546438218004
0.9999526302646891
0.9999508774263036
0.9999492267681431
0.9999478851591086
0.9999466258498261
0.9999457134496175
0.9999448688705598
0.9999443964755435
0.9999439834610633
0.999943955140179
0.999943983461064
0.999944396475543
0.9999448688705596
0.999945713449618
0.9999466258498252
0.9999478851591083
0.9999492267681427
0.9999508774263034
0.9999526302646891
0.9999546438217992
0.9999567813311891
0.999959126982944
0.9999616117171775
0.9999642596294378
0.9999670415457905
0.9999699641359078
0.999972983152233
0.9999761503970306
0.9999793451879158
0.999982719440384
0.9999860163253067
0.9999896138909853
0.9999928061824067
0.999996721279214
1.0
1.0
0.999996026746446
0.9999927193089753
0.9999887761031794
0.9999852512315667
0.9999816445950707
0.9999781291942557
0.9999747419189481
0.9999713727340566
0.9999682292711314
0.9999650734013747
0.9999622105600919
0.9999593313006135
0.9999567813311893
0.9999542348171652
0.9999520302486163
0.9999498611243762
0.9999480350884501
0.9999462769737936
0.9999448603837722
0.9999435380003604
0.9999425565809937
0.9999416873803766
0.9999411598129597
0.9999407545966509
0.9999406918063902
0.99994075459665
0.9999411598129603
0.9999416873803763
0.9999425565809935
0.9999435380003605
0.9999448603837728
0.999946276973793
0.9999480350884508
0.9999498611243752
0.9999520302486176
0.999954234817164
0.9999567813311895
0.9999593313006132
0.9999622105600928
0.999965073401373
0.9999682292711326
0.9999713727340553
0.9999747419189479
0.9999781291942559
0.9999816445950704
0.999985251231566
0.9999887761031793
0.9999927193089755
0.9999960267464462
1.0
1.0
0.9999963515245417
0.9999920341471087
0.9999884499358657
0.9999845065140338
0.9999807969746379
0.9999770985680009
0.9999735149348061
0.9999700273963189
0.9999666601940213
0.9999634236167927
0.9999603370012154
0.9999573921560024
0.9999546438217992
0.9999520302486172
0.9999496678848255
0.9999474249681016
0.9999454855392309
0.9999436505040867
0.9999421617757547
0.9999407668201424
0.9999397489876519
0.9999388191367766
0.9999382856378674
0.9999378377123955
0.9999377952211221
0.9999378377123962
0.9999382856378662
0.9999388191367771
0.9999397489876518
0.999940766820142
0.9999421617757541
0.9999436505040864
0.9999454855392308
0.9999474249681014
0.9999496678848243
0.9999520302486172
0.999954643821799
0.9999573921560022
0.999960337001215
0.999963423616793
0.9999666601940209
0.9999700273963195
0.9999735149348062
0.9999770985680012
0.9999807969746372
0.9999845065140346
0.999988449935866
0.9999920341471085
0.9999963515245421
1.0
1.0
0.9999956545045613
0.9999920064925276
0.9999877205669558
0.9999838173104865
0.9999799054909326
0.9999760186264243
0.9999723322350733
0.9999686259443283
0.9999651847079379
0.9999617326769823
0.9999585820980447
0.9999554453124627
0.9999526302646887
0.9999498611243764
0.9999474249681006
0.9999450664997155
0.9999430495960784
0.9999411362088375
0.9999395735491704
0.9999381322188797
0.9999370513734583
0.9999361023634062
0.9999355223006441
0.9999350791967996
0.9999350099763563
0.9999350791967989
0.9999355223006453
0.9999361023634059
0.9999370513734582
0.9999381322188797
0.9999395735491711
0.9999411362088373
0.9999430495960782
0.9999450664997157
0.9999474249681014
0.9999498611243761
0.9999526302646891
0.999955445312463
0.999958582098045
0.9999617326769817
0.9999651847079386
0.9999686259443281
0.9999723322350734
0.9999760186264239
0.9999799054909335
0.9999838173104857
0.9999877205669555
0.9999920064925277
0.9999956545045611
1.0
1.0
0.9999960401384708
0.9999913860615669
0.9999874706672639
0.9999832376760218
0.999979181459883
0.9999752084470468
0.999971302137194
0.9999675393400599
0.9999638867236553
0.9999603784158717
0.999957043197888
0.9999538421381255
0.9999508774263034
0.99994803508845
0.9999454855392313
0.9999430495960789
0.9999409521563697
0.99993896439637
0.9999373489196866
0.9999358435622286
0.9999347331514569
0.9999337357350703
0.9999331466949529
0.9999326736087778
0.9999326150249006
0.9999326736087781
0.9999331466949517
0.9999337357350707
0.9999347331514568
0.9999358435622283
0.9999373489196859
0.9999389643963693
0.9999409521563699
0.9999430495960782
0.9999454855392311
0.9999480350884498
0.9999508774263036
0.9999538421381249
0.9999570431978883
0.9999603784158714
0.9999638867236551
0.9999675393400603
0.9999713021371947
0.9999752084470466
0.9999791814598824
0.9999832376760225
0.9999874706672643
0.9999913860615667
0.9999960401384704
1.0
1.0
0.999995349886799
0.999991421503531
0.999986856161543
0.9999826417283223
0.9999784797591185
0.9999742899488852
0.9999703553004294
0.9999663771740418
0.9999626865467526
0.9999589973694473
0.9999556057289524
0.9999522622333789
0.9999492267681425
0.9999462769737937
0.999943650504086
0.9999411362088372
0.9999389643963694
0.9999369216132837
0.9999352416993897
0.9999337003107905
0.9999325404788505
0.9999315237141504
0.9999309027770071
0.9999304266313426
0.9999303540374713
0.9999304266313419
0.9999309027770084
0.9999315237141497
0.99993254047885
0.999933700310791
0.9999352416993903
0.9999369216132835
0.9999389643963691
0.9999411362088374
0.9999436505040863
0.9999462769737935
0.9999492267681429
0.9999522622333793
0.999955605728953
0.9999589973694472
0.9999626865467536
0.9999663771740412
0.9999703553004295
0.999974289948885
0.9999784797591192
0.9999826417283215
0.9999868561615428
0.9999914215035307
0.9999953498867996
1.0
1.0
0.999995792324181
0.9999908716892146
0.9999866919327016
0.999982229718507
0.9999778979654866
0.9999737056757456
0.9999695452140176
0.9999655604579195
0.9999616848542355
0.9999579567341811
0.9999544274619874
0.9999510200938937
0.9999478851591088
0.9999448603837712
0.9999421617757552
0.9999395735491708
0.9999373489196869
0.9999352416993894
0.9999335235814003
0.9999319322569789
0.9999307468080406
0.9999296968373151
0.9999290628509482
0.9999285703342151
0.9999284985354477
0.9999285703342157
0.9999290628509471
0.9999296968373156
0.9999307468080407
0.9999319322569784
0.9999335235814001
0.9999352416993895
0.9999373489196869
0.9999395735491698
0.9999421617757547
0.9999448603837716
0.9999478851591086
0.9999510200938939
0.9999544274619868
0.9999579567341818
0.9999616848542345
0.9999655604579208
0.9999695452140176
0.9999737056757455
0.9999778979654861
0.9999822297185075
0.9999866919327016
0.9999908716892152
0.99999579232418
1.0
1.0
0.999995117405499
0.9999909740320786
0.999986196083893
0.9999817432044827
0.9999773901477574
0.9999729696150969
0.9999688436426314
0.9999646600980037
0.9999607762437284
0.99995690848866
0.9999533303956737
0.9999498305401491
0.9999466258498249
0.9999435380003608
0.9999407668201414
0.9999381322188788
0.9999358435622282
0.9999337003107908
0.9999319322569787
0.9999303132369292
0.9999290938494063
0.9999280249058646
0.9999273727829723
0.9999268716097327
0.9999267960736336
0.999926871609732
0.9999273727829732
0.9999280249058635
0.9999290938494066
0.9999303132369292
0.9999319322569797
0.9999337003107905
0.9999358435622283
0.99993813221888
0.9999407668201422
0.9999435380003607
0.9999466258498257
0.9999498305401489
0.9999533303956749
0.9999569084886595
0.99996077624373
0.9999646600980027
0.9999688436426316
0.999972969615097
0.999977390147758
0.9999817432044821
0.9999861960838934
0.9999909740320778
0.9999951174055004
1.0
1.0
0.9999956122651544
0.9999904986990377
0.9999861264420712
0.9999814983241399
0.999976966568372
0.999972614577748
0.9999682708057543
0.9999641233647256
0.9999600877257623
0.9999561983452835
0.9999525296305252
0.9999489716518015
0.9999457134496176
0.9999425565809922
0.9999397489876525
0.9999370513734586
0.9999347331514572
0.9999325404788503
0.9999307468080401
0.9999290938494066
0.999927853543767
0.9999267654590823
0.9999260991489932
0.999925591992197
0.9999255112685752
0.9999255919921971
0.9999260991489927
0.9999267654590825
0.9999278535437667
0.999929093849407
0.9999307468080395
0.9999325404788505
0.9999347331514573
0.999937051373458
0.999939748987652
0.999942556580993
0.9999457134496174
0.9999489716518023
0.9999525296305247
0.9999561983452847
0.9999600877257618
0.9999641233647266
0.9999682708057551
0.999972614577748
0.9999769665683715
0.9999814983241405
0.9999861264420707
0.9999904986990386
0.9999956122651539
1.0
1.0
0.9999949604830619
0.9999906715285383
0.9999857503595204
0.9999811361110241
0.9999766539576989
0.9999720779496873
0.9999678219544504
0.9999635006889738
0.9999594851369229
0.9999554978209662
0.9999517929446777
0.9999481879076992
0.9999448688705594
0.999941687380376
0.9999388191367765
0.9999361023634046
0.9999337357350705
0.9999315237141492
0.9999296968373163
0.9999280249058634
0.9999267654590828
0.9999256613834755
0.9999249878202731
0.9999244702994513
0.9999243921164489
0.9999244702994513
0.9999249878202732
0.9999256613834756
0.9999267654590828
0.9999280249058637
0.9999296968373161
0.9999315237141496
0.9999337357350705
0.9999361023634058
0.9999388191367767
0.9999416873803763
0.99994486887056
0.9999481879076997
0.9999517929446787
0.9999554978209658
0.9999594851369246
0.9999635006889736
0.9999678219544503
0.9999720779496878
0.9999766539576992
0.9999811361110237
0.9999857503595206
0.9999906715285376
0.9999949604830626
1.0
1.0
0.999995503004139
0.9999902726470368
0.9999857834294119
0.9999810548659922
0.9999764018540825
0.9999719527726857
0.9999674983200276
0.9999632515979754
0.9999591196014033
0.9999551318180505
0.9999513789957136
0.9999477294827955
0.9999443964755429
0.9999411598129587
0.9999382856378667
0.999935522300645
0.9999331466949515
0.9999309027770084
0.9999290628509463
0.9999273727829733
0.999926099148992
0.9999249878202737
0.9999243022128991
0.9999237857504887
0.9999237001092355
0.999923785750489
0.9999243022128986
0.9999249878202738
0.9999260991489924
0.9999273727829731
0.9999290628509466
0.999930902777008
0.9999331466949517
0.9999355223006443
0.9999382856378667
0.9999411598129592
0.9999443964755428
0.9999477294827964
0.9999513789957136
0.9999551318180513
0.9999591196014032
0.9999632515979757
0.9999674983200286
0.9999719527726854
0.9999764018540823
0.9999810548659929
0.9999857834294117
0.9999902726470378
0.9999955030041386
1.0
1.0
0.9999948814355711
0.9999905190163612
0.9999855257781551
0.9999808301341161
0.9999762828999414
0.9999716286708634
0.9999673069034176
0.9999629165492595
0.9999588342854596
0.9999547870135603
0.9999510180343696
0.9999473600697165
0.9999439834610625
0.9999407545966508
0.9999378377123945
0.9999350791967982
0.9999326736087777
0.999930426631341
0.9999285703342162
0.9999268716097311
0.9999255919921977
0.9999244702994508
0.9999237857504883
0.9999232602384939
0.999923180438528
0.9999232602384935
0.9999237857504889
0.9999244702994514
0.9999255919921972
0.999926871609732
0.9999285703342152
0.9999304266313424
0.9999326736087769
0.9999350791968004
0.9999378377123938
0.9999407545966521
0.9999439834610623
0.9999473600697183
0.9999510180343695
0.9999547870135612
0.9999588342854593
0.9999629165492611
0.9999673069034165
0.9999716286708644
0.9999762828999416
0.9999808301341165
0.9999855257781548
0.9999905190163615
0.9999948814355712
1.0
1.0
0.9999954663792198
0.9999901969169284
0.9999856684712098
0.9999809062701186
0.9999762126348596
0.999971730971585
0.9999672395137549
0.9999629594157317
0.9999587952431106
0.9999547743874564
0.9999509934466936
0.9999473132391719
0.9999439551401785
0.9999406918063888
0.999937795221122
0.9999350099763566
0.9999326150248999
0.999930354037472
0.9999284985354462
0.9999267960736342
0.9999255112685747
0.9999243921164493
0.9999237001092358
0.9999231804385283
0.9999230932517843
0.9999231804385287
0.9999237001092354
0.9999243921164496
0.9999255112685744
0.9999267960736341
0.9999284985354467
0.9999303540374715
0.9999326150249005
0.9999350099763552
0.9999377952211236
0.9999406918063889
0.9999439551401791
0.9999473132391726
0.9999509934466942
0.9999547743874572
0.9999587952431115
0.9999629594157321
0.9999672395137559
0.9999717309715852
0.9999762126348593
0.9999809062701189
0.9999856684712106
0.9999901969169281
0.9999954663792204
1.0
1.0
0.999994881435571
0.999990519016361
0.9999855257781551
0.999980830134116
0.9999762828999413
0.9999716286708631
0.9999673069034171
0.9999629165492591
0.99995883428546
0.9999547870135598
0.99995101803437
0.9999473600697165
0.9999439834610624
0.9999407545966502
0.9999378377123944
0.9999350791967979
0.9999326736087772
0.999930426631341
0.9999285703342154
0.9999268716097319
0.9999255919921967
0.9999244702994514
0.9999237857504873
0.9999232602384942
0.9999231804385272
0.9999232602384942
0.999923785750488
0.9999244702994521
0.9999255919921969
0.999926871609732
0.9999285703342156
0.9999304266313416
0.9999326736087775
0.9999350791967996
0.9999378377123941
0.9999407545966515
0.999943983461063
0.9999473600697178
0.9999510180343699
0.9999547870135608
0.9999588342854595
0.9999629165492606
0.9999673069034166
0.9999716286708648
0.9999762828999414
0.9999808301341169
0.999985525778155
0.9999905190163617
0.9999948814355712
1.0
1.0
0.9999955030041383
0.9999902726470371
0.9999857834294116
0.9999810548659921
0.9999764018540824
0.9999719527726856
0.9999674983200273
0.999963251597976
0.9999591196014025
0.9999551318180502
0.9999513789957128
0.9999477294827958
0.999944396475542
0.999941159812959
0.999938285637866
0.9999355223006444
0.9999331466949516
0.9999309027770077
0.9999290628509471
0.9999273727829718
0.9999260991489927
0.9999249878202727
0.9999243022128994
0.9999237857504881
0.999923700109236
0.9999237857504879
0.9999243022128993
0.9999249878202725
0.9999260991489928
0.9999273727829725
0.999929062850947
0.9999309027770078
0.9999331466949515
0.9999355223006443
0.9999382856378669
0.9999411598129595
0.9999443964755421
0.9999477294827966
0.9999513789957132
0.999955131818052
0.9999591196014028
0.9999632515979765
0.9999674983200282
0.9999719527726857
0.9999764018540825
0.999981054865993
0.9999857834294116
0.9999902726470378
0.9999955030041386
1.0
1.0
0.999994960483062
0.999990671528538
0.9999857503595198
0.9999811361110239
0.9999766539576986
0.999972077949687
0.9999678219544503
0.9999635006889724
0.9999594851369237
0.9999554978209657
0.9999517929446778
0.9999481879076989
0.9999448688705596
0.9999416873803751
0.9999388191367764
0.9999361023634042
0.9999337357350703
0.9999315237141484
0.9999296968373157
0.999928024905863
0.9999267654590822
0.9999256613834749
0.999924987820273
0.9999244702994508
0.999924392116449
0.9999244702994506
0.999924987820273
0.9999256613834756
0.9999267654590823
0.9999280249058637
0.9999296968373157
0.9999315237141491
0.9999337357350704
0.999936102363405
0.9999388191367765
0.9999416873803763
0.9999448688705609
0.999948187907699
0.9999517929446791
0.9999554978209656
0.9999594851369241
0.9999635006889741
0.9999678219544503
0.9999720779496882
0.9999766539576999
0.999981136111024
0.9999857503595205
0.9999906715285382
0.9999949604830628
1.0
1.0
0.9999956122651541
0.9999904986990378
0.9999861264420713
0.9999814983241397
0.9999769665683719
0.9999726145777481
0.9999682708057536
0.9999641233647265
0.9999600877257615
0.9999561983452832
0.9999525296305247
0.9999489716518013
0.9999457134496164
0.999942556580993
0.9999397489876514
0.9999370513734583
0.9999347331514563
0.9999325404788502
0.9999307468080397
0.9999290938494055
0.9999278535437663
0.9999267654590821
0.9999260991489927
0.9999255919921969
0.9999255112685747
0.9999255919921969
0.9999260991489923
0.999926765459082
0.9999278535437668
0.9999290938494061
0.9999307468080398
0.9999325404788498
0.9999347331514565
0.9999370513734578
0.9999397489876521
0.9999425565809933
0.9999457134496165
0.9999489716518025
0.9999525296305247
0.9999561983452853
0.9999600877257621
0.9999641233647265
0.999968270805755
0.9999726145777487
0.9999769665683719
0.9999814983241408
0.9999861264420714
0.9999904986990386
0.9999956122651537
1.0
1.0
0.9999951174054995
0.9999909740320783
0.9999861960838925
0.9999817432044822
0.9999773901477577
0.9999729696150956
0.9999688436426316
0.9999646600980014
0.999960776243729
0.9999569084886595
0.9999533303956736
0.9999498305401485
0.9999466258498251
0.9999435380003595
0.9999407668201412
0.999938132218879
0.9999358435622275
0.9999337003107895
0.9999319322569775
0.9999303132369285
0.9999290938494056
0.9999280249058629
0.9999273727829714
0.9999268716097315
0.999926796073633
0.9999268716097321
0.9999273727829718
0.999928024905864
0.9999290938494056
0.9999303132369294
0.9999319322569785
0.9999337003107907
0.9999358435622276
0.9999381322188795
0.9999407668201413
0.9999435380003606
0.9999466258498253
0.9999498305401492
0.9999533303956744
0.9999569084886598
0.9999607762437293
0.9999646600980038
0.9999688436426314
0.9999729696150973
0.9999773901477578
0.9999817432044832
0.999986196083893
0.9999909740320786
0.9999951174055003
1.0
1.0
0.9999957923241805
0.9999908716892145
0.999986691932702
0.999982229718507
0.9999778979654861
0.9999737056757456
0.9999695452140165
0.9999655604579205
0.999961684854234
0.999957956734181
0.9999544274619866
0.9999510200938928
0.9999478851591075
0.9999448603837718
0.9999421617757542
0.99993957354917
0.9999373489196857
0.9999352416993893
0.9999335235813996
0.9999319322569777
0.9999307468080392
0.9999296968373154
0.999929062850947
0.999928570334215
0.9999284985354469
0.9999285703342149
0.9999290628509472
0.9999296968373151
0.9999307468080403
0.9999319322569779
0.9999335235813999
0.9999352416993889
0.9999373489196864
0.9999395735491696
0.9999421617757549
0.9999448603837713
0.9999478851591082
0.9999510200938939
0.9999544274619868
0.9999579567341825
0.9999616848542346
0.9999655604579203
0.9999695452140178
0.999973705675746
0.9999778979654871
0.9999822297185074
0.9999866919327023
0.9999908716892147
0.9999957923241803
1.0
1.0
0.9999953498867991
0.9999914215035305
0.9999868561615424
0.9999826417283214
0.9999784797591187
0.9999742899488839
0.9999703553004295
0.9999663771740399
0.9999626865467531
0.9999589973694465
0.9999556057289519
0.9999522622333789
0.9999492267681427
0.9999462769737916
0.9999436505040862
0.999941136208836
0.9999389643963695
0.9999369216132812
0.9999352416993895
0.9999337003107893
0.99993254047885
0.999931523714148
0.9999309027770069
0.9999304266313407
0.9999303540374709
0.9999304266313414
0.9999309027770076
0.9999315237141493
0.9999325404788496
0.9999337003107903
0.9999352416993894
0.9999369216132827
0.9999389643963689
0.9999411362088371
0.9999436505040856
0.9999462769737928
0.999949226768143
0.999952262233379
0.9999556057289528
0.9999589973694468
0.9999626865467539
0.9999663771740414
0.9999703553004299
0.9999742899488849
0.9999784797591191
0.9999826417283223
0.9999868561615429
0.9999914215035309
0.9999953498867997
1.0
1.0
0.9999960401384704
0.9999913860615662
0.9999874706672642
0.9999832376760215
0.9999791814598825
0.9999752084470462
0.9999713021371937
0.9999675393400601
0.9999638867236542
0.9999603784158707
0.9999570431978879
0.9999538421381237
0.9999508774263028
0.9999480350884503
0.9999454855392307
0.9999430495960777
0.9999409521563688
0.9999389643963694
0.9999373489196857
0.9999358435622278
0.9999347331514555
0.9999337357350703
0.9999331466949515
0.9999326736087771
0.9999326150248993
0.9999326736087776
0.9999331466949513
0.99993373573507
0.9999347331514568
0.9999358435622274
0.9999373489196862
0.9999389643963688
0.9999409521563698
0.9999430495960776
0.9999454855392308
0.9999480350884496
0.999950877426303
0.9999538421381251
0.9999570431978884
0.999960378415872
0.9999638867236547
0.9999675393400602
0.9999713021371945
0.999975208447047
0.9999791814598827
0.9999832376760223
0.9999874706672645
0.9999913860615671
0.9999960401384703
1.0
1.0
0.9999956545045603
0.9999920064925275
0.999987720566955
0.999983817310486
0.9999799054909323
0.9999760186264238
0.9999723322350725
0.999968625944327
0.9999651847079379
0.9999617326769815
0.9999585820980438
0.9999554453124628
0.9999526302646885
0.9999498611243749
0.9999474249681005
0.9999450664997146
0.9999430495960782
0.9999411362088352
0.99993957354917
0.9999381322188784
0.9999370513734579
0.9999361023634041
0.9999355223006432
0.9999350791967981
0.9999350099763561
0.9999350791967982
0.9999355223006448
0.9999361023634047
0.9999370513734578
0.9999381322188795
0.9999395735491697
0.9999411362088368
0.9999430495960772
0.9999450664997154
0.9999474249681006
0.9999498611243757
0.9999526302646885
0.9999554453124627
0.9999585820980448
0.9999617326769814
0.9999651847079387
0.9999686259443281
0.9999723322350732
0.9999760186264243
0.999979905490933
0.9999838173104866
0.9999877205669554
0.999992006492528
0.9999956545045617
1.0
1.0
0.9999963515245425
0.9999920341471078
0.9999884499358658
0.9999845065140331
0.9999807969746375
0.9999770985680002
0.999973514934806
0.9999700273963186
0.9999666601940205
0.9999634236167915
0.9999603370012153
0.9999573921560008
0.9999546438217987
0.9999520302486166
0.9999496678848249
0.9999474249681001
0.9999454855392305
0.9999436505040858
0.9999421617757541
0.9999407668201409
0.9999397489876513
0.999938819136776
0.9999382856378665
0.9999378377123942
0.9999377952211213
0.9999378377123948
0.9999382856378657
0.9999388191367766
0.9999397489876515
0.9999407668201411
0.9999421617757543
0.9999436505040861
0.999945485539231
0.999947424968101
0.9999496678848249
0.9999520302486165
0.9999546438217993
0.9999573921560019
0.9999603370012154
0.999963423616792
0.9999666601940211
0.9999700273963189
0.9999735149348065
0.9999770985680011
0.9999807969746377
0.9999845065140336
0.9999884499358662
0.9999920341471082
0.9999963515245421
1.0
1.0
0.9999960267464456
0.999992719308975
0.9999887761031786
0.9999852512315666
0.9999816445950692
0.9999781291942558
0.9999747419189465
0.9999713727340551
0.9999682292711309
0.9999650734013736
0.9999622105600906
0.9999593313006131
0.9999567813311885
0.9999542348171637
0.9999520302486156
0.9999498611243758
0.9999480350884491
0.9999462769737925
0.9999448603837706
0.9999435380003606
0.9999425565809922
0.9999416873803757
0.9999411598129576
0.9999407545966505
0.9999406918063886
0.9999407545966502
0.9999411598129593
0.9999416873803754
0.999942556580993
0.9999435380003605
0.9999448603837716
0.9999462769737918
0.99994803508845
0.9999498611243743
0.9999520302486172
0.9999542348171631
0.9999567813311896
0.9999593313006123
0.9999622105600918
0.9999650734013734
0.9999682292711316
0.9999713727340558
0.9999747419189482
0.9999781291942554
0.9999816445950706
0.9999852512315665
0.9999887761031794
0.9999927193089759
0.9999960267464463
1.0
1.0
0.9999967212792131
0.999992806182407
0.9999896138909841
0.9999860163253055
0.9999827194403836
0.9999793451879152
0.9999761503970297
0.999972983152232
0.9999699641359069
0.9999670415457894
0.9999642596294375
0.9999616117171769
0.999959126982943
0.9999567813311884
0.9999546438218002
0.9999526302646873
0.999950877426303
0.9999492267681422
0.9999478851591084
0.9999466258498239
0.9999457134496168
0.9999448688705588
0.999944396475543
0.9999439834610621
0.9999439551401784
0.9999439834610624
0.9999443964755419
0.99994486887056
0.9999457134496169
0.9999466258498252
0.9999478851591082
0.9999492267681432
0.999950877426303
0.9999526302646884
0.9999546438217988
0.9999567813311893
0.9999591269829431
0.9999616117171778
0.9999642596294377
0.9999670415457895
0.9999699641359084
0.9999729831522324
0.9999761503970301
0.9999793451879165
0.9999827194403833
0.9999860163253066
0.9999896138909846
0.9999928061824069
0.9999967212792132
1.0
1.0
0.9999964610300583
0.9999935482687661
0.9999900064908772
0.9999869208502588
0.9999836691019955
0.9999805896243038
0.9999775443499321
0.9999745768835236
0.9999717690779374
0.999968970258633
0.9999664304776255
0.9999638621111058
0.9999616117171781
0.9999593313006125
0.9999573921560008
0.9999554453124626
0.9999538421381248
0.9999522622333783
0.999951020093893
0.9999498305401485
0.9999489716518017
0.9999481879076989
0.9999477294827954
0.9999473600697161
0.9999473132391724
0.9999473600697169
0.9999477294827971
0.9999481879076988
0.9999489716518021
0.9999498305401493
0.9999510200938934
0.9999522622333787
0.9999538421381247
0.999955445312462
0.999957392156002
0.9999593313006124
0.999961611717178
0.9999638621111058
0.9999664304776257
0.9999689702586343
0.9999717690779368
0.9999745768835252
0.9999775443499324
0.9999805896243043
0.9999836691019963
0.9999869208502593
0.9999900064908778
0.9999935482687672
0.9999964610300589
1.0
1.0
0.9999971432647229
0.9999936904679837
0.9999909437686381
0.9999877433612894
0.9999849190720432
0.9999819115802264
0.9999791690738035
0.9999763571267162
0.9999737499056088
0.9999711713157001
0.9999687531631636
0.9999664304776255
0.9999642596294367
0.999962210560092
0.9999603370012158
0.9999585820980441
0.9999570431978879
0.9999556057289521
0.9999544274619867
0.9999533303956736
0.9999525296305245
0.9999517929446776
0.9999513789957136
0.99995101803437
0.9999509934466937
0.9999510180343697
0.9999513789957127
0.9999517929446786
0.9999525296305254
0.9999533303956737
0.9999544274619877
0.9999556057289526
0.999957043197888
0.9999585820980444
0.999960337001215
0.9999622105600916
0.9999642596294379
0.9999664304776251
0.9999687531631644
0.9999711713156999
0.9999737499056099
0.9999763571267162
0.9999791690738042
0.9999819115802273
0.9999849190720436
0.9999877433612898
0.9999909437686383
0.9999936904679841
0.999997143264723
1.0
1.0
0.9999969509021244
0.9999944796462352
0.9999913929920888
0.9999887994460104
0.9999859469259029
0.9999833620183686
0.9999806935896769
0.9999781904191075
0.9999757450549134
0.9999733655321006
0.9999711713157001
0.9999689702586336
0.99996704154579
0.9999650734013733
0.9999634236167915
0.9999617326769819
0.9999603784158709
0.9999589973694465
0.9999579567341806
0.9999569084886598
0.9999561983452837
0.9999554978209663
0.9999551318180503
0.9999547870135606
0.9999547743874565
0.9999547870135612
0.9999551318180514
0.9999554978209659
0.9999561983452842
0.99995690848866
0.9999579567341815
0.9999589973694465
0.9999603784158716
0.9999617326769814
0.9999634236167925
0.9999650734013736
0.9999670415457895
0.999968970258634
0.9999711713157007
0.9999733655321009
0.9999757450549138
0.9999781904191083
0.9999806935896777
0.9999833620183686
0.9999859469259039
0.9999887994460104
0.9999913929920896
0.999994479646236
0.9999969509021249
1.0
1.0
0.9999976102096632
0.9999946741507814
0.9999924172764006
0.9999896616263668
0.9999873603191385
0.9999847575088825
0.9999825238958213
0.9999800947539679
0.9999779599182821
0.9999757450549129
0.9999737499056098
0.9999717690779367
0.9999699641359076
0.9999682292711315
0.9999666601940216
0.9999651847079377
0.9999638867236542
0.9999626865467532
0.9999616848542343
0.999960776243729
0.9999600877257617
0.9999594851369241
0.9999591196014032
0.9999588342854604
0.999958795243111
0.99995883428546
0.9999591196014028
0.9999594851369248
0.9999600877257623
0.9999607762437295
0.9999616848542351
0.9999626865467537
0.999963886723655
0.999965184707938
0.9999666601940209
0.9999682292711314
0.9999699641359083
0.9999717690779366
0.9999737499056097
0.9999757450549136
0.9999779599182822
0.9999800947539683
0.9999825238958214
0.9999847575088835
0.9999873603191386
0.999989661626368
0.9999924172764006
0.9999946741507819
0.9999976102096636
1.0
1.0
0.9999974896577905
0.9999954968541154
0.9999929162595744
0.9999908545815295
0.9999884449036528
0.9999864002547139
0.9999841417740858
0.9999821552977954
0.9999800947539677
0.9999781904191083
0.9999763571267157
0.999974576883525
0.9999729831522324
0.9999713727340558
0.9999700273963181
0.9999686259443281
0.9999675393400594
0.9999663771740409
0.9999655604579196
0.9999646600980031
0.9999641233647257
0.9999635006889736
0.9999632515979757
0.9999629165492601
0.9999629594157318
0.999962916549261
0.9999632515979762
0.999963500688974
0.999964123364726
0.9999646600980038
0.9999655604579201
0.9999663771740417
0.9999675393400594
0.9999686259443283
0.9999700273963185
0.9999713727340558
0.9999729831522322
0.9999745768835255
0.9999763571267165
0.9999781904191083
0.9999800947539688
0.9999821552977958
0.9999841417740871
0.9999864002547136
0.9999884449036541
0.999990854581529
0.9999929162595758
0.9999954968541154
0.9999974896577908
1.0
1.0
0.9999981131416609
0.9999957447885722
0.9999940069124422
0.9999917459683263
0.9999899991427411
0.9999878436766815
0.9999861566774619
0.9999841417740869
0.999982523895821
0.9999806935896772
0.9999791690738036
0.999977544349932
0.9999761503970295
0.9999747419189473
0.9999735149348065
0.9999723322350724
0.9999713021371944
0.999970355300429
0.9999695452140175
0.999968843642631
0.9999682708057547
0.9999678219544506
0.9999674983200282
0.9999673069034177
0.9999672395137557
0.9999673069034174
0.9999674983200285
0.9999678219544507
0.9999682708057551
0.9999688436426315
0.9999695452140182
0.9999703553004295
0.9999713021371948
0.9999723322350729
0.9999735149348064
0.9999747419189475
0.9999761503970299
0.9999775443499322
0.9999791690738038
0.9999806935896783
0.9999825238958209
0.9999841417740878
0.9999861566774622
0.9999878436766828
0.9999899991427411
0.9999917459683271
0.9999940069124421
0.9999957447885728
0.9999981131416614
1.0
1.0
0.9999980710526811
0.999996579493147
0.999994558454133
0.9999930462192399
0.9999911322585284
0.9999896472931808
0.999987843676682
0.999986400254713
0.999984757508883
0.999983362018368
0.9999819115802272
0.9999805896243039
0.9999793451879166
0.9999781291942549
0.9999770985680011
0.9999760186264234
0.9999752084470468
0.9999742899488845
0.9999737056757458
0.9999729696150966
0.9999726145777482
0.9999720779496871
0.9999719527726865
0.9999716286708639
0.9999717309715858
0.9999716286708644
0.9999719527726856
0.9999720779496878
0.9999726145777487
0.9999729696150972
0.999973705675746
0.9999742899488853
0.9999752084470465
0.9999760186264244
0.999977098568001
0.9999781291942554
0.9999793451879158
0.9999805896243046
0.9999819115802273
0.9999833620183681
0.999984757508884
0.9999864002547131
0.9999878436766823
0.9999896472931813
0.9999911322585291
0.9999930462192409
0.9999945584541333
0.9999965794931476
0.9999980710526808
1.0
1.0
0.999998641578014
0.9999968904594007
0.9999956805047071
0.9999939723702389
0.9999927838029528
0.9999911322585284
0.999989999142741
0.9999884449036538
0.9999873603191383
0.9999859469259038
0.9999849190720426
0.999983669101996
0.9999827194403825
0.9999816445950711
0.9999807969746366
0.9999799054909335
0.9999791814598816
0.9999784797591195
0.9999778979654858
0.9999773901477581
0.9999769665683718
0.9999766539576996
0.9999764018540823
0.9999762828999418
0.9999762126348599
0.9999762828999416
0.9999764018540831
0.9999766539576997
0.9999769665683718
0.9999773901477582
0.9999778979654862
0.9999784797591195
0.9999791814598825
0.9999799054909333
0.999980796974637
0.9999816445950707
0.9999827194403833
0.9999836691019963
0.9999849190720426
0.9999859469259053
0.9999873603191375
0.999988444903655
0.9999899991427407
0.9999911322585295
0.9999927838029523
0.9999939723702396
0.999995680504707
0.9999968904594013
0.9999986415780142
1.0
1.0
0.999998687520513
0.9999977073970662
0.999996298033099
0.9999953345153053
0.999993972370239
0.9999930462192402
0.9999917459683267
0.9999908545815294
0.999989661626368
0.9999887994460099
0.9999877433612908
0.9999869208502588
0.9999860163253067
0.9999852512315656
0.9999845065140343
0.9999838173104857
0.9999832376760219
0.9999826417283219
0.9999822297185074
0.9999817432044833
0.9999814983241402
0.9999811361110241
0.999981054865993
0.9999808301341169
0.9999809062701187
0.9999808301341172
0.9999810548659922
0.9999811361110243
0.9999814983241407
0.9999817432044829
0.9999822297185077
0.9999826417283222
0.9999832376760219
0.9999838173104868
0.9999845065140336
0.9999852512315666
0.9999860163253063
0.9999869208502592
0.9999877433612901
0.9999887994460098
0.9999896616263679
0.9999908545815295
0.9999917459683267
0.9999930462192407
0.9999939723702392
0.9999953345153054
0.9999962980330984
0.9999977073970665
0.9999986875205128
1.0
1.0
0.9999991889569649
0.9999980894969136
0.9999974172033926
0.9999962980330988
0.9999956805047073
0.9999945584541333
0.9999940069124424
0.9999929162595751
0.9999924172764001
0.9999913929920896
0.9999909437686376
0.9999900064908775
0.999989613890984
0.9999887761031799
0.9999884499358657
0.9999877205669555
0.9999874706672645
0.9999868561615426
0.999986691932702
0.9999861960838924
0.9999861264420719
0.9999857503595203
0.9999857834294122
0.9999855257781547
0.9999856684712111
0.9999855257781549
0.9999857834294128
0.9999857503595202
0.9999861264420717
0.9999861960838929
0.9999866919327025
0.9999868561615423
0.9999874706672648
0.9999877205669554
0.9999884499358662
0.9999887761031796
0.999989613890984
0.9999900064908779
0.999990943768638
0.9999913929920901
0.9999924172764004
0.9999929162595753
0.9999940069124426
0.9999945584541335
0.9999956805047069
0.9999962980330991
0.9999974172033929
0.9999980894969137
0.9999991889569653
1.0
1.0
0.9999993232787755
0.9999988748649937
0.9999980894969137
0.9999977073970664
0.9999968904594012
0.9999965794931477
0.9999957447885726
0.9999954968541155
0.9999946741507824
0.9999944796462356
0.9999936904679844
0.9999935482687664
0.9999928061824077
0.9999927193089745
0.9999920341471092
0.9999920064925272
0.9999913860615669
0.999991421503531
0.9999908716892152
0.9999909740320784
0.999990498699039
0.9999906715285374
0.9999902726470383
0.9999905190163612
0.999990196916929
0.9999905190163612
0.9999902726470383
0.9999906715285375
0.9999904986990391
0.9999909740320776
0.9999908716892156
0.9999914215035308
0.9999913860615676
0.9999920064925272
0.999992034147109
0.9999927193089745
0.9999928061824079
0.9999935482687661
0.9999936904679847
0.9999944796462352
0.9999946741507822
0.9999954968541156
0.9999957447885724
0.9999965794931476
0.999996890459401
0.9999977073970662
0.9999980894969132
0.9999988748649935
0.9999993232787755
1.0
1.0
0.9999997465549337
0.9999993232787756
0.999999188956965
0.9999986875205129
0.9999986415780143
0.9999980710526802
0.9999981131416621
0.9999974896577902
0.999997610209664
0.9999969509021244
0.9999971432647234
0.9999964610300586
0.9999967212792132
0.9999960267464464
0.999996351524542
0.9999956545045616
0.9999960401384708
0.9999953498867991
0.9999957923241809
0.9999951174054996
0.9999956122651547
0.9999949604830625
0.999995503004139
0.9999948814355714
0.9999954663792201
0.9999948814355714
0.9999955030041386
0.9999949604830628
0.9999956122651538
0.9999951174055004
0.9999957923241803
0.9999953498867998
0.9999960401384701
0.9999956545045618
0.9999963515245418
0.9999960267464468
0.9999967212792129
0.9999964610300593
0.9999971432647228
0.9999969509021253
0.9999976102096632
0.9999974896577909
0.9999981131416615
0.9999980710526807
0.999998641578014
0.9999986875205135
0.999999188956965
0.9999993232787755
0.9999997465549335
1.0
1.0
1.0
1.0
1.0
1.0
1.0
1.0
1.0
1.0
1.0
1.0
1.0
1.0
1.0
1.0
1.0
1.0
1.0
1.0
1.0
1.0
1.0
1.0
1.0
1.0
1.0
1.0
1.0
1.0
1.0
1.0
1.0
1.0
1.0
1.0
1.0
1.0
1.0
1.0
1.0
1.0
1.0
1.0
1.0
1.0
1.0
1.0
1.0
1.0
1.0
1.0
