1.0
1.0
1.0
1.0
1.0
1.0
1.0
1.0
1.0
1.0
1.0
1.0
1.0
1.0
1.0
1.0
1.0
1.0
1.0
1.0
1.0
1.0
1.0
1.0
1.0
1.0
1.0
1.0
1.0
1.0
1.0
1.0
1.0
1.0
1.0
1.0
1.0
1.0
1.0
1.0
1.0
1.0
1.0
1.0
1.0
1.0
1.0
1.0
1.0
1.0
1.0
1.0
0.9999996015517635
0.9999992046760201
0.9999988109390575
0.9999984218947747
0.9999980390785526
0.9999976640011912
0.9999972981429505
0.9999969429477046
0.9999965998172476
0.9999962701057586
0.9999959551144584
0.9999956560864732
0.9999953742019303
0.9999951105732989
0.999994866241001
0.9999946421693043
0.999994439242518
0.9999942582615006
0.9999940999405021
0.9999939649043431
0.9999938536859494
0.9999937667242492
0.9999937043624407
0.9999936668466375
0.9999936543248972
0.9999936668466373
0.9999937043624407
0.9999937667242492
0.9999938536859493
0.9999939649043431
0.9999940999405023
0.9999942582615007
0.9999944392425181
0.9999946421693043
0.999994866241001
0.9999951105732988
0.99999537420193
0.999995656086473
0.999995955114458
0.9999962701057585
0.9999965998172476
0.9999969429477045
0.9999972981429501
0.9999976640011911
0.9999980390785523
0.9999984218947744
0.9999988109390571
0.9999992046760201
0.9999996015517635
1.0
1.0
0.9999992046760201
0.9999984124908208
0.999997626570795
0.9999968500176097
0.999996085895966
0.9999953372215028
0.9999946069488959
0.999993897960198
0.9999932130534634
0.9999925549317061
0.9999919261922321
0.9999913293163886
0.9999907666597722
0.9999902404429313
0.9999897527426036
0.9999893054835192
0.9999889004308053
0.9999885391830204
0.999988223165844
0.9999879536264518
0.9999877316285927
0.9999875580483901
0.9999874335708867
0.9999873586873381
0.9999873336932751
0.999987358687338
0.9999874335708869
0.9999875580483902
0.9999877316285927
0.9999879536264519
0.999988223165844
0.9999885391830204
0.9999889004308053
0.9999893054835192
0.9999897527426034
0.9999902404429312
0.999990766659772
0.9999913293163885
0.9999919261922318
0.9999925549317058
0.9999932130534631
0.9999938979601978
0.9999946069488956
0.9999953372215026
0.9999960858959658
0.9999968500176096
0.9999976265707947
0.9999984124908209
0.99999920467602
1.0
1.0
0.9999988109390571
0.9999976265707948
0.9999964515693733
0.9999952905719862
0.9999941481605601
0.9999930288436707
0.9999919370387506
0.999990877054655
0.9999898530746564
0.9999888691399368
0.9999879291336364
0.999987036765531
0.9999861955573898
0.9999854088290768
0.9999846796854495
0.9999840110041045
0.9999834054240216
0.9999828653351487
0.9999823928689698
0.9999819898900935
0.9999816579888926
0.99998139847523
0.9999812123732877
0.9999811004175245
0.999981063049779
0.9999811004175245
0.9999812123732875
0.9999813984752302
0.9999816579888928
0.9999819898900936
0.9999823928689701
0.9999828653351487
0.9999834054240216
0.9999840110041044
0.9999846796854494
0.9999854088290766
0.9999861955573895
0.9999870367655308
0.9999879291336361
0.9999888691399365
0.9999898530746563
0.9999908770546545
0.9999919370387502
0.9999930288436706
0.9999941481605599
0.9999952905719861
0.9999964515693733
0.9999976265707948
0.9999988109390573
1.0
1.0
0.9999984218947746
0.9999968500176097
0.9999952905719862
0.9999937497123237
0.999992233519691
0.9999907479778078
0.9999892989494296
0.999987892153209
0.9999865331411281
0.9999852272765868
0.9999839797132357
0.9999827953746377
0.9999816789348359
0.9999806347999081
0.9999796670905777
0.999978779625952
0.9999779759084478
0.9999772591099712
0.9999766320593982
0.999976097231411
0.9999756567367312
0.9999753123137902
0.9999750653218679
0.9999749167357287
0.999974867141774
0.9999749167357287
0.9999750653218679
0.9999753123137902
0.9999756567367313
0.9999760972314111
0.9999766320593984
0.9999772591099713
0.9999779759084478
0.999978779625952
0.9999796670905777
0.999980634799908
0.9999816789348357
0.9999827953746373
0.9999839797132356
0.9999852272765867
0.999986533141128
0.9999878921532088
0.9999892989494293
0.9999907479778077
0.9999922335196908
0.9999937497123236
0.9999952905719862
0.9999968500176099
0.9999984218947747
1.0
1.0
0.9999980390785526
0.9999960858959661
0.9999941481605601
0.9999922335196908
0.9999903495295714
0.9999885036254497
0.9999867030922662
0.9999849550359027
0.9999832663551392
0.9999816437144271
0.9999800935175879
0.9999786218825404
0.9999772346171558
0.9999759371963368
0.9999747347404105
0.9999736319949213
0.9999726333119016
0.9999717426326973
0.9999709634724122
0.999970298906036
0.9999697515563083
0.9999693235833689
0.9999690166762312
0.9999688320461174
0.9999687704216783
0.9999688320461174
0.9999690166762313
0.999969323583369
0.9999697515563085
0.9999702989060361
0.9999709634724123
0.9999717426326974
0.9999726333119016
0.9999736319949211
0.9999747347404104
0.9999759371963366
0.9999772346171556
0.9999786218825402
0.9999800935175879
0.9999816437144269
0.9999832663551392
0.9999849550359026
0.9999867030922661
0.9999885036254497
0.9999903495295712
0.9999922335196907
0.99999414816056
0.9999960858959661
0.9999980390785524
1.0
1.0
0.9999976640011912
0.9999953372215026
0.9999930288436707
0.9999907479778077
0.9999885036254498
0.9999863046440298
0.9999841597119231
0.9999820772941966
0.9999800656092018
0.9999781325961404
0.9999762858837318
0.999974532760106
0.9999728801440415
0.9999713345576584
0.9999699021006802
0.9999685884263602
0.9999673987191707
0.9999663376743426
0.9999654094793351
0.9999646177973097
0.9999639657526737
0.9999634559187495
0.9999630903076185
0.9999628703621808
0.999962796950461
0.9999628703621809
0.9999630903076184
0.9999634559187495
0.9999639657526737
0.9999646177973097
0.999965409479335
0.9999663376743426
0.9999673987191706
0.9999685884263599
0.99996990210068
0.999971334557658
0.9999728801440412
0.9999745327601058
0.9999762858837317
0.9999781325961403
0.9999800656092016
0.9999820772941964
0.9999841597119229
0.9999863046440296
0.9999885036254497
0.9999907479778077
0.9999930288436706
0.9999953372215027
0.9999976640011912
1.0
1.0
0.9999972981429501
0.9999946069488957
0.9999919370387503
0.9999892989494295
0.9999867030922663
0.9999841597119231
0.9999816788459601
0.999979270285222
0.9999769435351977
0.9999747077785066
0.9999725718386587
0.9999705441452329
0.9999686327006087
0.9999668450483848
0.9999651882436079
0.9999636688249296
0.9999622927888011
0.9999610655658085
0.9999599919992401
0.9999590763259729
0.9999583221597508
0.9999577324769233
0.9999573096046993
0.999957055211962
0.9999569703026835
0.9999570552119619
0.9999573096046992
0.9999577324769233
0.9999583221597507
0.9999590763259728
0.99995999199924
0.9999610655658082
0.9999622927888009
0.9999636688249293
0.9999651882436077
0.9999668450483844
0.9999686327006083
0.9999705441452326
0.9999725718386583
0.9999747077785063
0.9999769435351975
0.9999792702852219
0.9999816788459599
0.9999841597119227
0.9999867030922659
0.9999892989494292
0.9999919370387503
0.9999946069488956
0.9999972981429501
1.0
1.0
0.9999969429477045
0.9999938979601979
0.9999908770546545
0.9999878921532087
0.9999849550359027
0.9999820772941965
0.9999792702852218
0.9999765450869612
0.9999739124545268
0.9999713827777161
0.9999689660400076
0.9999666717791612
0.9999645090495761
0.9999624863865583
0.9999606117726344
0.9999588926060491
0.9999573356715674
0.9999559471136986
0.9999547324124461
0.9999536963616812
0.9999528430502226
0.9999521758457006
0.9999516973812668
0.9999514095452018
0.9999513134734629
0.9999514095452018
0.9999516973812667
0.9999521758457005
0.9999528430502221
0.9999536963616811
0.9999547324124459
0.9999559471136985
0.9999573356715671
0.9999588926060486
0.9999606117726341
0.999962486386558
0.9999645090495758
0.9999666717791608
0.9999689660400072
0.9999713827777158
0.9999739124545264
0.9999765450869609
0.9999792702852218
0.9999820772941963
0.9999849550359025
0.9999878921532086
0.9999908770546544
0.9999938979601979
0.9999969429477045
1.0
1.0
0.9999965998172478
0.9999932130534632
0.9999898530746562
0.9999865331411277
0.9999832663551391
0.9999800656092016
0.9999769435351976
0.9999739124545267
0.9999709843294795
0.9999681707160278
0.9999654827182186
0.9999629309443511
0.9999605254651108
0.9999582757738258
0.9999561907489996
0.9999542786192721
0.9999525469309465
0.999951002518205
0.9999496514761397
0.9999484991366958
0.999947550047631
0.9999468079545659
0.9999462757862031
0.9999459556427677
0.99994584878772
0.9999459556427678
0.9999462757862031
0.9999468079545659
0.9999475500476307
0.9999484991366956
0.9999496514761393
0.9999510025182049
0.999952546930946
0.9999542786192717
0.9999561907489989
0.9999582757738252
0.9999605254651105
0.9999629309443507
0.9999654827182182
0.9999681707160273
0.9999709843294792
0.9999739124545264
0.9999769435351975
0.9999800656092015
0.999983266355139
0.9999865331411277
0.999989853074656
0.999993213053463
0.9999965998172475
1.0
1.0
0.9999962701057588
0.9999925549317059
0.9999888691399365
0.9999852272765865
0.9999816437144269
0.9999781325961401
0.9999747077785064
0.9999713827777157
0.9999681707160277
0.999965084269982
0.9999621356203713
0.9999593364041682
0.9999566976686005
0.999954229827552
0.9999519426204635
0.999949845073897
0.9999479454659099
0.9999462512933874
0.9999447692424545
0.9999435051620893
0.9999424640410393
0.9999416499881335
0.9999410662160668
0.9999407150287214
0.9999405978120726
0.9999407150287214
0.9999410662160669
0.9999416499881334
0.999942464041039
0.9999435051620891
0.9999447692424545
0.9999462512933873
0.9999479454659095
0.9999498450738965
0.9999519426204632
0.9999542298275516
0.9999566976686002
0.9999593364041679
0.999962135620371
0.9999650842699817
0.9999681707160273
0.9999713827777155
0.9999747077785063
0.99997813259614
0.9999816437144268
0.9999852272765865
0.9999888691399363
0.9999925549317059
0.9999962701057586
1.0
1.0
0.9999959551144582
0.9999919261922319
0.9999879291336361
0.9999839797132355
0.9999800935175875
0.9999762858837314
0.9999725718386583
0.9999689660400074
0.9999654827182185
0.9999621356203711
0.9999589379559317
0.9999559023446207
0.9999530407666093
0.9999503645152383
0.9999478841524493
0.9999456094671013
0.9999435494363378
0.9999417121901591
0.999940104979337
0.999938734146798
0.9999376051025919
0.9999367223025403
0.9999360892306518
0.9999357083853717
0.9999355812697227
0.9999357083853717
0.9999360892306518
0.9999367223025403
0.9999376051025919
0.999938734146798
0.999940104979337
0.9999417121901591
0.9999435494363376
0.9999456094671009
0.999947884152449
0.9999503645152378
0.9999530407666087
0.9999559023446204
0.9999589379559314
0.9999621356203706
0.9999654827182181
0.9999689660400071
0.9999725718386583
0.9999762858837316
0.9999800935175875
0.9999839797132354
0.9999879291336361
0.9999919261922319
0.9999959551144582
1.0
1.0
0.9999956560864731
0.9999913293163885
0.9999870367655309
0.9999827953746373
0.9999786218825402
0.9999745327601058
0.9999705441452323
0.9999666717791608
0.9999629309443506
0.999959336404168
0.9999559023446206
0.9999526423183727
0.9999495691912585
0.9999466950915066
0.999944031361876
0.9999415885148902
0.9999393761913508
0.9999374031222874
0.9999356770945028
0.9999342049198398
0.9999329924082991
0.9999320443451103
0.9999313644718452
0.999930955471653
0.999930818958671
0.9999309554716531
0.9999313644718452
0.9999320443451103
0.9999329924082991
0.9999342049198396
0.9999356770945027
0.9999374031222874
0.9999393761913505
0.99994158851489
0.9999440313618757
0.9999466950915062
0.9999495691912581
0.9999526423183724
0.9999559023446203
0.9999593364041677
0.9999629309443506
0.9999666717791608
0.9999705441452326
0.9999745327601057
0.9999786218825402
0.9999827953746373
0.9999870367655308
0.9999913293163885
0.9999956560864731
1.0
1.0
0.9999953742019301
0.999990766659772
0.9999861955573897
0.9999816789348356
0.9999772346171555
0.999972880144041
0.9999686327006082
0.9999645090495758
0.9999605254651105
0.9999566976686002
0.9999530407666091
0.9999495691912583
0.9999462966432701
0.9999432360378961
0.9999403994539476
0.9999377980861255
0.9999354422008401
0.9999333410956942
0.9999315030627901
0.9999299353560039
0.999928644162358
0.9999276345776041
0.9999269105861115
0.9999264750451443
0.9999263296735835
0.9999264750451444
0.9999269105861116
0.999927634577604
0.999928644162358
0.9999299353560037
0.99993150306279
0.9999333410956941
0.99993544220084
0.9999377980861252
0.9999403994539473
0.9999432360378959
0.9999462966432697
0.9999495691912581
0.9999530407666087
0.9999566976686002
0.9999605254651105
0.9999645090495759
0.9999686327006082
0.9999728801440411
0.9999772346171554
0.9999816789348354
0.9999861955573895
0.9999907666597719
0.9999953742019301
1.0
1.0
0.9999951105732987
0.9999902404429312
0.9999854088290766
0.9999806347999076
0.9999759371963364
0.999971334557658
0.9999668450483843
0.9999624863865578
0.9999582757738253
0.9999542298275516
0.9999503645152379
0.9999466950915065
0.999943236037896
0.999940001005711
0.9999370027621457
0.9999342531398973
0.9999317629904689
0.9999295421413427
0.9999275993571953
0.9999259423053084
0.9999245775253087
0.9999235104033595
0.9999227451509031
0.999922284788042
0.9999221311316177
0.999922284788042
0.9999227451509034
0.9999235104033594
0.9999245775253086
0.9999259423053083
0.9999275993571952
0.9999295421413426
0.9999317629904688
0.9999342531398971
0.9999370027621455
0.9999400010057108
0.9999432360378958
0.9999466950915062
0.9999503645152378
0.9999542298275513
0.9999582757738252
0.9999624863865578
0.9999668450483844
0.999971334557658
0.9999759371963363
0.9999806347999075
0.9999854088290765
0.9999902404429312
0.9999951105732989
1.0
1.0
0.9999948662410008
0.9999897527426032
0.9999846796854491
0.9999796670905776
0.9999747347404101
0.9999699021006796
0.9999651882436076
0.9999606117726337
0.9999561907489988
0.9999519426204629
0.999947884152449
0.9999440313618756
0.9999403994539473
0.9999370027621457
0.9999338546916609
0.9999309676664891
0.9999283530804
0.99992602125197
0.9999239813838611
0.9999222415265001
0.9999208085463096
0.999919688098608
0.99991888460529
0.9999184012373767
0.9999182399025006
0.9999184012373767
0.9999188846052899
0.999919688098608
0.9999208085463097
0.9999222415265
0.999923981383861
0.99992602125197
0.9999283530803997
0.999930967666489
0.9999338546916607
0.9999370027621455
0.9999403994539472
0.9999440313618756
0.9999478841524487
0.9999519426204629
0.9999561907489989
0.9999606117726338
0.9999651882436075
0.9999699021006796
0.99997473474041
0.9999796670905774
0.999984679685449
0.9999897527426033
0.9999948662410009
1.0
1.0
0.9999946421693043
0.9999893054835188
0.9999840110041042
0.9999787796259516
0.9999736319949207
0.9999685884263596
0.9999636688249292
0.9999588926060483
0.9999542786192716
0.9999498450738963
0.9999456094671008
0.99994158851489
0.9999377980861253
0.9999342531398973
0.9999309676664891
0.9999279546321634
0.9999252259279904
0.9999227923229183
0.9999206634212748
0.9999188476248622
0.9999173520997995
0.9999161827482403
0.9999153441850815
0.9999148397197485
0.9999146713431357
0.9999148397197485
0.9999153441850814
0.9999161827482403
0.9999173520997994
0.9999188476248623
0.9999206634212747
0.9999227923229183
0.99992522592799
0.9999279546321633
0.9999309676664889
0.9999342531398971
0.9999377980861253
0.9999415885148899
0.9999456094671008
0.9999498450738964
0.9999542786192716
0.9999588926060485
0.9999636688249292
0.9999685884263597
0.9999736319949207
0.9999787796259516
0.9999840110041042
0.999989305483519
0.9999946421693044
1.0
1.0
0.999994439242518
0.9999889004308052
0.9999834054240212
0.9999779759084475
0.9999726333119012
0.9999673987191702
0.9999622927888006
0.9999573356715667
0.9999525469309459
0.9999479454659094
0.9999435494363373
0.9999393761913502
0.9999354422008397
0.9999317629904688
0.9999283530804
0.9999252259279905
0.999922393874682
0.9999198680972953
0.9999176585639197
0.9999157739945741
0.999914221826793
0.9999130081862729
0.999912137862699
0.9999116142908405
0.9999114395369965
0.9999116142908404
0.999912137862699
0.9999130081862729
0.9999142218267928
0.9999157739945741
0.9999176585639196
0.999919868097295
0.9999223938746816
0.99992522592799
0.9999283530803997
0.9999317629904686
0.9999354422008397
0.9999393761913501
0.9999435494363375
0.9999479454659094
0.999952546930946
0.9999573356715671
0.9999622927888008
0.9999673987191703
0.9999726333119012
0.9999779759084475
0.9999834054240213
0.9999889004308052
0.999994439242518
1.0
1.0
0.9999942582615007
0.9999885391830201
0.9999828653351485
0.9999772591099708
0.9999717426326968
0.9999663376743421
0.9999610655658078
0.999955947113698
0.9999510025182046
0.9999462512933869
0.9999417121901587
0.999937403122287
0.9999333410956939
0.9999295421413424
0.99992602125197
0.9999227923229184
0.9999198680972952
0.9999172601156833
0.9999149786705945
0.9999130327658503
0.9999114300810475
0.9999101769412515
0.9999092782920319
0.9999087376799468
0.9999085572385452
0.9999087376799467
0.9999092782920318
0.9999101769412514
0.9999114300810477
0.9999130327658501
0.9999149786705944
0.999917260115683
0.9999198680972948
0.9999227923229181
0.9999260212519697
0.9999295421413422
0.9999333410956939
0.9999374031222871
0.999941712190159
0.9999462512933871
0.9999510025182048
0.9999559471136982
0.999961065565808
0.9999663376743421
0.9999717426326968
0.9999772591099707
0.9999828653351485
0.9999885391830202
0.9999942582615007
1.0
1.0
0.9999940999405021
0.9999882231658439
0.9999823928689697
0.9999766320593979
0.9999709634724118
0.9999654094793347
0.9999599919992396
0.9999547324124455
0.999949651476139
0.9999447692424541
0.9999401049793366
0.9999356770945023
0.9999315030627898
0.999927599357195
0.999923981383861
0.9999206634212748
0.9999176585639197
0.9999149786705945
0.9999126343176138
0.999910634757068
0.9999089878803089
0.9999077001868066
0.9999067767584994
0.9999062212397367
0.9999060358228972
0.9999062212397367
0.9999067767584993
0.9999077001868065
0.9999089878803088
0.999910634757068
0.9999126343176138
0.9999149786705944
0.9999176585639196
0.9999206634212747
0.9999239813838607
0.999927599357195
0.9999315030627898
0.9999356770945025
0.9999401049793367
0.9999447692424542
0.9999496514761392
0.9999547324124459
0.9999599919992397
0.9999654094793347
0.9999709634724117
0.9999766320593978
0.9999823928689696
0.9999882231658439
0.9999940999405023
1.0
1.0
0.999993964904343
0.9999879536264515
0.9999819898900931
0.9999760972314105
0.9999702989060354
0.9999646177973092
0.9999590763259721
0.9999536963616804
0.9999484991366951
0.9999435051620887
0.9999387341467975
0.9999342049198392
0.9999299353560034
0.9999259423053082
0.9999222415265
0.9999188476248623
0.9999157739945741
0.9999130327658503
0.9999106347570679
0.9999085894320724
0.9999069048628269
0.9999055876975568
0.9999046431345114
0.9999040749014497
0.9999038852409281
0.9999040749014497
0.9999046431345114
0.9999055876975566
0.9999069048628269
0.9999085894320724
0.999910634757068
0.9999130327658501
0.999915773994574
0.9999188476248623
0.9999222415265
0.9999259423053082
0.9999299353560037
0.9999342049198394
0.9999387341467977
0.999943505162089
0.9999484991366954
0.9999536963616807
0.9999590763259725
0.9999646177973092
0.9999702989060354
0.9999760972314105
0.9999819898900931
0.9999879536264515
0.9999939649043431
1.0
1.0
0.9999938536859492
0.9999877316285922
0.9999816579888923
0.9999756567367307
0.999969751556308
0.9999639657526732
0.99995832215975
0.9999528430502217
0.9999475500476303
0.9999424640410386
0.9999376051025914
0.9999329924082987
0.9999286441623578
0.9999245775253085
0.9999208085463097
0.9999173520997993
0.9999142218267927
0.9999114300810475
0.9999089878803088
0.9999069048628269
0.9999051892493201
0.9999038478105315
0.9999028858405071
0.9999023071357028
0.9999021139800023
0.9999023071357029
0.9999028858405071
0.9999038478105314
0.9999051892493203
0.9999069048628269
0.9999089878803089
0.9999114300810475
0.9999142218267927
0.9999173520997992
0.9999208085463095
0.9999245775253085
0.9999286441623578
0.9999329924082989
0.9999376051025916
0.9999424640410388
0.9999475500476305
0.999952843050222
0.9999583221597503
0.9999639657526733
0.999969751556308
0.9999756567367306
0.9999816579888924
0.9999877316285922
0.9999938536859493
1.0
1.0
0.9999937667242491
0.9999875580483901
0.9999813984752298
0.9999753123137897
0.9999693235833684
0.9999634559187489
0.9999577324769225
0.9999521758456998
0.9999468079545653
0.9999416499881328
0.9999367223025396
0.9999320443451096
0.9999276345776036
0.999923510403359
0.9999196880986077
0.99991618274824
0.9999130081862726
0.9999101769412513
0.9999077001868065
0.9999055876975564
0.9999038478105315
0.9999024873922706
0.999901511811723
0.9999009249190596
0.9999007290304776
0.9999009249190596
0.999901511811723
0.9999024873922705
0.9999038478105314
0.9999055876975566
0.9999077001868065
0.9999101769412513
0.9999130081862728
0.9999161827482401
0.9999196880986078
0.9999235104033593
0.9999276345776038
0.9999320443451098
0.9999367223025399
0.9999416499881331
0.9999468079545655
0.9999521758457002
0.9999577324769228
0.999963455918749
0.9999693235833684
0.9999753123137898
0.9999813984752299
0.9999875580483901
0.9999937667242492
1.0
1.0
0.9999937043624405
0.9999874335708865
0.9999812123732873
0.9999750653218674
0.9999690166762306
0.9999630903076179
0.9999573096046985
0.999951697381266
0.9999462757862022
0.9999410662160663
0.9999360892306511
0.9999313644718445
0.999926910586111
0.999922745150903
0.9999188846052895
0.999915344185081
0.9999121378626986
0.9999092782920316
0.9999067767584991
0.9999046431345112
0.999902885840507
0.999901511811723
0.9999005264708232
0.999899933706498
0.9998997358581171
0.9998999337064979
0.9999005264708232
0.999901511811723
0.999902885840507
0.9999046431345113
0.9999067767584993
0.9999092782920317
0.9999121378626987
0.9999153441850813
0.9999188846052898
0.9999227451509031
0.9999269105861114
0.9999313644718448
0.9999360892306514
0.9999410662160666
0.9999462757862027
0.9999516973812663
0.9999573096046986
0.999963090307618
0.9999690166762307
0.9999750653218675
0.9999812123732873
0.9999874335708867
0.9999937043624407
1.0
1.0
0.9999936668466375
0.9999873586873378
0.9999811004175241
0.999974916735728
0.9999688320461169
0.9999628703621803
0.9999570552119611
0.9999514095452011
0.999945955642767
0.9999407150287205
0.9999357083853709
0.9999309554716524
0.9999264750451438
0.9999222847880416
0.9999184012373762
0.999914839719748
0.99991161429084
0.9999087376799466
0.9999062212397364
0.9999040749014495
0.9999023071357027
0.9999009249190596
0.9998999337064979
0.9998993374098806
0.999899138382518
0.9998993374098805
0.9998999337064979
0.9999009249190596
0.9999023071357027
0.9999040749014496
0.9999062212397364
0.9999087376799466
0.9999116142908403
0.9999148397197485
0.9999184012373766
0.9999222847880419
0.9999264750451442
0.999930955471653
0.9999357083853716
0.999940715028721
0.9999459556427676
0.9999514095452015
0.9999570552119615
0.9999628703621805
0.999968832046117
0.9999749167357284
0.9999811004175242
0.9999873586873379
0.9999936668466375
1.0
1.0
0.9999936543248971
0.9999873336932747
0.9999810630497785
0.9999748671417734
0.9999687704216778
0.9999627969504601
0.9999569703026826
0.999951313473462
0.9999458487877192
0.9999405978120718
0.9999355812697217
0.9999308189586703
0.9999263296735829
0.9999221311316171
0.9999182399025
0.9999146713431353
0.9999114395369959
0.9999085572385449
0.9999060358228969
0.9999038852409278
0.9999021139800021
0.9999007290304776
0.999899735858117
0.999899138382518
0.9998989389616441
0.999899138382518
0.9998997358581171
0.9999007290304776
0.9999021139800021
0.9999038852409279
0.9999060358228968
0.9999085572385449
0.9999114395369962
0.9999146713431355
0.9999182399025005
0.9999221311316177
0.9999263296735834
0.9999308189586708
0.9999355812697225
0.9999405978120725
0.9999458487877197
0.9999513134734628
0.999956970302683
0.9999627969504604
0.9999687704216779
0.9999748671417737
0.9999810630497787
0.999987333693275
0.9999936543248972
1.0
1.0
0.9999936668466373
0.9999873586873378
0.9999811004175241
0.9999749167357279
0.9999688320461166
0.9999628703621801
0.999957055211961
0.9999514095452009
0.9999459556427668
0.9999407150287205
0.9999357083853709
0.9999309554716522
0.9999264750451436
0.9999222847880415
0.9999184012373761
0.9999148397197479
0.9999116142908399
0.9999087376799463
0.9999062212397362
0.9999040749014494
0.9999023071357025
0.9999009249190592
0.9998999337064975
0.9998993374098804
0.9998991383825179
0.9998993374098804
0.9998999337064979
0.9999009249190596
0.9999023071357026
0.9999040749014495
0.9999062212397364
0.9999087376799465
0.9999116142908401
0.9999148397197483
0.9999184012373765
0.999922284788042
0.9999264750451441
0.9999309554716529
0.9999357083853716
0.9999407150287211
0.9999459556427676
0.9999514095452013
0.9999570552119615
0.9999628703621806
0.9999688320461171
0.9999749167357285
0.9999811004175244
0.9999873586873379
0.9999936668466375
1.0
1.0
0.9999937043624404
0.9999874335708865
0.9999812123732872
0.9999750653218673
0.9999690166762304
0.9999630903076177
0.9999573096046982
0.9999516973812659
0.9999462757862021
0.999941066216066
0.9999360892306509
0.9999313644718443
0.9999269105861108
0.9999227451509026
0.9999188846052892
0.9999153441850809
0.9999121378626983
0.9999092782920314
0.9999067767584989
0.9999046431345109
0.9999028858405067
0.9999015118117225
0.9999005264708227
0.9998999337064975
0.9998997358581168
0.9998999337064975
0.999900526470823
0.9999015118117229
0.9999028858405068
0.9999046431345111
0.999906776758499
0.9999092782920315
0.9999121378626986
0.9999153441850812
0.9999188846052898
0.9999227451509032
0.9999269105861115
0.999931364471845
0.9999360892306517
0.9999410662160666
0.9999462757862025
0.9999516973812663
0.9999573096046988
0.9999630903076181
0.9999690166762311
0.9999750653218679
0.9999812123732876
0.9999874335708867
0.9999937043624407
1.0
1.0
0.9999937667242489
0.9999875580483899
0.9999813984752296
0.9999753123137897
0.9999693235833683
0.9999634559187487
0.9999577324769223
0.9999521758456993
0.999946807954565
0.9999416499881325
0.9999367223025396
0.9999320443451094
0.9999276345776034
0.9999235104033587
0.9999196880986074
0.9999161827482397
0.9999130081862722
0.999910176941251
0.9999077001868061
0.999905587697556
0.999903847810531
0.9999024873922702
0.9999015118117225
0.9999009249190591
0.9999007290304773
0.9999009249190592
0.9999015118117227
0.9999024873922703
0.9999038478105313
0.9999055876975563
0.9999077001868062
0.9999101769412511
0.9999130081862724
0.9999161827482399
0.9999196880986078
0.9999235104033594
0.9999276345776039
0.99993204434511
0.99993672230254
0.9999416499881332
0.9999468079545655
0.9999521758457001
0.9999577324769229
0.9999634559187491
0.9999693235833689
0.9999753123137902
0.9999813984752302
0.9999875580483903
0.9999937667242492
1.0
1.0
0.9999938536859491
0.9999877316285922
0.9999816579888922
0.9999756567367306
0.9999697515563076
0.9999639657526728
0.9999583221597496
0.9999528430502213
0.9999475500476298
0.9999424640410381
0.9999376051025911
0.9999329924082985
0.9999286441623573
0.9999245775253081
0.9999208085463093
0.9999173520997988
0.9999142218267922
0.999911430081047
0.999908987880308
0.9999069048628262
0.9999051892493196
0.999903847810531
0.9999028858405065
0.9999023071357022
0.9999021139800017
0.9999023071357023
0.9999028858405067
0.9999038478105313
0.9999051892493198
0.9999069048628265
0.9999089878803084
0.9999114300810472
0.9999142218267925
0.999917352099799
0.9999208085463094
0.9999245775253086
0.9999286441623578
0.9999329924082989
0.9999376051025916
0.999942464041039
0.9999475500476306
0.9999528430502223
0.9999583221597504
0.9999639657526735
0.9999697515563083
0.9999756567367311
0.9999816579888927
0.9999877316285926
0.9999938536859494
1.0
1.0
0.9999939649043429
0.9999879536264513
0.9999819898900928
0.9999760972314103
0.9999702989060353
0.9999646177973087
0.9999590763259717
0.9999536963616801
0.9999484991366947
0.9999435051620883
0.9999387341467971
0.9999342049198389
0.999929935356003
0.9999259423053076
0.9999222415264996
0.9999188476248617
0.9999157739945734
0.9999130327658495
0.9999106347570671
0.9999085894320715
0.9999069048628261
0.999905587697556
0.9999046431345106
0.9999040749014491
0.9999038852409274
0.9999040749014493
0.999904643134511
0.9999055876975563
0.9999069048628265
0.999908589432072
0.9999106347570674
0.9999130327658498
0.9999157739945737
0.9999188476248618
0.9999222415264997
0.9999259423053082
0.9999299353560037
0.9999342049198394
0.9999387341467978
0.999943505162089
0.9999484991366954
0.999953696361681
0.9999590763259726
0.9999646177973094
0.9999702989060357
0.9999760972314109
0.9999819898900935
0.9999879536264519
0.9999939649043433
1.0
1.0
0.9999940999405019
0.9999882231658437
0.9999823928689694
0.9999766320593975
0.9999709634724114
0.9999654094793341
0.9999599919992391
0.9999547324124451
0.9999496514761383
0.9999447692424537
0.9999401049793362
0.9999356770945019
0.9999315030627891
0.9999275993571944
0.9999239813838604
0.9999206634212742
0.9999176585639189
0.9999149786705936
0.9999126343176129
0.9999106347570671
0.9999089878803079
0.9999077001868057
0.9999067767584985
0.9999062212397358
0.9999060358228965
0.999906221239736
0.999906776758499
0.9999077001868062
0.9999089878803084
0.9999106347570675
0.9999126343176133
0.9999149786705939
0.9999176585639191
0.9999206634212744
0.9999239813838604
0.9999275993571949
0.9999315030627897
0.9999356770945025
0.9999401049793368
0.9999447692424543
0.9999496514761392
0.9999547324124459
0.9999599919992398
0.9999654094793347
0.9999709634724119
0.9999766320593979
0.9999823928689698
0.999988223165844
0.9999940999405024
1.0
1.0
0.9999942582615005
0.9999885391830198
0.9999828653351481
0.9999772591099705
0.9999717426326965
0.9999663376743417
0.9999610655658072
0.9999559471136974
0.9999510025182039
0.9999462512933863
0.9999417121901583
0.9999374031222864
0.9999333410956933
0.9999295421413418
0.9999260212519694
0.9999227923229176
0.9999198680972944
0.9999172601156825
0.9999149786705936
0.9999130327658494
0.9999114300810468
0.9999101769412504
0.999909278292031
0.9999087376799461
0.9999085572385444
0.9999087376799463
0.9999092782920314
0.9999101769412511
0.9999114300810472
0.9999130327658496
0.9999149786705939
0.9999172601156826
0.9999198680972946
0.9999227923229176
0.9999260212519695
0.999929542141342
0.9999333410956938
0.9999374031222871
0.9999417121901589
0.9999462512933871
0.9999510025182048
0.9999559471136983
0.9999610655658081
0.9999663376743423
0.999971742632697
0.9999772591099712
0.9999828653351487
0.9999885391830203
0.9999942582615007
1.0
1.0
0.9999944392425175
0.9999889004308049
0.999983405424021
0.9999779759084472
0.9999726333119009
0.9999673987191697
0.9999622927888001
0.9999573356715662
0.9999525469309453
0.9999479454659086
0.9999435494363366
0.9999393761913496
0.9999354422008392
0.9999317629904682
0.9999283530803993
0.9999252259279896
0.9999223938746811
0.9999198680972943
0.9999176585639188
0.9999157739945733
0.9999142218267919
0.999913008186272
0.9999121378626981
0.9999116142908395
0.9999114395369956
0.9999116142908399
0.9999121378626985
0.9999130081862724
0.9999142218267923
0.9999157739945737
0.999917658563919
0.9999198680972946
0.9999223938746812
0.9999252259279896
0.9999283530803993
0.9999317629904685
0.9999354422008394
0.9999393761913501
0.9999435494363372
0.9999479454659094
0.999952546930946
0.999957335671567
0.9999622927888008
0.9999673987191703
0.9999726333119013
0.9999779759084476
0.9999834054240215
0.9999889004308053
0.999994439242518
1.0
1.0
0.999994642169304
0.9999893054835187
0.9999840110041038
0.9999787796259513
0.9999736319949203
0.9999685884263592
0.9999636688249284
0.9999588926060478
0.9999542786192708
0.9999498450738955
0.9999456094671001
0.9999415885148893
0.9999377980861245
0.9999342531398966
0.9999309676664884
0.9999279546321628
0.9999252259279895
0.9999227923229174
0.999920663421274
0.9999188476248615
0.9999173520997985
0.9999161827482395
0.9999153441850805
0.9999148397197477
0.999914671343135
0.9999148397197479
0.999915344185081
0.9999161827482399
0.9999173520997989
0.9999188476248617
0.9999206634212742
0.9999227923229176
0.9999252259279896
0.9999279546321629
0.9999309676664886
0.9999342531398968
0.9999377980861249
0.9999415885148898
0.9999456094671005
0.9999498450738961
0.9999542786192716
0.9999588926060485
0.999963668824929
0.9999685884263598
0.9999736319949207
0.9999787796259516
0.9999840110041044
0.9999893054835192
0.9999946421693044
1.0
1.0
0.9999948662410008
0.999989752742603
0.9999846796854489
0.9999796670905772
0.9999747347404097
0.9999699021006792
0.9999651882436068
0.9999606117726331
0.999956190748998
0.9999519426204622
0.9999478841524481
0.9999440313618749
0.9999403994539467
0.9999370027621448
0.9999338546916602
0.9999309676664884
0.9999283530803991
0.9999260212519692
0.9999239813838601
0.9999222415264992
0.9999208085463089
0.999919688098607
0.9999188846052892
0.999918401237376
0.9999182399025
0.9999184012373761
0.9999188846052894
0.9999196880986073
0.9999208085463093
0.9999222415264996
0.9999239813838604
0.9999260212519694
0.9999283530803992
0.9999309676664885
0.9999338546916602
0.999937002762145
0.999940399453947
0.9999440313618752
0.9999478841524485
0.9999519426204627
0.9999561907489987
0.9999606117726337
0.9999651882436075
0.9999699021006795
0.99997473474041
0.9999796670905775
0.9999846796854492
0.9999897527426033
0.999994866241001
1.0
1.0
0.9999951105732985
0.9999902404429308
0.9999854088290763
0.9999806347999072
0.9999759371963358
0.9999713345576572
0.9999668450483836
0.9999624863865572
0.9999582757738243
0.9999542298275506
0.999950364515237
0.9999466950915056
0.9999432360378951
0.9999400010057102
0.9999370027621449
0.9999342531398964
0.999931762990468
0.9999295421413417
0.9999275993571943
0.9999259423053075
0.9999245775253078
0.9999235104033586
0.9999227451509025
0.9999222847880413
0.9999221311316171
0.9999222847880415
0.9999227451509026
0.999923510403359
0.9999245775253082
0.999925942305308
0.9999275993571947
0.9999295421413419
0.9999317629904682
0.9999342531398965
0.9999370027621449
0.9999400010057103
0.9999432360378955
0.9999466950915058
0.9999503645152374
0.9999542298275511
0.999958275773825
0.9999624863865577
0.9999668450483842
0.9999713345576577
0.9999759371963363
0.9999806347999076
0.9999854088290767
0.9999902404429313
0.9999951105732988
1.0
1.0
0.9999953742019297
0.9999907666597717
0.9999861955573891
0.9999816789348349
0.9999772346171548
0.9999728801440404
0.9999686327006074
0.999964509049575
0.9999605254651096
0.9999566976685994
0.9999530407666081
0.9999495691912573
0.9999462966432692
0.9999432360378953
0.9999403994539469
0.9999377980861245
0.999935442200839
0.9999333410956932
0.9999315030627891
0.9999299353560029
0.999928644162357
0.9999276345776031
0.9999269105861107
0.9999264750451435
0.9999263296735829
0.9999264750451436
0.9999269105861109
0.9999276345776034
0.9999286441623575
0.9999299353560034
0.9999315030627893
0.9999333410956934
0.9999354422008392
0.9999377980861246
0.9999403994539467
0.9999432360378955
0.9999462966432695
0.9999495691912578
0.9999530407666085
0.9999566976685997
0.9999605254651102
0.9999645090495757
0.999968632700608
0.9999728801440408
0.9999772346171552
0.9999816789348354
0.9999861955573895
0.9999907666597719
0.9999953742019301
1.0
1.0
0.9999956560864726
0.999991329316388
0.9999870367655304
0.9999827953746367
0.9999786218825394
0.999974532760105
0.9999705441452316
0.9999666717791598
0.9999629309443497
0.9999593364041671
0.9999559023446197
0.9999526423183718
0.9999495691912573
0.9999466950915058
0.999944031361875
0.9999415885148895
0.9999393761913496
0.9999374031222864
0.9999356770945018
0.9999342049198388
0.9999329924082981
0.9999320443451093
0.9999313644718442
0.9999309554716522
0.9999308189586702
0.9999309554716523
0.9999313644718446
0.9999320443451097
0.9999329924082986
0.9999342049198392
0.9999356770945022
0.9999374031222868
0.9999393761913498
0.9999415885148893
0.9999440313618752
0.9999466950915058
0.9999495691912578
0.999952642318372
0.99995590234462
0.9999593364041676
0.9999629309443502
0.9999666717791605
0.9999705441452322
0.9999745327601055
0.9999786218825399
0.9999827953746373
0.9999870367655309
0.9999913293163885
0.9999956560864731
1.0
1.0
0.9999959551144577
0.9999919261922312
0.9999879291336355
0.9999839797132348
0.999980093517587
0.9999762858837307
0.9999725718386574
0.9999689660400064
0.9999654827182174
0.9999621356203702
0.9999589379559306
0.9999559023446197
0.9999530407666082
0.9999503645152372
0.9999478841524484
0.9999456094671003
0.9999435494363368
0.9999417121901583
0.9999401049793362
0.9999387341467971
0.9999376051025911
0.9999367223025395
0.999936089230651
0.9999357083853709
0.9999355812697218
0.9999357083853712
0.9999360892306512
0.9999367223025399
0.9999376051025914
0.9999387341467976
0.9999401049793366
0.9999417121901584
0.9999435494363369
0.9999456094671002
0.9999478841524484
0.9999503645152373
0.9999530407666084
0.9999559023446198
0.9999589379559309
0.9999621356203705
0.9999654827182177
0.9999689660400068
0.999972571838658
0.9999762858837312
0.9999800935175874
0.9999839797132354
0.9999879291336361
0.9999919261922318
0.9999959551144582
1.0
1.0
0.9999962701057582
0.9999925549317054
0.9999888691399358
0.9999852272765859
0.9999816437144261
0.9999781325961394
0.9999747077785054
0.9999713827777148
0.9999681707160267
0.9999650842699811
0.9999621356203702
0.9999593364041671
0.9999566976685995
0.9999542298275509
0.9999519426204626
0.9999498450738958
0.9999479454659088
0.9999462512933864
0.9999447692424537
0.9999435051620883
0.9999424640410385
0.9999416499881327
0.9999410662160664
0.9999407150287207
0.999940597812072
0.9999407150287208
0.9999410662160666
0.9999416499881331
0.9999424640410389
0.9999435051620887
0.9999447692424541
0.9999462512933868
0.999947945465909
0.999949845073896
0.9999519426204625
0.9999542298275511
0.9999566976685997
0.9999593364041675
0.9999621356203706
0.9999650842699814
0.9999681707160271
0.9999713827777152
0.9999747077785058
0.9999781325961399
0.9999816437144265
0.9999852272765862
0.9999888691399362
0.9999925549317059
0.9999962701057586
1.0
1.0
0.9999965998172472
0.9999932130534627
0.9999898530746557
0.9999865331411272
0.9999832663551382
0.9999800656092008
0.9999769435351966
0.9999739124545256
0.9999709843294784
0.9999681707160267
0.9999654827182176
0.99996293094435
0.9999605254651098
0.9999582757738247
0.9999561907489984
0.9999542786192711
0.9999525469309457
0.9999510025182041
0.9999496514761387
0.9999484991366948
0.99994755004763
0.9999468079545651
0.9999462757862024
0.9999459556427672
0.9999458487877196
0.9999459556427673
0.9999462757862027
0.9999468079545656
0.9999475500476306
0.9999484991366954
0.999949651476139
0.9999510025182045
0.9999525469309457
0.9999542786192711
0.9999561907489984
0.9999582757738249
0.9999605254651102
0.9999629309443503
0.9999654827182177
0.9999681707160271
0.9999709843294787
0.9999739124545263
0.9999769435351973
0.9999800656092013
0.9999832663551387
0.9999865331411276
0.999989853074656
0.999993213053463
0.9999965998172476
1.0
1.0
0.9999969429477041
0.9999938979601974
0.9999908770546541
0.999987892153208
0.9999849550359018
0.9999820772941955
0.999979270285221
0.9999765450869603
0.9999739124545258
0.9999713827777151
0.9999689660400066
0.9999666717791603
0.9999645090495753
0.9999624863865575
0.9999606117726336
0.9999588926060481
0.9999573356715665
0.9999559471136977
0.9999547324124456
0.9999536963616803
0.9999528430502218
0.9999521758456998
0.9999516973812662
0.9999514095452013
0.9999513134734626
0.9999514095452013
0.9999516973812665
0.9999521758457002
0.999952843050222
0.9999536963616807
0.9999547324124457
0.9999559471136981
0.9999573356715667
0.9999588926060482
0.9999606117726336
0.9999624863865575
0.9999645090495756
0.9999666717791605
0.9999689660400067
0.9999713827777152
0.9999739124545262
0.9999765450869608
0.9999792702852216
0.9999820772941961
0.9999849550359022
0.9999878921532083
0.9999908770546543
0.9999938979601974
0.9999969429477045
1.0
1.0
0.9999972981429497
0.9999946069488952
0.9999919370387498
0.9999892989494286
0.9999867030922652
0.9999841597119219
0.999981678845959
0.999979270285221
0.9999769435351968
0.9999747077785056
0.9999725718386578
0.999970544145232
0.9999686327006078
0.9999668450483841
0.9999651882436074
0.9999636688249288
0.9999622927888003
0.9999610655658078
0.9999599919992396
0.9999590763259723
0.9999583221597502
0.9999577324769227
0.9999573096046988
0.9999570552119615
0.999956970302683
0.9999570552119615
0.999957309604699
0.999957732476923
0.9999583221597506
0.9999590763259725
0.9999599919992397
0.999961065565808
0.9999622927888004
0.9999636688249288
0.9999651882436071
0.999966845048384
0.9999686327006079
0.9999705441452321
0.999972571838658
0.9999747077785061
0.9999769435351973
0.9999792702852215
0.9999816788459597
0.9999841597119227
0.9999867030922658
0.9999892989494289
0.9999919370387499
0.9999946069488955
0.9999972981429499
1.0
1.0
0.9999976640011911
0.9999953372215022
0.9999930288436698
0.999990747977807
0.9999885036254488
0.9999863046440288
0.9999841597119222
0.9999820772941957
0.999980065609201
0.9999781325961397
0.9999762858837311
0.9999745327601055
0.9999728801440407
0.9999713345576576
0.9999699021006795
0.9999685884263594
0.9999673987191702
0.999966337674342
0.9999654094793344
0.999964617797309
0.9999639657526732
0.9999634559187491
0.9999630903076181
0.9999628703621807
0.9999627969504605
0.9999628703621807
0.9999630903076183
0.9999634559187492
0.9999639657526737
0.9999646177973095
0.9999654094793347
0.9999663376743422
0.9999673987191702
0.9999685884263596
0.9999699021006795
0.9999713345576575
0.9999728801440407
0.9999745327601054
0.9999762858837312
0.9999781325961399
0.9999800656092014
0.9999820772941962
0.9999841597119227
0.9999863046440293
0.9999885036254492
0.9999907479778073
0.9999930288436701
0.9999953372215022
0.9999976640011911
1.0
1.0
0.999998039078552
0.9999960858959653
0.9999941481605594
0.9999922335196902
0.9999903495295708
0.999988503625449
0.9999867030922656
0.999984955035902
0.9999832663551386
0.9999816437144264
0.9999800935175873
0.9999786218825397
0.9999772346171552
0.9999759371963363
0.99997473474041
0.9999736319949206
0.9999726333119011
0.9999717426326967
0.9999709634724117
0.9999702989060355
0.9999697515563082
0.9999693235833688
0.999969016676231
0.9999688320461172
0.9999687704216782
0.9999688320461172
0.9999690166762311
0.9999693235833688
0.9999697515563083
0.9999702989060357
0.999970963472412
0.9999717426326971
0.9999726333119012
0.9999736319949206
0.99997473474041
0.9999759371963362
0.9999772346171552
0.9999786218825397
0.9999800935175874
0.9999816437144265
0.9999832663551387
0.9999849550359023
0.9999867030922658
0.9999885036254492
0.9999903495295709
0.9999922335196906
0.9999941481605596
0.9999960858959656
0.9999980390785521
1.0
1.0
0.9999984218947744
0.9999968500176092
0.9999952905719858
0.999993749712323
0.9999922335196904
0.9999907479778072
0.9999892989494289
0.9999878921532083
0.9999865331411276
0.9999852272765863
0.9999839797132354
0.9999827953746372
0.9999816789348352
0.9999806347999076
0.9999796670905774
0.9999787796259516
0.9999779759084474
0.9999772591099708
0.9999766320593978
0.9999760972314108
0.9999756567367311
0.9999753123137901
0.9999750653218679
0.9999749167357285
0.9999748671417737
0.9999749167357284
0.9999750653218679
0.9999753123137901
0.9999756567367311
0.9999760972314109
0.999976632059398
0.9999772591099709
0.9999779759084476
0.9999787796259516
0.9999796670905776
0.9999806347999076
0.9999816789348354
0.9999827953746371
0.9999839797132353
0.9999852272765862
0.9999865331411275
0.9999878921532084
0.9999892989494291
0.9999907479778073
0.9999922335196904
0.9999937497123232
0.9999952905719858
0.9999968500176094
0.9999984218947745
1.0
1.0
0.9999988109390567
0.9999976265707944
0.9999964515693728
0.9999952905719858
0.9999941481605596
0.9999930288436703
0.9999919370387501
0.9999908770546543
0.999989853074656
0.9999888691399362
0.999987929133636
0.9999870367655306
0.9999861955573894
0.9999854088290765
0.9999846796854491
0.9999840110041042
0.9999834054240213
0.9999828653351482
0.9999823928689698
0.9999819898900935
0.9999816579888927
0.99998139847523
0.9999812123732876
0.9999811004175244
0.999981063049779
0.9999811004175246
0.9999812123732877
0.9999813984752303
0.9999816579888928
0.9999819898900935
0.9999823928689698
0.9999828653351486
0.9999834054240214
0.9999840110041043
0.9999846796854494
0.9999854088290766
0.9999861955573894
0.9999870367655307
0.9999879291336361
0.9999888691399363
0.9999898530746559
0.9999908770546544
0.99999193703875
0.9999930288436703
0.9999941481605596
0.9999952905719858
0.9999964515693729
0.9999976265707946
0.9999988109390572
1.0
1.0
0.99999920467602
0.9999984124908206
0.9999976265707946
0.9999968500176095
0.9999960858959657
0.9999953372215026
0.9999946069488955
0.9999938979601978
0.9999932130534631
0.9999925549317059
0.9999919261922317
0.9999913293163885
0.9999907666597719
0.9999902404429312
0.9999897527426033
0.9999893054835189
0.9999889004308053
0.9999885391830202
0.9999882231658439
0.9999879536264518
0.9999877316285926
0.9999875580483902
0.9999874335708869
0.999987358687338
0.999987333693275
0.999987358687338
0.9999874335708868
0.9999875580483905
0.9999877316285927
0.9999879536264518
0.999988223165844
0.9999885391830204
0.9999889004308053
0.9999893054835192
0.9999897527426034
0.9999902404429313
0.999990766659772
0.9999913293163885
0.9999919261922319
0.9999925549317057
0.9999932130534631
0.9999938979601978
0.9999946069488956
0.9999953372215024
0.9999960858959657
0.9999968500176094
0.9999976265707946
0.9999984124908204
0.99999920467602
1.0
1.0
0.9999996015517634
0.99999920467602
0.9999988109390571
0.9999984218947744
0.9999980390785523
0.9999976640011912
0.99999729814295
0.9999969429477045
0.9999965998172476
0.9999962701057586
0.9999959551144582
0.999995656086473
0.9999953742019301
0.9999951105732988
0.9999948662410009
0.9999946421693044
0.999994439242518
0.9999942582615008
0.9999940999405024
0.9999939649043431
0.9999938536859495
0.9999937667242493
0.9999937043624408
0.9999936668466376
0.9999936543248972
0.9999936668466375
0.9999937043624407
0.9999937667242493
0.9999938536859494
0.9999939649043431
0.9999940999405024
0.9999942582615009
0.999994439242518
0.9999946421693044
0.999994866241001
0.9999951105732989
0.9999953742019301
0.9999956560864731
0.9999959551144582
0.9999962701057586
0.9999965998172476
0.9999969429477045
0.9999972981429501
0.9999976640011911
0.9999980390785523
0.9999984218947746
0.9999988109390571
0.99999920467602
0.9999996015517635
1.0
1.0
1.0
1.0
1.0
1.0
1.0
1.0
1.0
1.0
1.0
1.0
1.0
1.0
1.0
1.0
1.0
1.0
1.0
1.0
1.0
1.0
1.0
1.0
1.0
1.0
1.0
1.0
1.0
1.0
1.0
1.0
1.0
1.0
1.0
1.0
1.0
1.0
1.0
1.0
1.0
1.0
1.0
1.0
1.0
1.0
1.0
1.0
1.0
1.0
1.0
1.0
