1.0
1.0
1.0
1.0
1.0
1.0
1.0
1.0
1.0
1.0
1.0
1.0
1.0
1.0
1.0
1.0
1.0
1.0
1.0
1.0
1.0
1.0
1.0
1.0
1.0
1.0
1.0
1.0
1.0
1.0
1.0
1.0
1.0
1.0
1.0
1.0
1.0
1.0
1.0
1.0
1.0
1.0
1.0
1.0
1.0
1.0
1.0
1.0
1.0
1.0
1.0
1.0
0.9999999999727094
0.9999999999339914
0.9999999999159522
0.9999999998718425
0.999999999859141
0.9999999998118495
0.9999999998048057
0.999999999754694
0.9999999997534743
0.9999999997015885
0.9999999997058401
0.9999999996533392
0.9999999996627509
0.9999999996105953
0.9999999996249891
0.9999999995739489
0.9999999995932108
0.9999999995439346
0.9999999995679455
0.9999999995210086
0.9999999995496031
0.9999999995055249
0.9999999995384783
0.9999999994977227
0.9999999995347497
0.999999999497723
0.999999999538478
0.9999999995055253
0.9999999995496032
0.9999999995210088
0.999999999567946
0.9999999995439343
0.9999999995932117
0.9999999995739477
0.9999999996249901
0.9999999996105939
0.999999999662752
0.9999999996533379
0.9999999997058403
0.9999999997015875
0.9999999997534741
0.999999999754694
0.9999999998048049
0.9999999998118494
0.9999999998591408
0.9999999998718425
0.9999999999159521
0.9999999999339908
0.9999999999727094
1.0
1.0
0.9999999999339911
0.9999999998876578
0.9999999998082112
0.9999999997714715
0.9999999996881935
0.9999999996586404
0.9999999995725638
0.9999999995514742
0.9999999994638009
0.9999999994510405
0.9999999993638574
0.9999999993589778
0.9999999992741226
0.9999999992769559
0.9999999991958125
0.999999999206427
0.9999999991300474
0.9999999991485841
0.9999999990778101
0.9999999991043711
0.9999999990399066
0.999999999074497
0.999999999016926
0.9999999990594396
0.9999999990092268
0.9999999990594391
0.9999999990169264
0.9999999990744971
0.9999999990399067
0.9999999991043715
0.99999999907781
0.9999999991485844
0.9999999991300469
0.9999999992064277
0.9999999991958123
0.9999999992769568
0.9999999992741213
0.999999999358978
0.9999999993638569
0.9999999994510398
0.9999999994638004
0.9999999995514739
0.9999999995725635
0.99999999965864
0.9999999996881931
0.9999999997714716
0.9999999998082107
0.9999999998876579
0.9999999999339909
1.0
1.0
0.9999999999159519
0.9999999998082113
0.9999999997414273
0.9999999996278148
0.9999999995669271
0.9999999994536135
0.9999999994000985
0.9999999992875552
0.9999999992425959
0.9999999991331946
0.9999999990965351
0.9999999989928972
0.9999999989644867
0.9999999988685648
0.9999999988488153
0.9999999987619351
0.9999999987515052
0.9999999986745811
0.9999999986741606
0.9999999986078414
0.9999999986180201
0.9999999985627583
0.9999999985839755
0.9999999985400395
0.9999999985725666
0.9999999985400392
0.9999999985839755
0.9999999985627589
0.9999999986180204
0.9999999986078411
0.9999999986741608
0.9999999986745814
0.9999999987515052
0.9999999987619357
0.9999999988488144
0.9999999988685647
0.9999999989644867
0.999999998992897
0.9999999990965341
0.9999999991331951
0.999999999242595
0.9999999992875552
0.9999999994000976
0.9999999994536137
0.9999999995669265
0.9999999996278146
0.9999999997414278
0.9999999998082107
0.999999999915952
1.0
1.0
0.9999999998718428
0.9999999997714712
0.9999999996278154
0.9999999995354903
0.9999999993949684
0.9999999993064875
0.9999999991704533
0.9999999990891433
0.9999999989591098
0.9999999988856343
0.9999999987647767
0.9999999986992375
0.9999999985901898
0.9999999985332779
0.9999999984377546
0.999999998390646
0.9999999983096834
0.9999999982737156
0.9999999982079222
0.9999999981843661
0.9999999981340639
0.9999999981240086
0.9999999980892766
0.9999999980935899
0.9999999980742686
0.9999999980935903
0.9999999980892764
0.9999999981240083
0.9999999981340643
0.9999999981843671
0.9999999982079218
0.9999999982737158
0.9999999983096837
0.9999999983906447
0.9999999984377557
0.999999998533277
0.9999999985901901
0.999999998699236
0.9999999987647773
0.9999999988856332
0.9999999989591106
0.9999999990891426
0.9999999991704543
0.9999999993064858
0.9999999993949691
0.9999999995354902
0.9999999996278152
0.9999999997714715
0.9999999998718427
1.0
1.0
0.9999999998591407
0.9999999996881939
0.9999999995669259
0.9999999993949686
0.999999999275046
0.9999999991115928
0.9999999989962394
0.9999999988411908
0.9999999987332858
0.9999999985896009
0.9999999984896748
0.9999999983607412
0.9999999982696185
0.9999999981577822
0.9999999980769816
0.99999999798362
0.999999997915008
0.9999999978408745
0.9999999977863204
0.9999999977317746
0.999999997692943
0.9999999976580571
0.9999999976363286
0.999999997620902
0.9999999976173589
0.9999999976209019
0.9999999976363294
0.9999999976580576
0.9999999976929432
0.9999999977317735
0.999999997786322
0.9999999978408729
0.9999999979150089
0.9999999979836194
0.9999999980769809
0.9999999981577816
0.9999999982696185
0.9999999983607414
0.9999999984896746
0.9999999985896008
0.9999999987332853
0.9999999988411912
0.9999999989962384
0.9999999991115938
0.9999999992750455
0.9999999993949688
0.9999999995669265
0.9999999996881934
0.9999999998591405
1.0
1.0
0.9999999998118495
0.99999999965864
0.9999999994536143
0.9999999993064873
0.9999999991115927
0.9999999989650734
0.9999999987814444
0.9999999986414022
0.9999999984703086
0.9999999983386773
0.9999999981839162
0.999999998061682
0.9999999979263949
0.9999999978152556
0.9999999977013873
0.9999999976035997
0.9999999975122368
0.9999999974301683
0.9999999973618776
0.9999999972976962
0.9999999972527103
0.9999999972082325
0.9999999971864962
0.9999999971631527
0.999999997164306
0.9999999971631527
0.9999999971864968
0.999999997208231
0.999999997252711
0.9999999972976962
0.9999999973618774
0.9999999974301687
0.9999999975122367
0.9999999976035987
0.9999999977013884
0.9999999978152548
0.9999999979263944
0.9999999980616813
0.9999999981839155
0.9999999983386769
0.9999999984703088
0.9999999986414018
0.9999999987814447
0.9999999989650726
0.9999999991115922
0.9999999993064874
0.999999999453613
0.9999999996586405
0.9999999998118495
1.0
1.0
0.9999999998048056
0.9999999995725645
0.9999999994000975
0.9999999991704536
0.9999999989962397
0.9999999987814444
0.9999999986109109
0.9999999984097797
0.9999999982479434
0.999999998063555
0.9999999979120542
0.9999999977482837
0.9999999976089211
0.9999999974684599
0.9999999973437482
0.999999997228187
0.9999999971209073
0.999999997031161
0.999999996943933
0.9999999968805193
0.9999999968155578
0.9999999967787058
0.9999999967377418
0.999999996727381
0.9999999967116702
0.9999999967273815
0.9999999967377418
0.9999999967787064
0.9999999968155576
0.999999996880519
0.9999999969439329
0.99999999703116
0.999999997120907
0.9999999972281871
0.9999999973437469
0.9999999974684596
0.9999999976089208
0.9999999977482837
0.9999999979120535
0.9999999980635548
0.9999999982479424
0.9999999984097797
0.9999999986109104
0.9999999987814444
0.9999999989962399
0.9999999991704525
0.9999999994000989
0.9999999995725634
0.999999999804805
1.0
1.0
0.999999999754694
0.9999999995514732
0.9999999992875565
0.9999999990891428
0.9999999988411905
0.9999999986414018
0.9999999984097799
0.9999999982174721
0.999999998002685
0.9999999978214643
0.9999999976275326
0.999999997459486
0.9999999972898886
0.9999999971377065
0.9999999969946731
0.9999999968614891
0.9999999967463777
0.9999999966352517
0.9999999965489303
0.9999999964624997
0.9999999964055362
0.99999999634586
0.9999999963185457
0.9999999962870956
0.9999999962893895
0.9999999962870953
0.9999999963185452
0.9999999963458597
0.9999999964055354
0.9999999964625007
0.9999999965489293
0.9999999966352527
0.9999999967463765
0.9999999968614887
0.999999996994673
0.9999999971377067
0.9999999972898871
0.999999997459486
0.9999999976275311
0.9999999978214652
0.9999999980026848
0.9999999982174717
0.9999999984097798
0.9999999986414017
0.9999999988411897
0.9999999990891434
0.9999999992875548
0.9999999995514735
0.9999999997546944
1.0
1.0
0.9999999997534751
0.9999999994638007
0.9999999992425948
0.9999999989591096
0.9999999987332859
0.9999999984703085
0.9999999982479433
0.9999999980026852
0.9999999977913514
0.999999997566535
0.9999999973692905
0.9999999971689822
0.9999999969887101
0.9999999968158737
0.9999999966559846
0.9999999965125231
0.9999999963764901
0.9999999962636872
0.9999999961545877
0.9999999960733866
0.9999999959936553
0.9999999959447466
0.9999999958961182
0.9999999958798913
0.9999999958634421
0.9999999958798917
0.9999999958961183
0.9999999959447473
0.9999999959936553
0.9999999960733856
0.999999996154588
0.9999999962636859
0.9999999963764904
0.9999999965125221
0.999999996655984
0.9999999968158724
0.9999999969887111
0.999999997168981
0.9999999973692913
0.999999997566533
0.9999999977913516
0.9999999980026849
0.9999999982479427
0.9999999984703087
0.9999999987332856
0.9999999989591093
0.9999999992425953
0.9999999994638004
0.9999999997534741
1.0
1.0
0.9999999997015874
0.99999999945104
0.9999999991331948
0.999999998885634
0.9999999985896
0.9999999983386779
0.9999999980635534
0.9999999978214655
0.9999999975665336
0.999999997338881
0.999999997108029
0.9999999968981595
0.9999999966950538
0.9999999965066192
0.999999996333797
0.9999999961706473
0.9999999960298643
0.9999999958955337
0.9999999957881289
0.9999999956854926
0.9999999956125489
0.9999999955436909
0.999999995506024
0.9999999954722549
0.9999999954703193
0.9999999954722544
0.9999999955060243
0.9999999955436901
0.999999995612549
0.9999999956854934
0.9999999957881281
0.9999999958955341
0.999999996029864
0.9999999961706472
0.9999999963337971
0.9999999965066192
0.999999996695053
0.9999999968981585
0.9999999971080286
0.9999999973388813
0.9999999975665337
0.9999999978214644
0.9999999980635548
0.9999999983386766
0.9999999985896001
0.9999999988856341
0.9999999991331945
0.9999999994510397
0.9999999997015879
1.0
1.0
0.9999999997058406
0.9999999993638574
0.9999999990965341
0.9999999987647772
0.9999999984896746
0.9999999981839157
0.9999999979120541
0.9999999976275319
0.9999999973692905
0.9999999971080291
0.9999999968680486
0.9999999966341238
0.9999999964163542
0.9999999962129923
0.9999999960215967
0.9999999958511114
0.9999999956900549
0.9999999955542286
0.9999999954268501
0.9999999953271725
0.9999999952359726
0.9999999951736819
0.9999999951202897
0.9999999950962962
0.9999999950815347
0.9999999950962964
0.9999999951202893
0.9999999951736831
0.9999999952359723
0.999999995327172
0.9999999954268508
0.9999999955542284
0.9999999956900548
0.9999999958511107
0.9999999960215966
0.9999999962129913
0.9999999964163547
0.9999999966341234
0.9999999968680486
0.9999999971080281
0.9999999973692905
0.999999997627532
0.9999999979120532
0.9999999981839162
0.9999999984896742
0.9999999987647767
0.9999999990965341
0.9999999993638578
0.9999999997058401
1.0
1.0
0.9999999996533381
0.9999999993589779
0.9999999989928977
0.9999999986992367
0.9999999983607406
0.9999999980616819
0.9999999977482824
0.9999999974594861
0.9999999971689815
0.9999999968981589
0.9999999966341238
0.9999999963858673
0.9999999961521333
0.9999999959309035
0.9999999957304088
0.999999995540559
0.9999999953755861
0.9999999952209223
0.9999999950933849
0.9999999949768789
0.999999994888422
0.9999999948121151
0.9999999947640752
0.9999999947291093
0.9999999947223975
0.9999999947291095
0.9999999947640758
0.9999999948121142
0.9999999948884225
0.9999999949768792
0.9999999950933842
0.9999999952209221
0.9999999953755861
0.9999999955405582
0.9999999957304091
0.9999999959309032
0.9999999961521322
0.9999999963858662
0.9999999966341236
0.9999999968981592
0.999999997168982
0.9999999974594853
0.999999997748284
0.9999999980616804
0.9999999983607414
0.9999999986992364
0.9999999989928975
0.9999999993589771
0.9999999996533385
1.0
1.0
0.999999999662752
0.999999999274122
0.9999999989644863
0.99999999859019
0.9999999982696189
0.999999997926394
0.9999999976089221
0.9999999972898871
0.999999996988711
0.999999996695053
0.9999999964163544
0.999999996152132
0.9999999959007683
0.9999999956695624
0.9999999954502172
0.9999999952548888
0.9999999950717905
0.9999999949147339
0.9999999947713264
0.9999999946546178
0.9999999945534012
0.999999994478798
0.9999999944213145
0.9999999943901597
0.9999999943770624
0.9999999943901599
0.9999999944213145
0.9999999944787988
0.999999994553401
0.9999999946546174
0.9999999947713271
0.9999999949147335
0.9999999950717905
0.9999999952548884
0.999999995450217
0.999999995669562
0.9999999959007689
0.999999996152132
0.9999999964163542
0.999999996695053
0.9999999969887103
0.9999999972898875
0.999999997608921
0.9999999979263948
0.9999999982696183
0.9999999985901897
0.9999999989644863
0.9999999992741223
0.9999999996627518
1.0
1.0
0.9999999996105945
0.9999999992769559
0.9999999988685655
0.999999998533277
0.9999999981577813
0.9999999978152546
0.9999999974684588
0.9999999971377066
0.9999999968158725
0.9999999965066191
0.9999999962129917
0.999999995930904
0.9999999956695624
0.9999999954196689
0.9999999951940917
0.9999999949809967
0.9999999947941184
0.9999999946217126
0.9999999944760767
0.9999999943473411
0.9999999942451276
0.9999999941620711
0.9999999941050337
0.9999999940687256
0.9999999940580802
0.9999999940687256
0.9999999941050332
0.999999994162071
0.9999999942451269
0.9999999943473414
0.9999999944760759
0.9999999946217126
0.999999994794118
0.9999999949809961
0.9999999951940914
0.9999999954196691
0.9999999956695612
0.9999999959309036
0.9999999962129915
0.9999999965066187
0.9999999968158731
0.9999999971377063
0.9999999974684595
0.9999999978152544
0.9999999981577811
0.9999999985332775
0.9999999988685647
0.9999999992769557
0.9999999996105946
1.0
1.0
0.9999999996249898
0.9999999991958125
0.9999999988488141
0.9999999984377551
0.9999999980769808
0.9999999977013883
0.9999999973437478
0.9999999969946727
0.9999999966559843
0.9999999963337968
0.9999999960215964
0.9999999957304083
0.9999999954502163
0.9999999951940923
0.999999994950852
0.9999999947333271
0.9999999945313192
0.9999999943554709
0.9999999941981224
0.9999999940666018
0.9999999939563985
0.9999999938713873
0.9999999938098628
0.9999999937729839
0.9999999937607661
0.999999993772984
0.9999999938098633
0.9999999938713877
0.9999999939563987
0.9999999940666016
0.9999999941981235
0.9999999943554702
0.9999999945313198
0.9999999947333261
0.9999999949508528
0.999999995194091
0.9999999954502178
0.9999999957304082
0.9999999960215966
0.9999999963337964
0.9999999966559844
0.9999999969946726
0.9999999973437474
0.9999999977013881
0.9999999980769813
0.9999999984377546
0.9999999988488146
0.9999999991958124
0.9999999996249898
1.0
1.0
0.9999999995739483
0.9999999992064272
0.9999999987619357
0.999999998390645
0.9999999979836193
0.9999999976035988
0.9999999972281861
0.9999999968614888
0.999999996512522
0.999999996170647
0.9999999958511109
0.9999999955405589
0.9999999952548891
0.9999999949809957
0.9999999947333272
0.9999999945007254
0.9999999942947203
0.9999999941072404
0.999999993946074
0.9999999938066582
0.9999999936929702
0.9999999936036418
0.9999999935394663
0.9999999935013406
0.9999999934880236
0.9999999935013406
0.9999999935394663
0.9999999936036412
0.9999999936929699
0.9999999938066579
0.9999999939460731
0.9999999941072405
0.9999999942947196
0.9999999945007263
0.9999999947333262
0.9999999949809963
0.9999999952548874
0.9999999955405587
0.9999999958511109
0.999999996170647
0.9999999965125222
0.9999999968614887
0.999999997228187
0.9999999976035983
0.9999999979836188
0.9999999983906451
0.9999999987619353
0.9999999992064276
0.9999999995739481
1.0
1.0
0.999999999593211
0.9999999991300461
0.9999999987515047
0.9999999983096831
0.9999999979150087
0.9999999975122364
0.999999997120907
0.9999999967463762
0.9999999963764902
0.9999999960298632
0.9999999956900543
0.9999999953755856
0.9999999950717897
0.999999994794119
0.9999999945313189
0.9999999942947204
0.9999999940770902
0.9999999938853323
0.9999999937162094
0.9999999935724604
0.9999999934543249
0.9999999933610773
0.9999999932955355
0.99999999325454
0.9999999932423278
0.99999999325454
0.9999999932955355
0.9999999933610781
0.9999999934543249
0.9999999935724612
0.9999999937162098
0.9999999938853323
0.9999999940770905
0.9999999942947201
0.9999999945313195
0.9999999947941182
0.999999995071791
0.9999999953755857
0.9999999956900543
0.9999999960298637
0.9999999963764903
0.999999996746377
0.9999999971209067
0.9999999975122371
0.9999999979150085
0.9999999983096833
0.999999998751505
0.9999999991300467
0.9999999995932113
1.0
1.0
0.9999999995439346
0.9999999991485843
0.9999999986745816
0.9999999982737146
0.9999999978408736
0.9999999974301679
0.9999999970311602
0.9999999966352516
0.999999996263686
0.9999999958955336
0.9999999955542282
0.999999995220922
0.9999999949147342
0.9999999946217119
0.9999999943554706
0.9999999941072412
0.999999993885332
0.9999999936855759
0.9999999935117567
0.9999999933633589
0.9999999932406349
0.9999999931456762
0.9999999930762365
0.9999999930359678
0.9999999930211485
0.9999999930359676
0.9999999930762367
0.9999999931456752
0.999999993240635
0.9999999933633578
0.9999999935117566
0.999999993685575
0.9999999938853316
0.9999999941072405
0.9999999943554699
0.9999999946217125
0.9999999949147332
0.9999999952209215
0.9999999955542287
0.9999999958955338
0.9999999962636861
0.9999999966352519
0.9999999970311602
0.9999999974301672
0.9999999978408733
0.9999999982737149
0.9999999986745809
0.9999999991485844
0.9999999995439344
1.0
1.0
0.9999999995679453
0.9999999990778098
0.9999999986741593
0.999999998207923
0.9999999977863203
0.9999999973618777
0.9999999969439322
0.9999999965489293
0.9999999961545869
0.9999999957881284
0.9999999954268494
0.9999999950933843
0.9999999947713254
0.9999999944760769
0.9999999941981226
0.9999999939460739
0.9999999937162094
0.999999993511757
0.9999999933331984
0.9999999931799408
0.999999993055176
0.9999999929558108
0.9999999928865692
0.9999999928428649
0.9999999928300666
0.9999999928428652
0.9999999928865693
0.9999999929558114
0.9999999930551758
0.999999993179941
0.9999999933331989
0.999999993511757
0.9999999937162101
0.9999999939460735
0.999999994198123
0.999999994476076
0.9999999947713274
0.9999999950933847
0.9999999954268499
0.9999999957881283
0.9999999961545875
0.9999999965489295
0.9999999969439327
0.9999999973618777
0.999999997786321
0.9999999982079221
0.9999999986741603
0.9999999990778099
0.9999999995679458
1.0
1.0
0.9999999995210088
0.9999999991043714
0.9999999986078418
0.9999999981843654
0.9999999977317738
0.9999999972976954
0.9999999968805187
0.9999999964624993
0.9999999960733856
0.9999999956854924
0.9999999953271723
0.9999999949768784
0.9999999946546181
0.9999999943473399
0.9999999940666022
0.9999999938066575
0.9999999935724612
0.9999999933633583
0.9999999931799413
0.9999999930245083
0.9999999928951437
0.999999992795539
0.9999999927224839
0.9999999926801271
0.9999999926646326
0.9999999926801268
0.9999999927224837
0.9999999927955378
0.9999999928951441
0.9999999930245075
0.9999999931799405
0.9999999933633578
0.9999999935724603
0.9999999938066578
0.9999999940666013
0.9999999943473411
0.9999999946546169
0.9999999949768781
0.9999999953271722
0.999999995685492
0.9999999960733859
0.9999999964624994
0.9999999968805189
0.9999999972976951
0.9999999977317742
0.9999999981843654
0.9999999986078414
0.9999999991043708
0.9999999995210089
1.0
1.0
0.9999999995496028
0.9999999990399062
0.9999999986180191
0.9999999981340641
0.9999999976929427
0.9999999972527102
0.9999999968155575
0.9999999964055346
0.999999995993655
0.9999999956125478
0.9999999952359718
0.9999999948884215
0.9999999945534006
0.9999999942451274
0.9999999939563985
0.9999999936929702
0.9999999934543247
0.9999999932406354
0.9999999930551752
0.9999999928951437
0.9999999927653724
0.9999999926618219
0.9999999925895938
0.9999999925442576
0.9999999925306832
0.9999999925442576
0.9999999925895939
0.9999999926618227
0.9999999927653721
0.9999999928951443
0.9999999930551758
0.9999999932406355
0.9999999934543252
0.99999999369297
0.999999993956399
0.9999999942451263
0.999999994553402
0.9999999948884218
0.9999999952359723
0.9999999956125487
0.999999995993655
0.999999996405536
0.999999996815557
0.9999999972527109
0.9999999976929419
0.9999999981340646
0.9999999986180192
0.9999999990399071
0.9999999995496032
1.0
1.0
0.9999999995055247
0.9999999990744971
0.9999999985627591
0.9999999981240072
0.9999999976580571
0.9999999972082309
0.999999996778705
0.9999999963458596
0.999999995944746
0.9999999955436903
0.9999999951736818
0.9999999948121147
0.9999999944787975
0.9999999941620705
0.9999999938713865
0.9999999936036418
0.999999993361077
0.9999999931456756
0.9999999929558115
0.9999999927955386
0.999999992661822
0.9999999925589046
0.9999999924836119
0.9999999924396181
0.9999999924239044
0.9999999924396187
0.9999999924836112
0.9999999925589044
0.9999999926618217
0.9999999927955384
0.9999999929558109
0.9999999931456757
0.9999999933610768
0.9999999936036417
0.9999999938713865
0.9999999941620711
0.9999999944787972
0.9999999948121144
0.9999999951736819
0.99999999554369
0.9999999959447466
0.9999999963458589
0.999999996778706
0.9999999972082301
0.9999999976580572
0.9999999981240072
0.9999999985627591
0.9999999990744968
0.9999999995055248
1.0
1.0
0.9999999995384787
0.9999999990169257
0.9999999985839744
0.9999999980892765
0.999999997636328
0.9999999971864961
0.9999999967377414
0.9999999963185442
0.9999999958961174
0.9999999955060234
0.9999999951202884
0.9999999947640749
0.9999999944213135
0.9999999941050328
0.999999993809863
0.9999999935394658
0.9999999932955359
0.9999999930762361
0.9999999928865687
0.9999999927224836
0.9999999925895944
0.9999999924836113
0.9999999924094488
0.9999999923632588
0.9999999923490719
0.9999999923632584
0.9999999924094491
0.9999999924836114
0.9999999925895944
0.9999999927224832
0.9999999928865693
0.9999999930762368
0.9999999932955357
0.9999999935394664
0.9999999938098632
0.9999999941050334
0.9999999944213146
0.9999999947640755
0.9999999951202894
0.9999999955060238
0.9999999958961179
0.9999999963185454
0.9999999967377415
0.9999999971864967
0.9999999976363282
0.9999999980892765
0.9999999985839744
0.9999999990169264
0.9999999995384784
1.0
1.0
0.9999999994977223
0.9999999990594395
0.9999999985400397
0.9999999980935892
0.999999997620902
0.9999999971631517
0.9999999967273798
0.9999999962870949
0.9999999958798914
0.9999999954722534
0.9999999950962963
0.9999999947291083
0.9999999943901595
0.9999999940687254
0.9999999937729829
0.9999999935013405
0.9999999932545387
0.9999999930359676
0.9999999928428654
0.9999999926801272
0.9999999925442568
0.9999999924396188
0.9999999923632583
0.9999999923183734
0.9999999923026192
0.999999992318373
0.9999999923632591
0.9999999924396177
0.999999992544258
0.9999999926801262
0.9999999928428654
0.999999993035967
0.9999999932545396
0.99999999350134
0.9999999937729839
0.9999999940687248
0.9999999943901602
0.9999999947291082
0.9999999950962968
0.9999999954722534
0.9999999958798922
0.999999996287094
0.9999999967273812
0.9999999971631512
0.9999999976209023
0.9999999980935886
0.9999999985400404
0.9999999990594385
0.9999999994977228
1.0
1.0
0.9999999995347498
0.9999999990092261
0.9999999985725654
0.9999999980742682
0.999999997617358
0.9999999971643055
0.9999999967116701
0.9999999962893881
0.9999999958634406
0.9999999954703181
0.9999999950815333
0.999999994722397
0.9999999943770613
0.9999999940580792
0.9999999937607664
0.9999999934880224
0.9999999932423285
0.9999999930211475
0.9999999928300666
0.999999992664631
0.9999999925306845
0.999999992423903
0.9999999923490726
0.9999999923026185
0.9999999922882029
0.9999999923026187
0.9999999923490723
0.9999999924239038
0.9999999925306837
0.9999999926646316
0.9999999928300669
0.9999999930211481
0.9999999932423278
0.9999999934880238
0.999999993760766
0.9999999940580807
0.9999999943770621
0.999999994722398
0.9999999950815341
0.9999999954703189
0.9999999958634416
0.9999999962893892
0.99999999671167
0.9999999971643062
0.999999997617358
0.9999999980742694
0.9999999985725654
0.9999999990092269
0.9999999995347497
1.0
1.0
0.9999999994977223
0.9999999990594394
0.99999999854004
0.9999999980935889
0.9999999976209014
0.9999999971631511
0.9999999967273799
0.9999999962870948
0.9999999958798911
0.9999999954722533
0.9999999950962961
0.9999999947291076
0.9999999943901595
0.9999999940687253
0.9999999937729822
0.9999999935013405
0.9999999932545383
0.9999999930359672
0.9999999928428656
0.9999999926801266
0.9999999925442571
0.9999999924396179
0.9999999923632585
0.9999999923183726
0.9999999923026192
0.9999999923183727
0.999999992363259
0.999999992439618
0.9999999925442573
0.9999999926801267
0.9999999928428646
0.9999999930359672
0.9999999932545395
0.9999999935013403
0.9999999937729835
0.9999999940687251
0.9999999943901593
0.9999999947291086
0.9999999950962966
0.9999999954722539
0.9999999958798915
0.999999996287095
0.9999999967273806
0.9999999971631519
0.9999999976209023
0.9999999980935892
0.99999999854004
0.9999999990594395
0.9999999994977227
1.0
1.0
0.999999999538478
0.9999999990169258
0.9999999985839743
0.9999999980892763
0.9999999976363282
0.999999997186496
0.999999996737741
0.999999996318544
0.9999999958961172
0.9999999955060233
0.9999999951202886
0.9999999947640746
0.9999999944213139
0.9999999941050319
0.9999999938098632
0.9999999935394649
0.9999999932955358
0.9999999930762365
0.9999999928865678
0.9999999927224835
0.9999999925895937
0.9999999924836112
0.9999999924094487
0.9999999923632584
0.9999999923490719
0.9999999923632585
0.9999999924094489
0.9999999924836107
0.9999999925895946
0.9999999927224827
0.9999999928865695
0.9999999930762361
0.9999999932955351
0.999999993539466
0.9999999938098628
0.9999999941050335
0.9999999944213145
0.9999999947640758
0.9999999951202887
0.9999999955060241
0.9999999958961174
0.9999999963185455
0.9999999967377415
0.999999997186497
0.9999999976363289
0.9999999980892772
0.9999999985839749
0.9999999990169263
0.9999999995384782
1.0
1.0
0.9999999995055252
0.9999999990744965
0.9999999985627591
0.9999999981240071
0.9999999976580571
0.9999999972082304
0.9999999967787049
0.9999999963458591
0.9999999959447461
0.9999999955436897
0.9999999951736815
0.9999999948121139
0.9999999944787972
0.9999999941620706
0.999999993871386
0.9999999936036413
0.9999999933610767
0.9999999931456747
0.9999999929558115
0.9999999927955375
0.9999999926618222
0.999999992558904
0.9999999924836112
0.9999999924396177
0.9999999924239035
0.9999999924396178
0.9999999924836112
0.999999992558904
0.9999999926618214
0.9999999927955388
0.9999999929558101
0.9999999931456754
0.9999999933610771
0.9999999936036411
0.9999999938713868
0.9999999941620707
0.9999999944787973
0.9999999948121143
0.9999999951736823
0.9999999955436901
0.9999999959447471
0.9999999963458589
0.9999999967787062
0.999999997208231
0.9999999976580576
0.9999999981240075
0.9999999985627593
0.9999999990744971
0.9999999995055252
1.0
1.0
0.9999999995496031
0.9999999990399068
0.9999999986180187
0.9999999981340645
0.9999999976929418
0.9999999972527099
0.9999999968155567
0.9999999964055345
0.9999999959936542
0.9999999956125475
0.9999999952359716
0.9999999948884213
0.9999999945534005
0.9999999942451262
0.9999999939563988
0.9999999936929692
0.999999993454324
0.9999999932406352
0.9999999930551741
0.999999992895144
0.9999999927653712
0.9999999926618217
0.9999999925895936
0.9999999925442571
0.9999999925306833
0.9999999925442573
0.9999999925895937
0.999999992661822
0.9999999927653717
0.9999999928951433
0.9999999930551756
0.9999999932406352
0.9999999934543239
0.99999999369297
0.9999999939563985
0.999999994245127
0.9999999945534015
0.9999999948884217
0.9999999952359723
0.9999999956125486
0.9999999959936545
0.9999999964055358
0.9999999968155576
0.9999999972527112
0.9999999976929425
0.9999999981340649
0.9999999986180194
0.9999999990399068
0.9999999995496031
1.0
1.0
0.9999999995210086
0.9999999991043708
0.9999999986078417
0.9999999981843648
0.9999999977317738
0.9999999972976948
0.9999999968805184
0.999999996462499
0.9999999960733859
0.9999999956854918
0.9999999953271721
0.9999999949768774
0.999999994654617
0.9999999943473402
0.9999999940666008
0.9999999938066578
0.99999999357246
0.9999999933633569
0.9999999931799411
0.9999999930245067
0.9999999928951437
0.9999999927955378
0.9999999927224826
0.9999999926801263
0.9999999926646311
0.9999999926801262
0.9999999927224831
0.9999999927955379
0.9999999928951436
0.9999999930245079
0.9999999931799399
0.9999999933633577
0.9999999935724607
0.9999999938066573
0.9999999940666014
0.9999999943473403
0.9999999946546176
0.9999999949768777
0.999999995327173
0.9999999956854921
0.9999999960733864
0.9999999964624996
0.9999999968805192
0.999999997297695
0.9999999977317747
0.9999999981843654
0.9999999986078424
0.9999999991043714
0.9999999995210092
1.0
1.0
0.9999999995679453
0.9999999990778099
0.999999998674159
0.9999999982079228
0.9999999977863198
0.9999999973618773
0.9999999969439319
0.9999999965489286
0.9999999961545861
0.9999999957881276
0.999999995426849
0.9999999950933839
0.9999999947713261
0.9999999944760756
0.999999994198123
0.9999999939460722
0.9999999937162097
0.9999999935117556
0.9999999933331976
0.9999999931799396
0.9999999930551752
0.9999999929558099
0.9999999928865689
0.9999999928428638
0.9999999928300665
0.9999999928428648
0.9999999928865692
0.9999999929558107
0.9999999930551756
0.9999999931799399
0.9999999933331988
0.9999999935117561
0.9999999937162087
0.9999999939460735
0.9999999941981225
0.9999999944760765
0.9999999947713263
0.9999999950933847
0.9999999954268494
0.9999999957881286
0.9999999961545871
0.9999999965489299
0.9999999969439325
0.9999999973618785
0.9999999977863202
0.9999999982079231
0.9999999986741592
0.9999999990778102
0.9999999995679452
1.0
1.0
0.9999999995439351
0.9999999991485837
0.9999999986745812
0.9999999982737139
0.9999999978408735
0.9999999974301671
0.9999999970311598
0.9999999966352511
0.9999999962636863
0.9999999958955328
0.9999999955542285
0.9999999952209208
0.999999994914733
0.9999999946217116
0.9999999943554699
0.9999999941072404
0.9999999938853316
0.9999999936855746
0.9999999935117568
0.9999999933633569
0.9999999932406346
0.9999999931456744
0.9999999930762358
0.999999993035967
0.9999999930211476
0.999999993035967
0.9999999930762362
0.9999999931456751
0.9999999932406347
0.9999999933633582
0.9999999935117557
0.999999993685575
0.9999999938853317
0.9999999941072396
0.9999999943554699
0.9999999946217117
0.999999994914733
0.9999999952209218
0.9999999955542289
0.9999999958955333
0.9999999962636863
0.9999999966352517
0.9999999970311605
0.9999999974301674
0.9999999978408739
0.9999999982737144
0.9999999986745823
0.9999999991485843
0.999999999543935
1.0
1.0
0.9999999995932102
0.9999999991300466
0.9999999987515042
0.9999999983096838
0.9999999979150075
0.9999999975122364
0.9999999971209058
0.9999999967463759
0.9999999963764892
0.9999999960298627
0.9999999956900534
0.9999999953755858
0.99999999507179
0.999999994794118
0.9999999945313188
0.9999999942947191
0.9999999940770902
0.9999999938853312
0.9999999937162083
0.9999999935724604
0.9999999934543239
0.9999999933610766
0.9999999932955349
0.9999999932545381
0.9999999932423278
0.9999999932545387
0.9999999932955358
0.9999999933610767
0.9999999934543249
0.9999999935724598
0.9999999937162094
0.999999993885331
0.9999999940770894
0.9999999942947199
0.9999999945313186
0.999999994794118
0.9999999950717905
0.9999999953755858
0.9999999956900544
0.9999999960298634
0.9999999963764902
0.9999999967463765
0.9999999971209069
0.999999997512237
0.9999999979150082
0.9999999983096838
0.9999999987515048
0.9999999991300468
0.9999999995932112
1.0
1.0
0.9999999995739488
0.9999999992064271
0.9999999987619351
0.9999999983906444
0.9999999979836192
0.9999999976035981
0.9999999972281861
0.9999999968614882
0.9999999965125212
0.9999999961706467
0.9999999958511108
0.9999999955405572
0.9999999952548881
0.9999999949809949
0.9999999947333265
0.999999994500725
0.9999999942947199
0.9999999941072394
0.9999999939460739
0.9999999938066563
0.9999999936929695
0.9999999936036409
0.9999999935394656
0.9999999935013401
0.9999999934880225
0.9999999935013402
0.9999999935394654
0.9999999936036414
0.9999999936929691
0.9999999938066574
0.999999993946073
0.99999999410724
0.9999999942947199
0.9999999945007246
0.9999999947333258
0.9999999949809958
0.9999999952548874
0.9999999955405583
0.9999999958511104
0.9999999961706469
0.9999999965125224
0.9999999968614888
0.9999999972281861
0.9999999976035987
0.9999999979836192
0.9999999983906452
0.9999999987619351
0.9999999992064282
0.9999999995739481
1.0
1.0
0.999999999624989
0.999999999195812
0.9999999988488142
0.9999999984377551
0.99999999807698
0.9999999977013874
0.9999999973437469
0.9999999969946711
0.999999996655984
0.9999999963337949
0.9999999960215961
0.9999999957304074
0.9999999954502168
0.9999999951940907
0.9999999949508516
0.9999999947333256
0.9999999945313186
0.9999999943554694
0.9999999941981217
0.999999994066601
0.9999999939563984
0.9999999938713855
0.9999999938098627
0.9999999937729815
0.9999999937607666
0.9999999937729823
0.9999999938098637
0.9999999938713859
0.999999993956399
0.999999994066601
0.999999994198122
0.9999999943554697
0.999999994531318
0.9999999947333265
0.9999999949508517
0.999999995194091
0.9999999954502171
0.9999999957304079
0.9999999960215962
0.9999999963337963
0.9999999966559836
0.9999999969946729
0.9999999973437471
0.9999999977013885
0.9999999980769804
0.9999999984377551
0.9999999988488144
0.9999999991958118
0.9999999996249894
1.0
1.0
0.9999999996105947
0.999999999276956
0.9999999988685643
0.9999999985332764
0.9999999981577811
0.9999999978152541
0.999999997468458
0.9999999971377063
0.9999999968158709
0.9999999965066193
0.9999999962129905
0.9999999959309035
0.999999995669561
0.9999999954196684
0.999999995194091
0.9999999949809958
0.9999999947941174
0.9999999946217114
0.9999999944760762
0.9999999943473398
0.9999999942451261
0.9999999941620706
0.9999999941050323
0.9999999940687255
0.9999999940580787
0.9999999940687256
0.9999999941050316
0.9999999941620713
0.9999999942451261
0.9999999943473404
0.9999999944760761
0.9999999946217114
0.9999999947941183
0.9999999949809945
0.9999999951940912
0.9999999954196674
0.9999999956695615
0.9999999959309027
0.9999999962129913
0.9999999965066185
0.9999999968158731
0.999999997137706
0.9999999974684594
0.999999997815254
0.9999999981577814
0.9999999985332773
0.999999998868565
0.9999999992769569
0.9999999996105946
1.0
1.0
0.999999999662751
0.9999999992741214
0.9999999989644861
0.9999999985901898
0.9999999982696174
0.9999999979263937
0.9999999976089208
0.9999999972898861
0.9999999969887103
0.9999999966950517
0.9999999964163532
0.9999999961521313
0.9999999959007682
0.9999999956695613
0.9999999954502165
0.9999999952548873
0.99999999507179
0.9999999949147327
0.9999999947713256
0.9999999946546173
0.9999999945534008
0.9999999944787965
0.9999999944213134
0.9999999943901585
0.999999994377062
0.9999999943901587
0.9999999944213147
0.999999994478797
0.999999994553401
0.9999999946546175
0.9999999947713256
0.9999999949147332
0.9999999950717889
0.9999999952548884
0.9999999954502159
0.999999995669562
0.999999995900768
0.9999999961521321
0.9999999964163537
0.9999999966950526
0.9999999969887101
0.9999999972898873
0.9999999976089213
0.9999999979263945
0.9999999982696186
0.9999999985901893
0.9999999989644868
0.9999999992741211
0.9999999996627518
1.0
1.0
0.9999999996533383
0.9999999993589771
0.9999999989928968
0.9999999986992356
0.9999999983607407
0.9999999980616806
0.9999999977482816
0.9999999974594853
0.9999999971689802
0.9999999968981584
0.9999999966341231
0.9999999963858661
0.9999999961521312
0.9999999959309028
0.9999999957304082
0.9999999955405582
0.9999999953755854
0.9999999952209211
0.9999999950933842
0.9999999949768772
0.9999999948884215
0.9999999948121137
0.9999999947640756
0.9999999947291079
0.9999999947223973
0.9999999947291076
0.9999999947640748
0.9999999948121139
0.9999999948884216
0.9999999949768781
0.9999999950933844
0.9999999952209213
0.9999999953755863
0.9999999955405571
0.9999999957304084
0.9999999959309024
0.9999999961521319
0.9999999963858655
0.9999999966341232
0.9999999968981582
0.9999999971689819
0.9999999974594852
0.9999999977482833
0.9999999980616803
0.9999999983607409
0.9999999986992364
0.9999999989928975
0.9999999993589787
0.9999999996533383
1.0
1.0
0.99999999970584
0.9999999993638569
0.9999999990965336
0.9999999987647767
0.9999999984896731
0.9999999981839155
0.999999997912053
0.9999999976275303
0.99999999736929
0.9999999971080277
0.999999996868047
0.9999999966341231
0.9999999964163536
0.9999999962129916
0.9999999960215957
0.9999999958511101
0.9999999956900542
0.9999999955542279
0.9999999954268491
0.9999999953271724
0.9999999952359714
0.9999999951736815
0.9999999951202876
0.9999999950962963
0.9999999950815335
0.9999999950962967
0.9999999951202888
0.999999995173682
0.999999995235972
0.9999999953271722
0.9999999954268495
0.9999999955542277
0.9999999956900535
0.9999999958511104
0.9999999960215958
0.9999999962129906
0.9999999964163542
0.9999999966341228
0.9999999968680485
0.9999999971080278
0.9999999973692901
0.9999999976275309
0.9999999979120537
0.9999999981839157
0.9999999984896746
0.9999999987647765
0.9999999990965343
0.9999999993638558
0.9999999997058407
1.0
1.0
0.999999999701587
0.9999999994510397
0.9999999991331939
0.9999999988856327
0.9999999985896001
0.999999998338676
0.9999999980635534
0.9999999978214645
0.9999999975665326
0.9999999973388805
0.9999999971080287
0.9999999968981585
0.9999999966950522
0.9999999965066183
0.9999999963337959
0.9999999961706472
0.9999999960298628
0.9999999958955333
0.9999999957881279
0.9999999956854915
0.9999999956125486
0.9999999955436898
0.9999999955060249
0.999999995472253
0.9999999954703194
0.999999995472253
0.9999999955060241
0.9999999955436898
0.999999995612548
0.999999995685492
0.9999999957881285
0.9999999958955333
0.9999999960298634
0.999999996170646
0.9999999963337965
0.9999999965066184
0.9999999966950524
0.9999999968981583
0.999999997108028
0.9999999973388806
0.9999999975665336
0.9999999978214645
0.9999999980635539
0.9999999983386764
0.9999999985895998
0.9999999988856336
0.9999999991331942
0.9999999994510413
0.999999999701587
1.0
1.0
0.9999999997534744
0.9999999994637998
0.9999999992425948
0.9999999989591094
0.9999999987332843
0.9999999984703083
0.999999998247942
0.9999999980026841
0.9999999977913505
0.9999999975665329
0.9999999973692894
0.9999999971689809
0.9999999969887103
0.9999999968158726
0.9999999966559838
0.999999996512521
0.9999999963764898
0.9999999962636859
0.9999999961545867
0.9999999960733865
0.9999999959936537
0.999999995944747
0.9999999958961164
0.999999995879892
0.9999999958634408
0.9999999958798922
0.9999999958961171
0.9999999959447476
0.9999999959936549
0.9999999960733864
0.9999999961545863
0.9999999962636863
0.9999999963764896
0.999999996512522
0.9999999966559833
0.9999999968158721
0.9999999969887102
0.9999999971689815
0.99999999736929
0.9999999975665335
0.9999999977913502
0.9999999980026846
0.9999999982479423
0.9999999984703092
0.999999998733285
0.9999999989591097
0.9999999992425949
0.9999999994637994
0.9999999997534749
1.0
1.0
0.9999999997546936
0.9999999995514732
0.999999999287555
0.9999999990891419
0.9999999988411903
0.9999999986414004
0.9999999984097786
0.9999999982174714
0.9999999980026838
0.9999999978214642
0.9999999976275318
0.9999999974594856
0.999999997289887
0.9999999971377053
0.9999999969946728
0.9999999968614887
0.9999999967463763
0.9999999966352514
0.999999996548929
0.9999999964624987
0.9999999964055357
0.9999999963458588
0.999999996318546
0.9999999962870946
0.9999999962893891
0.9999999962870944
0.9999999963185457
0.9999999963458588
0.9999999964055353
0.9999999964624994
0.9999999965489299
0.9999999966352517
0.9999999967463763
0.9999999968614884
0.9999999969946726
0.999999997137706
0.9999999972898871
0.9999999974594851
0.9999999976275313
0.9999999978214641
0.9999999980026851
0.9999999982174709
0.9999999984097799
0.9999999986414005
0.9999999988411903
0.9999999990891426
0.9999999992875555
0.9999999995514741
0.999999999754694
1.0
1.0
0.9999999998048048
0.9999999995725632
0.9999999994000972
0.999999999170453
0.999999998996238
0.9999999987814444
0.9999999986109099
0.9999999984097786
0.9999999982479422
0.9999999980635539
0.9999999979120524
0.9999999977482824
0.9999999976089211
0.9999999974684594
0.9999999973437469
0.9999999972281857
0.9999999971209065
0.99999999703116
0.9999999969439325
0.9999999968805187
0.9999999968155573
0.9999999967787054
0.9999999967377411
0.9999999967273806
0.9999999967116706
0.9999999967273802
0.999999996737742
0.9999999967787057
0.9999999968155578
0.9999999968805184
0.9999999969439327
0.9999999970311596
0.9999999971209071
0.9999999972281857
0.9999999973437471
0.9999999974684587
0.9999999976089213
0.9999999977482832
0.9999999979120534
0.9999999980635542
0.9999999982479421
0.9999999984097795
0.9999999986109102
0.9999999987814449
0.9999999989962389
0.9999999991704532
0.9999999994000974
0.999999999572563
0.9999999998048051
1.0
1.0
0.9999999998118494
0.9999999996586403
0.9999999994536128
0.9999999993064862
0.9999999991115922
0.9999999989650717
0.9999999987814439
0.9999999986414013
0.999999998470308
0.9999999983386766
0.9999999981839155
0.9999999980616816
0.9999999979263935
0.9999999978152544
0.9999999977013874
0.9999999976035994
0.9999999975122357
0.9999999974301679
0.9999999973618764
0.9999999972976958
0.9999999972527094
0.9999999972082321
0.9999999971864959
0.9999999971631532
0.9999999971643049
0.9999999971631527
0.9999999971864957
0.9999999972082314
0.9999999972527103
0.9999999972976956
0.9999999973618773
0.9999999974301682
0.9999999975122359
0.9999999976035994
0.9999999977013877
0.9999999978152543
0.9999999979263937
0.9999999980616805
0.999999998183916
0.9999999983386764
0.999999998470309
0.9999999986414009
0.9999999987814444
0.9999999989650719
0.9999999991115927
0.9999999993064861
0.9999999994536138
0.9999999996586403
0.9999999998118493
1.0
1.0
0.9999999998591406
0.9999999996881928
0.999999999566926
0.999999999394968
0.9999999992750455
0.9999999991115924
0.9999999989962388
0.9999999988411898
0.9999999987332855
0.9999999985895999
0.9999999984896739
0.9999999983607405
0.9999999982696185
0.9999999981577813
0.9999999980769809
0.9999999979836187
0.9999999979150086
0.9999999978408733
0.9999999977863206
0.9999999977317741
0.9999999976929427
0.9999999976580569
0.9999999976363282
0.9999999976209015
0.9999999976173586
0.999999997620902
0.9999999976363285
0.9999999976580572
0.9999999976929423
0.9999999977317742
0.9999999977863208
0.9999999978408731
0.9999999979150089
0.9999999979836188
0.9999999980769807
0.999999998157781
0.9999999982696187
0.9999999983607404
0.999999998489674
0.9999999985895999
0.9999999987332852
0.9999999988411898
0.9999999989962394
0.9999999991115924
0.9999999992750461
0.9999999993949684
0.9999999995669259
0.9999999996881925
0.9999999998591407
1.0
1.0
0.9999999998718418
0.9999999997714711
0.9999999996278143
0.9999999995354898
0.999999999394968
0.9999999993064866
0.9999999991704527
0.9999999990891436
0.9999999989591088
0.999999998885634
0.9999999987647769
0.9999999986992364
0.9999999985901894
0.9999999985332769
0.9999999984377548
0.999999998390645
0.9999999983096831
0.999999998273715
0.999999998207922
0.999999998184366
0.999999998134064
0.9999999981240079
0.9999999980892769
0.9999999980935903
0.9999999980742684
0.9999999980935895
0.9999999980892769
0.9999999981240076
0.9999999981340646
0.9999999981843655
0.9999999982079226
0.9999999982737152
0.9999999983096834
0.9999999983906449
0.9999999984377553
0.9999999985332774
0.999999998590189
0.9999999986992363
0.9999999987647766
0.9999999988856335
0.99999999895911
0.9999999990891427
0.999999999170453
0.9999999993064869
0.9999999993949679
0.9999999995354897
0.9999999996278145
0.9999999997714716
0.9999999998718424
1.0
1.0
0.9999999999159523
0.9999999998082103
0.9999999997414272
0.9999999996278148
0.9999999995669261
0.9999999994536134
0.999999999400098
0.9999999992875549
0.9999999992425957
0.999999999133194
0.9999999990965344
0.9999999989928969
0.9999999989644867
0.9999999988685649
0.9999999988488147
0.9999999987619356
0.9999999987515048
0.9999999986745814
0.9999999986741597
0.999999998607842
0.9999999986180194
0.9999999985627591
0.9999999985839747
0.9999999985400395
0.9999999985725662
0.9999999985400402
0.9999999985839745
0.9999999985627597
0.9999999986180191
0.9999999986078427
0.9999999986741596
0.9999999986745816
0.9999999987515047
0.9999999987619362
0.999999998848814
0.9999999988685653
0.9999999989644863
0.9999999989928969
0.9999999990965343
0.9999999991331945
0.9999999992425948
0.9999999992875553
0.9999999994000975
0.9999999994536135
0.9999999995669259
0.9999999996278148
0.999999999741427
0.9999999998082104
0.9999999999159521
1.0
1.0
0.9999999999339905
0.9999999998876575
0.9999999998082106
0.999999999771471
0.9999999996881934
0.9999999996586401
0.9999999995725641
0.9999999995514736
0.9999999994638001
0.9999999994510401
0.9999999993638572
0.9999999993589775
0.9999999992741219
0.9999999992769558
0.9999999991958124
0.9999999992064276
0.9999999991300471
0.9999999991485841
0.9999999990778103
0.9999999991043709
0.9999999990399072
0.9999999990744971
0.9999999990169265
0.9999999990594398
0.9999999990092264
0.9999999990594397
0.9999999990169263
0.9999999990744973
0.9999999990399066
0.9999999991043712
0.99999999907781
0.9999999991485847
0.9999999991300468
0.9999999992064272
0.9999999991958127
0.9999999992769562
0.9999999992741221
0.9999999993589777
0.9999999993638573
0.99999999945104
0.9999999994638005
0.9999999995514735
0.9999999995725638
0.99999999965864
0.9999999996881926
0.999999999771471
0.9999999998082106
0.9999999998876578
0.999999999933991
1.0
1.0
0.9999999999727093
0.9999999999339907
0.9999999999159519
0.9999999998718424
0.9999999998591408
0.9999999998118496
0.9999999998048048
0.9999999997546939
0.9999999997534749
0.9999999997015873
0.9999999997058406
0.9999999996533379
0.9999999996627519
0.9999999996105944
0.99999999962499
0.9999999995739481
0.9999999995932111
0.9999999995439344
0.9999999995679458
0.9999999995210089
0.9999999995496032
0.999999999505525
0.9999999995384784
0.9999999994977226
0.9999999995347502
0.9999999994977227
0.9999999995384782
0.9999999995055251
0.9999999995496032
0.999999999521009
0.9999999995679457
0.9999999995439345
0.9999999995932111
0.9999999995739484
0.9999999996249896
0.9999999996105948
0.9999999996627513
0.9999999996533385
0.9999999997058401
0.9999999997015879
0.999999999753474
0.9999999997546944
0.9999999998048046
0.9999999998118498
0.9999999998591403
0.9999999998718426
0.9999999999159518
0.999999999933991
0.9999999999727094
1.0
1.0
1.0
1.0
1.0
1.0
1.0
1.0
1.0
1.0
1.0
1.0
1.0
1.0
1.0
1.0
1.0
1.0
1.0
1.0
1.0
1.0
1.0
1.0
1.0
1.0
1.0
1.0
1.0
1.0
1.0
1.0
1.0
1.0
1.0
1.0
1.0
1.0
1.0
1.0
1.0
1.0
1.0
1.0
1.0
1.0
1.0
1.0
1.0
1.0
1.0
1.0
