1.0
1.0
1.0
1.0
1.0
1.0
1.0
1.0
1.0
1.0
1.0
1.0
1.0
1.0
1.0
1.0
1.0
1.0
1.0
1.0
1.0
1.0
1.0
1.0
1.0
1.0
1.0
1.0
1.0
1.0
1.0
1.0
1.0
1.0
1.0
1.0
1.0
1.0
1.0
1.0
1.0
1.0
1.0
1.0
1.0
1.0
1.0
1.0
1.0
1.0
1.0
1.0
0.9999999956415042
0.999999991311665
0.9999999870274796
0.9999999828057206
0.9999999786628708
0.9999999746150579
0.9999999706779928
0.999999966866908
0.9999999631964994
0.9999999596808695
0.9999999563334735
0.9999999531670679
0.999999950193661
0.99999994742447
0.9999999448698762
0.9999999425393884
0.9999999404416052
0.9999999385841866
0.9999999369738238
0.9999999356162163
0.999999934516052
0.9999999336769915
0.9999999331016564
0.9999999327916208
0.9999999327474093
0.9999999329684963
0.9999999334533123
0.9999999341992512
0.9999999352026845
0.9999999364589781
0.999999937962513
0.9999999397067095
0.9999999416840573
0.9999999438861453
0.9999999463036996
0.9999999489266204
0.9999999517440248
0.9999999547442915
0.9999999579151092
0.9999999612435263
0.9999999647160036
0.99999996831847
0.9999999720363787
0.9999999758547652
0.9999999797583092
0.999999983731395
0.9999999877581727
0.9999999918226238
0.9999999959086222
1.0
1.0
0.9999999913230826
0.9999999827032147
0.9999999741742346
0.9999999657695338
0.9999999575219254
0.9999999494635172
0.9999999416255859
0.9999999340384573
0.9999999267313877
0.9999999197324525
0.999999913068438
0.9999999067647398
0.9999999008452654
0.9999998953323446
0.9999998902466455
0.999999885607097
0.999999881430819
0.9999998777330598
0.9999998745271405
0.9999998718244077
0.9999998696341946
0.9999998679637886
0.999999866818408
0.9999998662011877
0.999999866113171
0.9999998665533123
0.9999998675184866
0.9999998690035058
0.9999998710011465
0.9999998735021829
0.9999998764954283
0.9999998799677846
0.9999998839042992
0.9999998882882284
0.9999998931011088
0.9999998983228341
0.9999999039317381
0.9999999099046858
0.9999999162171672
0.9999999228433983
0.9999999297564256
0.9999999369282355
0.999999944329868
0.9999999519315331
0.9999999597027304
0.9999999676123713
0.9999999756289029
0.9999999837204343
0.9999999918548624
1.0
1.0
0.9999999870615525
0.9999999742081732
0.9999999614903201
0.999999948957784
0.9999999366594938
0.9999999246433264
0.99999991295592
0.9999999016424935
0.999999890746673
0.9999998803103217
0.9999998703733826
0.9999998609737232
0.9999998521469929
0.9999998439264888
0.9999998363430292
0.9999998294248401
0.9999998231974495
0.9999998176835946
0.9999998129031389
0.9999998088730021
0.9999998056071008
0.9999998031163012
0.9999998014083852
0.9999998004880268
0.999999800356782
0.9999998010130919
0.999999802452296
0.9999998046666589
0.9999998076454093
0.99999981137479
0.9999998158381201
0.9999998210158689
0.9999998268857401
0.9999998334227668
0.9999998405994169
0.9999998483857093
0.9999998567493374
0.9999998656558036
0.9999998750685603
0.9999998849491595
0.9999998952574102
0.9999999059515405
0.9999999169883673
0.9999999283234696
0.9999999399113669
0.9999999517057021
0.9999999636594259
0.9999999757249844
0.9999999878545077
1.0
1.0
0.9999999828734188
0.999999965859442
0.9999999490248609
0.9999999324355829
0.999999916156376
0.9999999002506138
0.9999998847800315
0.9999998698044854
0.9999998553817226
0.9999998415671582
0.9999998284136639
0.9999998159713649
0.9999998042874506
0.9999997934059958
0.9999997833677949
0.9999997742102101
0.9999997659670332
0.9999997586683611
0.9999997523404874
0.9999997470058083
0.9999997426827452
0.9999997393856819
0.999999737124919
0.9999997359066434
0.9999997357329152
0.9999997366016705
0.9999997385067404
0.9999997414378855
0.9999997453808477
0.9999997503174168
0.9999997562255126
0.9999997630792821
0.9999997708492117
0.9999997795022527
0.9999997890019615
0.9999997993086518
0.9999998103795594
0.9999998221690201
0.9999998346286557
0.9999998477075729
0.9999998613525711
0.9999998755083572
0.9999998901177694
0.9999999051220075
0.99999992046087
0.9999999360729935
0.9999999518960992
0.9999999678672401
0.9999999839230511
1.0
1.0
0.9999999787748102
0.9999999576891724
0.9999999368258615
0.9999999162665585
0.9999998960915301
0.9999998763793168
0.9999998572064274
0.9999998386470426
0.999999820772729
0.9999998036521639
0.9999997873508708
0.9999997719309713
0.9999997574509477
0.9999997439654225
0.9999997315249524
0.9999997201758414
0.9999997099599672
0.9999997009146302
0.9999996930724155
0.9999996864610801
0.9999996811034529
0.9999996770173605
0.999999674215568
0.9999996727057436
0.9999996724904402
0.9999996735670997
0.999999675928077
0.9999996795606824
0.9999996844472456
0.9999996905651986
0.9999996978871767
0.9999997063811406
0.9999997160105131
0.9999997267343369
0.999999738507447
0.9999997512806592
0.999999765000976
0.9999997796118045
0.9999997950531893
0.999999811262058
0.9999998281724778
0.9999998457159235
0.9999998638215536
0.999999882416497
0.9999999014261444
0.9999999207744478
0.9999999403842241
0.9999999601774621
0.9999999800756327
1.0
1.0
0.9999999747814174
0.9999999497286428
0.9999999249400247
0.9999999005126117
0.999999876541772
0.9999998531208235
0.9999998303406695
0.9999998082894472
0.9999997870521886
0.9999997667104911
0.9999997473422074
0.9999997290211461
0.9999997118167925
0.999999695794046
0.9999996810129758
0.9999996675285973
0.9999996553906675
0.9999996446435042
0.999999635325824
0.9999996274706051
0.9999996211049725
0.9999996162501061
0.9999996129211732
0.9999996111272842
0.9999996108714727
0.9999996121506994
0.9999996149558802
0.9999996192719386
0.9999996250778795
0.9999996323468888
0.9999996410464536
0.9999996511385058
0.9999996625795873
0.9999996753210347
0.999999689309185
0.9999997044856008
0.9999997207873133
0.9999997381470818
0.9999997564936708
0.9999997757521413
0.9999997958441558
0.999999816688296
0.9999998382003924
0.9999998602938631
0.9999998828800621
0.9999999058686332
0.9999999291678717
0.9999999526850893
0.999999976326982
1.0
1.0
0.9999999709084345
0.999999942008141
0.9999999134125725
0.9999998852336818
0.9999998575814834
0.9999998305636262
0.9999998042849744
0.9999997788472017
0.999999754348398
0.9999997308826931
0.9999997085398953
0.9999996874051484
0.9999996675586095
0.9999996490751448
0.999999632024049
0.9999996164687861
0.999999602466755
0.9999995900690793
0.9999995793204218
0.9999995702588256
0.9999995629155811
0.999999557315121
0.9999995534749422
0.9999995514055539
0.9999995511104556
0.9999995525861415
0.9999995558221325
0.9999995608010362
0.9999995674986336
0.999999575883992
0.9999995859196059
0.9999995975615609
0.9999996107597241
0.9999996254579591
0.9999996415943614
0.9999996591015187
0.9999996779067919
0.9999996979326138
0.9999997190968085
0.9999997413129286
0.9999997644906053
0.9999997885359166
0.9999998133517667
0.9999998388382766
0.9999998648931859
0.9999998914122625
0.9999999182897178
0.9999999454186286
0.9999999726913616
1.0
1.0
0.9999999671705007
0.9999999345568494
0.9999999022870768
0.99999987048752
0.99999983928233
0.9999998087929866
0.9999997791378283
0.9999997504315923
0.9999997227849721
0.9999996963041919
0.9999996710905996
0.9999996472402792
0.9999996248436867
0.9999996039853078
0.9999995847433408
0.9999995671894042
0.9999995513882721
0.9999995373976368
0.9999995252678995
0.9999995150419915
0.999999506755224
0.9999995004351688
0.9999994961015707
0.9999994937662896
0.9999994934332747
0.9999994950985692
0.9999994987503482
0.9999995043689842
0.9999995119271462
0.9999995213899275
0.9999995327150033
0.9999995458528165
0.9999995607467931
0.9999995773335834
0.999999595543329
0.9999996152999563
0.9999996365214924
0.9999996591204037
0.999999683003956
0.9999997080745937
0.9999997342303372
0.9999997613651963
0.9999997893695998
0.9999998181308352
0.999999847533503
0.9999998774599781
0.9999999077908794
0.9999999384055454
0.9999999691825135
1.0
1.0
0.9999999635816452
0.9999999274027348
0.9999998916052951
0.9999998563294745
0.9999998217129953
0.9999997878906179
0.9999997549936169
0.9999997231492724
0.9999996924803792
0.999999663104773
0.9999996351348811
0.9999996086772912
0.999999583832348
0.9999995606937728
0.9999995393483125
0.9999995198754146
0.9999995023469345
0.9999994868268707
0.9999994733711348
0.999999462027351
0.9999994528346905
0.9999994458237395
0.9999994410164011
0.9999994384258318
0.9999994380564122
0.9999994399037536
0.9999994439547377
0.9999994501875917
0.9999994585719969
0.9999994690692307
0.999999481632341
0.9999994962063538
0.9999995127285102
0.9999995311285351
0.9999995513289338
0.9999995732453163
0.9999995967867482
0.9999996218561273
0.9999996483505817
0.9999996761618914
0.9999997051769287
0.9999997352781164
0.9999997663439052
0.9999997982492614
0.9999998308661702
0.9999998640641478
0.9999998977107625
0.9999999316721628
0.9999999658136074
1.0
1.0
0.9999999601552368
0.9999999205724461
0.9999998814070169
0.9999998428122827
0.999999804938924
0.9999997679343801
0.9999997319422761
0.9999996971018674
0.9999996635475018
0.999999631408102
0.9999996008066725
0.9999995718598295
0.9999995446773583
0.9999995193617984
0.9999994960080577
0.999999474703059
0.9999994555254177
0.9999994385451542
0.9999994238234401
0.9999994114123802
0.9999994013548315
0.9999993936842577
0.9999993884246224
0.9999993855903203
0.999999385186144
0.9999993872072919
0.9999993916394114
0.9999993984586814
0.9999994076319305
0.9999994191167929
0.9999994328618992
0.9999994488071029
0.9999994668837406
0.9999994870149256
0.9999995091158719
0.9999995330942495
0.9999995588505689
0.9999995862785919
0.9999996152657679
0.9999996456936951
0.9999996774386019
0.9999997103718496
0.9999997443604525
0.9999997792676131
0.9999998149532723
0.9999998512746701
0.9999998880869152
0.9999999252435618
0.9999999625971925
1.0
1.0
0.9999999569039331
0.9999999140912154
0.9999998717299153
0.9999998299858788
0.9999997890220815
0.9999997489979935
0.9999997100689599
0.9999996723855992
0.9999996360932215
0.99999960133127
0.9999995682327858
0.9999995369239014
0.9999995075233605
0.9999994801420693
0.9999994548826804
0.9999994318392091
0.999999411096686
0.9999993927308454
0.9999993768078499
0.9999993633840566
0.9999993525058192
0.999999344209332
0.9999993385205146
0.9999993354549354
0.9999993350177787
0.9999993372038507
0.9999993419976281
0.9999993493733454
0.999999359295125
0.9999993717171439
0.9999993865838408
0.9999994038301616
0.9999994233818401
0.999999445155715
0.9999994690600825
0.9999994949950783
0.9999995228530948
0.9999995525192247
0.9999995838717333
0.9999996167825572
0.9999996511178254
0.9999996867384023
0.9999997235004504
0.9999997612560102
0.9999997998535934
0.999999839138791
0.9999998789548884
0.9999999191434908
0.9999999595451504
1.0
1.0
0.9999999538396344
0.9999999079827652
0.9999998626094112
0.9999998178972106
0.9999997740207273
0.9999997311507702
0.9999996894537303
0.9999996490909354
0.999999610218028
0.9999995729843658
0.9999995375324501
0.9999995039973818
0.9999994725063476
0.9999994431781395
0.9999994161227095
0.9999993914407574
0.99999936922336
0.999999349551636
0.9999993324964537
0.9999993181181762
0.9999993064664536
0.9999992975800539
0.9999992914867392
0.9999992882031853
0.999999287734945
0.9999992900764555
0.999999295211089
0.9999993031112488
0.9999993137385056
0.9999993270437786
0.9999993429675558
0.9999993614401573
0.9999993823820365
0.999999405704119
0.9999994313081803
0.9999994590872557
0.999999488926086
0.9999995207015935
0.999999554283388
0.9999995895343
0.99999962631094
0.9999996644642791
0.9999997038402524
0.9999997442803799
0.999999785622402
0.9999998277009307
0.9999998703481081
0.9999999133942771
0.9999999566686527
1.0
1.0
0.9999999509734414
0.9999999022692241
0.9999998540785444
0.9999998065900707
0.9999997599892055
0.9999997144573639
0.9999996701712681
0.9999996273022635
0.9999995860156566
0.9999995464700792
0.9999995088168806
0.9999994731995503
0.9999994397531723
0.9999994086039151
0.9999993798685571
0.9999993536540516
0.9999993300571299
0.999999309163948
0.9999992910497736
0.9999992757787192
0.999999263403517
0.9999992539653422
0.999999247493681
0.9999992440062444
0.9999992435089302
0.9999992459958297
0.9999992514492834
0.9999992598399805
0.9999992711271057
0.9999992852585308
0.9999993021710484
0.999999321790652
0.9999993440328558
0.999999368803055
0.9999993959969253
0.9999994255008613
0.9999994571924464
0.9999994909409611
0.9999995266079189
0.9999995640476333
0.999999603107811
0.9999996436301701
0.9999996854510793
0.9999997284022182
0.9999997723112523
0.999999817002524
0.9999998622977532
0.9999999080167479
0.9999999539781192
1.0
1.0
0.9999999483156155
0.9999998969710472
0.9999998461678565
0.9999997961049397
0.9999997469777504
0.9999996989775385
0.9999996522906067
0.9999996070975895
0.9999995635727548
0.9999995218833341
0.9999994821888819
0.9999994446406665
0.9999994093810948
0.9999993765431754
0.9999993462500175
0.9999993186143721
0.9999992937382152
0.9999992717123729
0.9999992526161939
0.9999992365172656
0.9999992234711794
0.9999992135213428
0.9999992066988401
0.9999992030223428
0.9999992024980681
0.9999992051197872
0.9999992108688833
0.9999992197144567
0.9999992316134791
0.9999992465109961
0.9999992643403744
0.9999992850235953
0.9999993084715926
0.9999993345846327
0.9999993632527362
0.9999993943561382
0.9999994277657862
0.9999994633438739
0.9999995009444074
0.999999540413802
0.9999995815915085
0.9999996243106638
0.9999996683987664
0.9999997136783705
0.9999997599677993
0.9999998070818725
0.9999998548326448
0.9999999030301557
0.9999999514831831
1.0
1.0
0.9999999458755426
0.9999998921069447
0.9999998389052833
0.9999997864788447
0.9999997350323103
0.9999996847659592
0.9999996358748897
0.9999995885482638
0.9999995429685767
0.9999994993109558
0.9999994577424878
0.9999994184215824
0.9999993814973703
0.9999993471091392
0.9999993153858102
0.9999992864454578
0.9999992603948719
0.9999992373291671
0.9999992173314379
0.9999992004724626
0.9999991868104574
0.9999991763908788
0.9999991692462789
0.9999991653962103
0.9999991648471839
0.9999991675926772
0.999999173613194
0.9999991828763758
0.9999991953371632
0.9999992109380074
0.999999229609129
0.9999992512688258
0.9999992758238271
0.9999993031696908
0.9999993331912448
0.9999993657630702
0.999999400750022
0.9999994380077878
0.9999994773834809
0.9999995187162661
0.9999995618380143
0.999999606573985
0.9999996527435321
0.9999997001608327
0.999999748635633
0.9999997979740097
0.999999847979145
0.9999998984521099
0.9999999491926543
1.0
1.0
0.9999999436617006
0.9999998876938164
0.999999832316058
0.9999997777452312
0.9999997241943894
0.9999996718720037
0.9999996209811522
0.9999995717187348
0.9999995242747108
0.9999994788313707
0.9999994355626359
0.9999993946333955
0.9999993561988797
0.9999993204040735
0.9999992873831715
0.9999992572590775
0.9999992301429497
0.999999206133793
0.9999991853181006
0.999999167769546
0.9999991535487265
0.9999991427029579
0.9999991352661236
0.9999991312585765
0.9999991306870935
0.9999991335448851
0.999999139811658
0.9999991494537298
0.9999991624241984
0.9999991786631608
0.9999991980979835
0.9999992206436229
0.9999992462029924
0.9999992746673785
0.9999993059168983
0.9999993398210025
0.9999993762390187
0.9999994150207314
0.9999994560070008
0.999999499030413
0.9999995439159615
0.9999995904817586
0.9999996385397696
0.9999996878965707
0.9999997383541261
0.9999997897105806
0.9999998417610662
0.9999998942985168
0.9999999471144915
1.0
1.0
0.9999999416816311
0.9999998837466956
0.9999998264226265
0.9999997699338493
0.9999997145009061
0.999999660339594
0.9999996076601293
0.9999995566663314
0.9999995075548366
0.9999994605143416
0.9999994157248808
0.9999993733571384
0.9999993335718003
0.9999992965189474
0.9999992623374905
0.9999992311546531
0.9999992030854999
0.9999991782325158
0.9999991566852335
0.9999991385199162
0.9999991237992907
0.9999991125723359
0.9999991048741262
0.9999991007257297
0.9999991001341614
0.9999991030923929
0.9999991095794181
0.999999119560371
0.9999991329867005
0.9999991497963987
0.9999991699142792
0.999999193252309
0.99999921970999
0.9999992491747874
0.999999281522605
0.9999993166183053
0.9999993543162716
0.999999394461009
0.9999994368877848
0.9999994814233008
0.9999995278863998
0.9999995760888017
0.999999625835863
0.9999996769273617
0.9999997291583019
0.999999782319734
0.9999998361995894
0.999999890583525
0.9999999452557738
1.0
1.0
0.9999999399419134
0.9999998802786985
0.9999998212445731
0.9999997630706576
0.9999997059840727
0.999999650207054
0.9999995959560877
0.9999995434410739
0.9999994928645154
0.9999994444207373
0.999999398295145
0.999999354663514
0.9999993136913242
0.9999992755331334
0.9999992403319963
0.9999992082189317
0.999999179312437
0.9999991537180537
0.9999991315279863
0.9999991128207723
0.99999909766101
0.9999990860991397
0.9999990781712819
0.9999990738991327
0.999999073289917
0.9999990763363968
0.9999990830169391
0.9999990932956375
0.9999991071224931
0.9999991244336479
0.9999991451516724
0.9999991691859081
0.9999991964328585
0.9999992267766316
0.9999992600894293
0.999999296232083
0.9999993350546319
0.9999993763969427
0.9999994200893678
0.9999994659534396
0.9999995138025973
0.9999995634429436
0.9999996146740284
0.9999996672896575
0.9999997210787188
0.9999997758260302
0.9999998313131965
0.9999998873194801
0.9999999436226776
1.0
1.0
0.9999999384481455
0.9999998773009839
0.9999998167985584
0.9999997571777383
0.999999698671293
0.9999996415069851
0.9999995859066858
0.9999995320855161
0.9999994802510145
0.9999994306023403
0.9999993833295096
0.9999993386126704
0.9999992966214182
0.9999992575141547
0.9999992214374931
0.9999991885257105
0.9999991589002519
0.9999991326692839
0.9999991099273038
0.999999090754803
0.9999990752179864
0.9999990633685486
0.9999990552435086
0.9999990508651023
0.9999990502407341
0.9999990533629863
0.9999990602096873
0.9999990707440382
0.9999990849147962
0.9999991026565149
0.9999991238898394
0.9999991485218557
0.9999991764464935
0.9999992075449786
0.999999241686334
0.9999992787279297
0.9999993185160752
0.9999993608866541
0.9999994056657995
0.999999452670605
0.9999995017098695
0.9999995525848732
0.9999996050901803
0.9999996590144679
0.9999997141413738
0.9999997702503632
0.999999827117609
0.9999998845168842
0.9999999422204581
1.0
1.0
0.999999937204926
0.9999998748227185
0.9999998130982696
0.9999997522732327
0.9999996925850784
0.9999996342661701
0.9999995775428603
0.9999995226346146
0.9999994697531635
0.9999994191016892
0.9999993708740454
0.9999993252540189
0.9999992824146305
0.9999992425174815
0.9999992057121462
0.999999172135614
0.9999991419117824
0.9999991151510034
0.9999990919496825
0.999999072389937
0.999999056539309
0.999999044450537
0.9999990361613881
0.9999990316945473
0.9999990310575682
0.9999990342428834
0.9999990412278733
0.9999990519749962
0.9999990664319742
0.9999990845320388
0.9999991061942323
0.9999991313237642
0.999999159812422
0.9999991915390319
0.9999992263699718
0.9999992641597311
0.9999993047515144
0.9999993479778909
0.999999393661482
0.9999994416156871
0.9999994916454431
0.9999995435480162
0.9999995971138217
0.999999652127268
0.9999997083676229
0.9999997656098975
0.9999998236257438
0.999999882184365
0.9999999410534313
1.0
1.0
0.9999999362158406
0.9999998728510513
0.9999998101543808
0.9999997483712887
0.9999996877429864
0.9999996285054972
0.9999995708887386
0.9999995151156331
0.9999994614012466
0.9999994099519609
0.9999993609646836
0.9999993146260963
0.9999992711119448
0.9999992305863757
0.9999991932013196
0.9999991590959233
0.9999991283960362
0.9999991012137481
0.9999990776469834
0.9999990577791524
0.999999041678861
0.999999029399679
0.9999990209799677
0.9999990164427697
0.9999990157957576
0.9999990190312447
0.9999990261262551
0.9999990370426558
0.9999990517273458
0.9999990701125044
0.9999990921158992
0.9999991176412465
0.9999991465786289
0.9999991788049646
0.9999992141845266
0.9999992525695122
0.9999992938006566
0.9999993377078917
0.9999993841110452
0.9999994328205769
0.9999994836383513
0.9999995363584417
0.9999995907679621
0.9999996466479251
0.9999997037741218
0.9999997619180193
0.9999998208476731
0.9999998803286512
0.999999940124964
1.0
1.0
0.9999999354834557
0.9999998713910967
0.9999998079745279
0.9999997454820275
0.9999996841575765
0.9999996242399082
0.9999995659615802
0.9999995095480747
0.9999994552169266
0.9999994031768878
0.9999993536271268
0.9999993067564685
0.999999262742677
0.9999992217517838
0.9999991839374635
0.9999991494404609
0.9999991183880704
0.9999990908936688
0.9999990670563047
0.9999990469603465
0.9999990306751878
0.9999990182550133
0.9999990097386249
0.9999990051493296
0.9999990044948882
0.9999990077675258
0.9999990149440032
0.9999990259857486
0.9999990408390517
0.9999990594353132
0.9999990816913562
0.9999991075097917
0.9999991367794401
0.9999991693758064
0.9999992051616049
0.9999992439873361
0.9999992856919063
0.9999993301032949
0.9999993770392605
0.9999994263080867
0.9999994777093631
0.9999995310347982
0.9999995860690616
0.9999996425906519
0.9999997003727853
0.9999997591843051
0.9999998187906033
0.9999998789545559
0.9999999394374643
1.0
1.0
0.9999999350093105
0.9999998704459239
0.9999998065632939
0.9999997436115237
0.9999996818363869
0.9999996214783714
0.9999995627717443
0.9999995059436444
0.9999994512132058
0.9999993987907143
0.9999993488768022
0.9999993016616819
0.9999992573244242
0.9999992160322805
0.9999991779400552
0.9999991431895273
0.9999991119089264
0.9999990842124629
0.9999990601999132
0.9999990399562658
0.9999990235514241
0.9999990110399711
0.999999002460994
0.9999989978379711
0.9999989971787203
0.9999990004754092
0.9999990077046279
0.9999990188275214
0.9999990337899842
0.9999990525229134
0.9999990749425207
0.999999100950701
0.9999991304354581
0.9999991632713816
0.9999991993201772
0.9999992384312464
0.9999992804423119
0.9999993251800888
0.9999993724609965
0.9999994220919092
0.9999994738709439
0.9999995275882785
0.9999995830269998
0.9999996399639786
0.9999996981707645
0.9999997574145018
0.9999998174588588
0.9999998780649686
0.9999999389923782
1.0
1.0
0.9999999347939189
0.9999998700165567
0.9999998059222072
0.9999997427618026
0.999999680781931
0.9999996202238775
0.9999995613226852
0.9999995043062458
0.9999994493944199
0.9999993967981902
0.9999993467188538
0.9999992993472535
0.9999992548630535
0.9999992134340597
0.9999991752155893
0.9999991403498915
0.9999991089656207
0.9999990811773658
0.9999990570852338
0.999999036774495
0.9999990203152846
0.999999007762366
0.9999989991549566
0.9999989945166121
0.9999989938551763
0.9999989971627912
0.9999990044159689
0.9999990155757259
0.9999990305877772
0.999999049382791
0.9999990718767011
0.9999990979710777
0.9999991275535529
0.999999160498301
0.9999991966665694
0.9999992359072601
0.9999992780575587
0.9999993229436053
0.9999993703812108
0.9999994201766099
0.9999994721272504
0.9999995260226145
0.9999995816450706
0.9999996387707495
0.999999697170444
0.9999997566105266
0.9999998168538822
0.9999998776608523
0.999999938790187
1.0
1.0
0.999999934836771
0.9999998701019791
0.9999998060497512
0.9999997429308544
0.9999996809917148
0.9999996204734586
0.999999561610975
0.9999995046320059
0.999999449756267
0.9999993971946024
0.999999347148177
0.9999992998077085
0.9999992553527427
0.9999992139509751
0.999999175757621
0.9999991409148363
0.9999991095511909
0.9999990817811977
0.9999990577048987
0.9999990374075077
0.9999990209591139
0.9999990084144451
0.9999989998126922
0.9999989951773958
0.9999989945163946
0.9999989978218359
0.999999005070247
0.99999901622267
0.9999990312248558
0.9999990500075178
0.9999990724866452
0.9999990985638731
0.9999991281269074
0.9999991610500047
0.9999991971945041
0.999999236409407
0.999999278532005
0.9999993233885534
0.9999993707949837
0.9999994205576584
0.999999472474158
0.9999995263341032
0.9999995819200053
0.9999996390081424
0.9999996973694577
0.9999997567704775
0.9999998169742423
0.9999998777412513
0.9999999388304129
1.0
1.0
0.9999999351363417
0.9999998706991512
0.9999998069413868
0.9999997441126626
0.999999682458272
0.9999996222182325
0.9999995636263537
0.9999995069093307
0.9999994522858686
0.9999993999658426
0.9999993501494926
0.9999993030266595
0.9999992587760638
0.99999921756463
0.9999991795468598
0.9999991448642555
0.9999991136447961
0.9999990860024683
0.9999990620368538
0.9999990418327749
0.9999990254599983
0.9999990129730002
0.9999990044107916
0.9999989997968048
0.9999989991388425
0.9999990024290879
0.9999990096441763
0.999999020745329
0.9999990356785461
0.9999990543748598
0.9999990767506454
0.9999991027079898
0.9999991321351157
0.9999991649068578
0.9999992008851923
0.999999239919815
0.9999992818487654
0.9999993264990974
0.9999993736875892
0.9999994232214929
0.9999994748993201
0.9999995285116583
0.9999995838420187
0.999999640667708
0.9999996987607226
0.9999997578886618
0.9999998178156554
0.999999878303304
0.9999999391116242
1.0
1.0
0.9999999356901019
0.9999998718030308
0.9999998085895856
0.9999997462972487
0.9999996851692198
0.9999996254434677
0.9999995673518052
0.9999995111189921
0.9999994569618668
0.9999994050885121
0.9999993556974592
0.9999993089769278
0.9999992651041124
0.9999992242445128
0.9999991865513117
0.9999991521648032
0.9999991212118735
0.9999990938055364
0.9999990700445234
0.9999990500129327
0.9999990337799354
0.9999990213995427
0.999999012910432
0.9999990083358363
0.9999990076834913
0.9999990109456467
0.9999990180991378
0.9999990291055167
0.9999990439112444
0.9999990624479421
0.9999990846326988
0.9999991103684379
0.9999991395443357
0.9999991720362958
0.9999992077074726
0.999999246408845
0.9999992879798356
0.9999993322489745
0.9999993790346042
0.9999994281456223
0.9999994793822603
0.9999995325368941
0.9999995873948829
0.9999996437354345
0.9999997013324918
0.9999997599556383
0.9999998193710175
0.999999879342265
0.9999999396314464
1.0
1.0
0.9999999364945336
0.9999998734066046
0.9999998109838754
0.9999997494707329
0.9999996891073343
0.9999996301286719
0.9999995727636589
0.9999995172342435
0.9999994637545517
0.9999994125300641
0.9999993637568274
0.9999993176207077
0.999999274296683
0.9999992339481828
0.9999991967264733
0.9999991627700942
0.9999991322043446
0.9999991051408244
0.9999990816770301
0.9999990618960077
0.9999990458660638
0.9999990336405333
0.9999990252576102
0.9999990207402366
0.9999990200960515
0.9999990233174016
0.999999030381412
0.9999990412501158
0.9999990558706436
0.9999990741754717
0.9999990960827267
0.999999121496546
0.999999150307492
0.9999991823930208
0.9999992176179987
0.9999992558352684
0.9999992968862612
0.9999993406016521
0.9999993868020556
0.9999994352987602
0.999999485894496
0.999999538384236
0.9999995925560244
0.9999996481918305
0.9999997050684252
0.999999762958274
0.9999998216304458
0.9999998808515327
0.9999999403865768
1.0
1.0
0.9999999375451476
0.9999998755009252
0.9999998141108973
0.9999997536154085
0.9999996942506427
0.9999996362477043
0.9999995798317196
0.999999525220965
0.9999994726260241
0.9999994222489779
0.9999993742826301
0.9999993289097716
0.9999992863024856
0.9999992466214979
0.9999992100155727
0.9999991766209569
0.9999991465608772
0.9999991199450871
0.9999990968694702
0.9999990774156987
0.9999990616509491
0.9999990496276738
0.9999990413834351
0.9999990369407955
0.9999990363072675
0.9999990394753248
0.9999990464224705
0.9999990571113659
0.9999990714900163
0.9999990894920153
0.9999991110368438
0.9999991360302249
0.999999164364532
0.9999991959192481
0.9999992305614753
0.9999992681464905
0.9999993085183488
0.9999993515105263
0.9999993969466054
0.9999994446409961
0.9999994943996924
0.9999995460210591
0.9999995992966467
0.999999654012032
0.9999997099476785
0.9999997668798162
0.9999998245813344
0.9999998828226868
0.999999941372802
1.0
1.0
0.9999999388365087
0.9999998780751571
0.9999998179544736
0.9999997587098328
0.9999997005725356
0.9999996437689074
0.9999995885194201
0.9999995350378366
0.9999994835303864
0.9999994341949722
0.9999993872204108
0.999999342785714
0.9999993010594068
0.9999992621988917
0.9999992263498568
0.9999991936457321
0.9999991642071963
0.9999991381417331
0.9999991155432444
0.999999096491713
0.9999990810529263
0.999999069278253
0.9999990612044781
0.9999990568536977
0.9999990562332692
0.9999990593358214
0.999999066139323
0.9999990766072072
0.9999990906885543
0.9999991083183312
0.9999991294176833
0.9999991538942832
0.9999991816427298
0.9999992125449981
0.9999992464709375
0.9999992832788182
0.999999322815919
0.9999993649191594
0.9999994094157695
0.9999994561239969
0.9999995048538467
0.999999555407853
0.9999996075818763
0.9999996611659271
0.999999715945008
0.9999997716999761
0.9999998282084165
0.9999998852455289
0.99999994258502
1.0
1.0
0.9999999403622611
0.9999998811166302
0.9999998224956858
0.9999997647289307
0.999999708041896
0.9999996526552614
0.9999995987839987
0.9999995466365387
0.9999994964139662
0.9999994483092474
0.9999994025064889
0.9999993591802365
0.999999318494812
0.9999992806036909
0.9999992456489272
0.9999992137606225
0.9999991850564448
0.9999991596411972
0.9999991376064384
0.9999991190301565
0.9999991039764978
0.9999990924955493
0.9999990846231785
0.9999990803809303
0.9999990797759788
0.9999990828011365
0.9999990894349216
0.9999990996416793
0.9999991133717606
0.999999130561754
0.9999991511347728
0.9999991750007924
0.9999992020570408
0.9999992321884372
0.999999265268078
0.9999993011577686
0.9999993397085977
0.9999993807615528
0.9999994241481738
0.9999994696912423
0.999999517205503
0.9999995664984155
0.999999617370933
0.999999669618304
0.9999997230308948
0.9999997773950285
0.9999998324938392
0.9999998881081336
0.9999999440172639
1.0
1.0
0.9999999421151574
0.9999998846108978
0.9999998277129638
0.9999997716441124
0.9999997166232457
0.9999996628645574
0.9999996105767005
0.9999995599619796
0.9999995112155692
0.9999994645247634
0.999999420068258
0.9999993780154683
0.9999993385258861
0.9999993017484761
0.9999992678211169
0.999999236870086
0.999999209009593
0.9999991843413605
0.9999991629542563
0.999999144923976
0.9999991303127804
0.9999991191692844
0.9999991115283016
0.9999991074107434
0.9999991068235727
0.9999991097598139
0.999999116198616
0.9999991261053726
0.9999991394318939
0.9999991561166321
0.9999991760849604
0.9999991992495003
0.9999992255105007
0.9999992547562631
0.9999992868636137
0.99999932169842
0.9999993591161478
0.9999993989624579
0.9999994410738421
0.9999994852782902
0.9999995313959926
0.9999995792400681
0.9999996286173202
0.9999996793290153
0.9999997311716818
0.9999997839379233
0.9999998374172474
0.9999998913969042
0.9999999456627309
1.0
1.0
0.9999999440870929
0.9999998885418041
0.9999998335821852
0.9999997794234052
0.9999997262769086
0.9999996743495921
0.9999996238430013
0.9999995749525482
0.9999995278667588
0.9999994827665467
0.9999994398245203
0.9999993992043233
0.9999993610600142
0.999999325535483
0.999999292763911
0.9999992628672745
0.9999992359558917
0.9999992121280203
0.9999991914695006
0.9999991740534495
0.9999991599400067
0.9999991491761306
0.9999991417954497
0.9999991378181624
0.9999991372509948
0.9999991400872084
0.9999991463066626
0.9999991558759306
0.9999991687484634
0.9999991848648107
0.9999992041528872
0.9999992265282915
0.9999992518946706
0.9999992801441313
0.999999311157696
0.9999993448058014
0.999999380948837
0.9999994194377216
0.9999994601145169
0.999999502813073
0.9999995473597052
0.999999593573899
0.9999996412690395
0.9999996902531632
0.9999997403297299
0.9999997912984085
0.9999998429558776
0.9999998950966347
0.999999947513813
1.0
1.0
0.9999999462691423
0.9999998928915563
0.999999840076784
0.9999997880315967
0.9999997369591881
0.9999996870583799
0.9999996385228521
0.9999995915403912
0.9999995462921654
0.9999995029520279
0.9999994616858511
0.9999994226508924
0.9999993859951978
0.9999993518570419
0.9999993203644088
0.9999992916345142
0.9999992657733715
0.9999992428754033
0.9999992230231
0.9999992062867253
0.9999991927240718
0.9999991823802655
0.9999991752876218
0.9999991714655517
0.999999170920518
0.9999991736460458
0.9999991796227807
0.9999991888185997
0.999999201188771
0.9999992166761638
0.9999992352115066
0.9999992567136915
0.9999992810901258
0.9999993082371269
0.9999993380403605
0.9999993703753196
0.999999405107842
0.9999994420946647
0.999999481184013
0.9999995222162212
0.9999995650243828
0.9999996094350279
0.9999996552688243
0.9999997023413004
0.9999997504635859
0.9999997994431679
0.9999998490846596
0.9999998991905789
0.9999999495621317
1.0
1.0
0.9999999486515979
0.9999998976408033
0.9999998471678668
0.9999997974303917
0.9999997486225615
0.9999997009343825
0.9999996545509466
0.9999996096517135
0.9999995664098188
0.9999995249914069
0.9999994855549948
0.9999994482508674
0.9999994132205063
0.9999993805960551
0.9999993504998227
0.9999993230438273
0.9999992983293817
0.999999276446722
0.9999992574746807
0.999999241480406
0.9999992285191278
0.9999992186339717
0.99999921185582
0.9999992082032223
0.9999992076823558
0.9999992102870322
0.9999992159987554
0.9999992247868267
0.9999992366084978
0.9999992514091711
0.9999992691226466
0.9999992896714129
0.9999993129669829
0.999999338910271
0.9999993673920129
0.9999993982932222
0.9999994314856856
0.9999994668324923
0.9999995041885975
0.9999995434014152
0.9999995843114395
0.9999996267528922
0.999999670554393
0.99999971553965
0.9999997615281668
0.9999998083359675
0.9999998557763283
0.9999999036605236
0.9999999517985743
1.0
1.0
0.9999999512240131
0.9999999027687205
0.9999998548243406
0.9999998075785778
0.999999761215887
0.999999715916756
0.999999671857004
0.9999996292071005
0.9999995881315071
0.999999548788045
0.9999995113272898
0.9999994758919979
0.9999994426165624
0.9999994116265073
0.9999993830380144
0.9999993569574895
0.9999993334811705
0.9999993126947724
0.9999992946731786
0.9999992794801738
0.9999992671682204
0.9999992577782837
0.9999992513396987
0.9999992478700865
0.999999247375314
0.9999992498495031
0.9999992552750845
0.9999992636228975
0.999999274852335
0.9999992889115349
0.9999993057376135
0.9999993252569425
0.9999993473854676
0.9999993720290676
0.9999993990839517
0.9999994284370946
0.9999994599667058
0.9999994935427337
0.9999995290273996
0.9999995662757618
0.9999996051363053
0.9999996454515566
0.9999996870587214
0.9999997297903394
0.9999997734749568
0.999999817937814
0.999999863001542
0.9999999084868694
0.9999999542133347
1.0
1.0
0.9999999539752472
0.9999999082530996
0.9999998630130467
0.9999998184322048
0.9999997746846249
0.9999997319406141
0.9999996903660745
0.9999996501218602
0.9999996113631564
0.999999574238882
0.9999995388911196
0.9999995054545731
0.9999994740560554
0.9999994448140098
0.9999994178380652
0.9999993932286255
0.9999993710765
0.9999993514625691
0.9999993344574925
0.9999993201214565
0.9999993085039651
0.9999992996436726
0.9999992935682592
0.9999992902943523
0.9999992898274876
0.9999992921621189
0.9999992972816677
0.9999993051586179
0.9999993157546534
0.9999993290208372
0.9999993448978325
0.9999993633161638
0.9999993841965182
0.9999994074500836
0.9999994329789235
0.9999994606763876
0.9999994904275552
0.9999995221097102
0.9999995555928458
0.9999995907401953
0.9999996274087901
0.9999996654500397
0.9999997047103315
0.9999997450316511
0.9999997862522159
0.9999998282071232
0.9999998707290088
0.9999999136487135
0.9999999567959544
1.0
1.0
0.9999999568935126
0.9999999140704434
0.9999998716989009
0.9999998299447712
0.9999997889710693
0.999999748937304
0.9999997099988578
0.9999996723063856
0.999999636005233
0.9999996012348765
0.9999995681283896
0.9999995368119353
0.9999995074042858
0.9999994800163742
0.9999994547508779
0.9999994317018351
0.9999994109542971
0.9999993925840156
0.9999993766571702
0.9999993632301313
0.9999993523492635
0.9999993440507704
0.9999993383605775
0.9999993352942571
0.9999993348569949
0.9999993370435956
0.999999341838532
0.9999993492160328
0.9999993591402114
0.9999993715652338
0.9999993864355253
0.999999403686016
0.9999994232424215
0.9999994450215611
0.9999994689317083
0.9999994948729749
0.9999995227377271
0.9999995524110296
0.9999995837711189
0.9999996166899003
0.9999996510334703
0.9999996866626598
0.9999997234335966
0.999999761198285
0.9999997998052007
0.9999998390998971
0.9999998789256215
0.9999999191239407
0.999999959535369
1.0
1.0
0.9999999599664253
0.9999999201960651
0.9999998808450438
0.999999842067422
0.9999998040145941
0.9999997668346977
0.999999730672039
0.9999996956665332
0.9999996619531647
0.999999629661467
0.9999995989150274
0.9999995698310152
0.9999995425197356
0.9999995170842136
0.9999994936198074
0.9999994722138514
0.9999994529453337
0.9999994358846064
0.9999994210931309
0.9999994086232592
0.9999993985180511
0.999999390811129
0.9999993855265703
0.9999993826788374
0.9999993822727459
0.9999993843034714
0.9999993887565932
0.9999993956081776
0.9999994048248958
0.9999994163641811
0.9999994301744208
0.9999994461951833
0.9999994643574803
0.9999994845840601
0.9999995067897353
0.9999995308817384
0.9999995567601085
0.9999995843181038
0.9999996134426404
0.9999996440147554
0.9999996759100908
0.9999997089993982
0.9999997431490617
0.9999997782216359
0.9999998140763976
0.9999998505699104
0.9999998875565964
0.999999924889316
0.999999962419953
1.0
1.0
0.9999999631810568
0.999999926604192
0.999999890412994
0.9999998547491527
0.9999998197519053
0.9999997855574945
0.9999997522986389
0.9999997201040187
0.9999996890977791
0.9999996593990526
0.9999996311215024
0.9999996043728893
0.9999995792546612
0.9999995558615705
0.9999995342813182
0.9999995145942258
0.9999994968729389
0.9999994811821604
0.9999994675784164
0.9999994561098553
0.9999994468160792
0.9999994397280106
0.9999994348677934
0.9999994322487287
0.9999994318752459
0.9999994337429075
0.9999994378384508
0.9999994441398639
0.9999994526164945
0.9999994632291939
0.9999994759304934
0.9999994906648146
0.9999995073687086
0.9999995259711268
0.999999546393722
0.9999995685511763
0.9999995923515551
0.9999996176966879
0.9999996444825714
0.9999996725997949
0.9999997019339865
0.9999997323662759
0.9999997637737768
0.9999997960300798
0.9999998290057623
0.999999862568905
0.9999998965856198
0.9999999309205825
0.9999999654375702
1.0
1.0
0.9999999665239869
0.999999933268073
0.9999999003628096
0.9999998679370221
0.999999836117306
0.9999998050275342
0.9999997747883749
0.9999997455168251
0.9999997173257583
0.9999996903234907
0.9999996646133654
0.9999996402933592
0.9999996174557093
0.9999995961865653
0.999999576565665
0.9999995586660375
0.9999995425537328
0.999999528287579
0.9999995159189701
0.9999995054916827
0.9999994970417234
0.9999994905972072
0.9999994861782672
0.9999994837969973
0.9999994834574243
0.9999994851555138
0.9999994888792075
0.9999994946084918
0.9999995023154973
0.9999995119646298
0.9999995235127307
0.9999995369092678
0.9999995520965523
0.9999995690099871
0.9999995875783383
0.9999996077240341
0.9999996293634872
0.9999996524074404
0.9999996767613328
0.9999997023256882
0.9999997289965183
0.9999997566657461
0.999999785221642
0.9999998145492743
0.9999998445309707
0.9999998750467897
0.9999999059749994
0.9999999371925621
0.9999999685756228
1.0
1.0
0.9999999699813602
0.9999999401600884
0.999999910653252
0.9999998815763715
0.9999998530429681
0.9999998251641208
0.9999997980480357
0.9999997717996263
0.9999997465201084
0.9999997223066115
0.9999996992518057
0.9999996774435483
0.9999996569645512
0.9999996378920658
0.9999996202975951
0.9999996042466257
0.9999995897983858
0.9999995770056279
0.9999995659144383
0.9999995565640721
0.9999995489868173
0.999999543207885
0.9999995392453294
0.999999537109995
0.9999995368054928
0.9999995383282049
0.9999995416673189
0.9999995468048878
0.9999995537159204
0.9999995623684987
0.9999995727239219
0.9999995847368761
0.9999995983556312
0.9999996135222612
0.9999996301728892
0.999999648237955
0.999999667642504
0.9999996883064978
0.9999997101451414
0.9999997330692324
0.9999997569855223
0.9999997817970965
0.9999998074037643
0.9999998337024641
0.999999860587677
0.9999998879518487
0.9999999156858197
0.9999999436792596
0.999999971821105
1.0
1.0
0.9999999735389438
0.9999999472518645
0.9999999212419565
0.9999998956110492
0.9999998704592102
0.9999998458843543
0.9999998219818637
0.9999997988442182
0.9999997765606387
0.9999997552167432
0.9999997348942196
0.999999715670513
0.9999996976185326
0.9999996808063746
0.9999996652970683
0.999999651148339
0.9999996384123959
0.9999996271357395
0.9999996173589942
0.9999996091167632
0.9999996024375076
0.9999995973434509
0.9999995938505077
0.9999995919682371
0.999999591699822
0.9999995930420739
0.9999995959854612
0.9999996005141639
0.9999996066061528
0.9999996142332928
0.999999623361469
0.9999996339507383
0.999999645955501
0.9999996593246958
0.9999996740020167
0.9999996899261467
0.9999997070310148
0.9999997252460673
0.9999997444965593
0.9999997647038594
0.9999997857857706
0.9999998076568635
0.9999998302288214
0.9999998534107972
0.9999998771097769
0.9999999012309528
0.9999999256781021
0.9999999503539702
0.9999999751606558
1.0
1.0
0.9999999771821829
0.9999999545143892
0.9999999320856048
0.9999999099836392
0.9999998882947824
0.9999998671034677
0.9999998464919452
0.9999998265399616
0.9999998073244534
0.9999997889192507
0.9999997713947942
0.9999997548178664
0.9999997392513379
0.9999997247539293
0.9999997113799917
0.9999996991793028
0.9999996881968832
0.9999996784728313
0.9999996700421783
0.9999996629347628
0.9999996571751276
0.9999996527824362
0.9999996497704121
0.9999996481472984
0.9999996479158396
0.9999996490732861
0.9999996516114187
0.9999996555165958
0.999999660769821
0.999999667346833
0.9999996752182141
0.9999996843495202
0.9999996947014305
0.9999997062299139
0.9999997188864161
0.9999997326180633
0.9999997473678808
0.9999997630750291
0.9999997796750545
0.9999997971001519
0.999999815279441
0.9999998341392549
0.9999998536034367
0.9999998735936472
0.9999998940296788
0.9999999148297773
0.9999999359109684
0.9999999571893873
0.9999999785806126
1.0
1.0
0.9999999808962622
0.9999999619181287
0.9999999431401008
0.9999999246356949
0.9999999064771554
0.9999998887351729
0.9999998714786091
0.9999998547742301
0.9999998386864501
0.9999998232770813
0.9999998086050984
0.9999997947264142
0.9999997816936655
0.9999997695560151
0.9999997583589672
0.9999997481441968
0.999999738949397
0.9999997308081391
0.9999997237497521
0.9999997177992179
0.9999997129770845
0.999999709299396
0.9999997067776422
0.9999997054187243
0.9999997052249403
0.999999706193988
0.9999997083189862
0.9999997115885134
0.9999997159866658
0.9999997214931309
0.9999997280832793
0.9999997357282733
0.9999997443951925
0.9999997540471728
0.9999997646435632
0.9999997761400959
0.9999997884890703
0.99999980163955
0.9999998155375722
0.9999998301263686
0.9999998453465961
0.9999998611365787
0.9999998774325556
0.999999894168939
0.9999999112785768
0.9999999286930219
0.9999999463428059
0.9999999641577145
0.9999999820670681
1.0
1.0
0.9999999846661654
0.9999999694331481
0.9999999543607481
0.9999999395079741
0.9999999249328138
0.9999999106920074
0.999999896840828
0.9999998834328665
0.9999998705198248
0.9999998581513176
0.9999998463746821
0.9999998352347966
0.9999998247739109
0.9999998150314863
0.9999998060440469
0.9999997978450442
0.9999997904647324
0.9999997839300583
0.9999997782645628
0.9999997734882982
0.9999997696177573
0.9999997666658184
0.9999997646417037
0.9999997635509527
0.9999997633954095
0.9999997641732269
0.9999997658788811
0.9999997685032047
0.9999997720334324
0.9999997764532599
0.9999997817429181
0.9999997878792605
0.9999997948358629
0.9999998025831357
0.9999998110884503
0.9999998203162744
0.9999998302283208
0.9999998407837045
0.9999998519391117
0.9999998636489766
0.9999998758656673
0.9999998885396785
0.9999999016198318
0.9999999150534822
0.9999999287867294
0.9999999427646341
0.9999999569314361
0.9999999712307774
0.9999999856059261
1.0
1.0
0.9999999884767335
0.9999999770292308
0.9999999657024307
0.9999999545406778
0.9999999435875497
0.9999999328856863
0.9999999224766248
0.9999999124006381
0.9999999026965803
0.9999998934017361
0.9999998845516792
0.9999998761801355
0.9999998683188552
0.9999998609974934
0.9999998542434974
0.9999998480820059
0.9999998425357547
0.9999998376249939
0.9999998333674149
0.9999998297780865
0.999999826869403
0.9999998246510419
0.9999998231299344
0.9999998223102429
0.9999998221933535
0.9999998227778777
0.9999998240596645
0.9999998260318248
0.9999998286847654
0.9999998320062338
0.9999998359813739
0.999999840592791
0.9999998458206276
0.9999998516426475
0.9999998580343302
0.9999998649689738
0.9999998724178051
0.9999998803500999
0.9999998887333083
0.9999998975331874
0.9999999067139426
0.9999999162383706
0.9999999260680117
0.9999999361633032
0.9999999464837396
0.9999999569880343
0.999999967634284
0.9999999783801361
0.999999989182957
1.0
1.0
0.9999999923127283
0.9999999846759989
0.9999999771197916
0.9999999696736888
0.9999999623667613
0.9999999552274546
0.9999999482834786
0.9999999415616998
0.999999935088038
0.9999999288873663
0.999999922983416
0.9999999173986859
0.9999999121543572
0.9999999072702126
0.9999999027645629
0.9999998986541779
0.9999998949542253
0.999999891678214
0.9999998888379458
0.9999998864434734
0.9999998845030652
0.9999998830231772
0.999999882008433
0.9999998814616096
0.9999998813836317
0.9999998817735729
0.999999882628664
0.9999998839443094
0.9999998857141092
0.9999998879298898
0.9999998905817407
0.9999998936580573
0.9999998971455928
0.9999999010295131
0.9999999052934606
0.999999909919622
0.9999999148888025
0.9999999201805057
0.9999999257730172
0.9999999316434935
0.9999999377680555
0.9999999441218848
0.9999999506793242
0.9999999574139814
0.9999999642988349
0.9999999713063417
0.9999999784085479
0.9999999855771998
0.999999992783856
1.0
1.0
0.9999999961588901
0.9999999923430348
0.999999988567414
0.9999999848468093
0.9999999811957465
0.9999999776284391
0.9999999741587327
0.9999999708000522
0.9999999675653484
0.9999999644670501
0.999999961517015
0.999999958726485
0.9999999561060438
0.9999999536655764
0.9999999514142319
0.9999999493603902
0.9999999475116296
0.9999999458747005
0.9999999444554997
0.9999999432590502
0.9999999422894837
0.999999941550026
0.9999999410429874
0.9999999407697554
0.9999999407307919
0.9999999409256345
0.999999941352899
0.9999999420102893
0.9999999428946077
0.9999999440017701
0.9999999453268241
0.9999999468639716
0.9999999486065932
0.9999999505472773
0.9999999526778499
0.9999999549894104
0.9999999574723679
0.9999999601164807
0.9999999629108988
0.999999965844208
0.9999999689044765
0.9999999720793034
0.9999999753558683
0.999999978720984
0.9999999821611484
0.9999999856625993
0.9999999892113687
0.999999992793339
0.999999996394299
1.0
1.0
1.0
1.0
1.0
1.0
1.0
1.0
1.0
1.0
1.0
1.0
1.0
1.0
1.0
1.0
1.0
1.0
1.0
1.0
1.0
1.0
1.0
1.0
1.0
1.0
1.0
1.0
1.0
1.0
1.0
1.0
1.0
1.0
1.0
1.0
1.0
1.0
1.0
1.0
1.0
1.0
1.0
1.0
1.0
1.0
1.0
1.0
1.0
1.0
1.0
1.0
