1.0
1.0
1.0
1.0
1.0
1.0
1.0
1.0
1.0
1.0
1.0
1.0
1.0
1.0
1.0
1.0
1.0
1.0
1.0
1.0
1.0
1.0
1.0
1.0
1.0
1.0
1.0
1.0
1.0
1.0
1.0
1.0
1.0
1.0
1.0
1.0
1.0
1.0
1.0
1.0
1.0
1.0
1.0
1.0
1.0
1.0
1.0
1.0
1.0
1.0
1.0
1.0
0.9999999999564981
0.9999999999132823
0.9999999998705222
0.9999999998283851
0.9999999997870357
0.9999999997466347
0.9999999997073393
0.9999999996693011
0.999999999632667
0.9999999995975776
0.9999999995641675
0.999999999532564
0.9999999995028865
0.9999999994752472
0.99999999944975
0.9999999994264894
0.9999999994055517
0.9999999993870128
0.99999999937094
0.9999999993573896
0.9999999993464093
0.9999999993380345
0.9999999993322922
0.9999999993291978
0.9999999993287566
0.9999999993309632
0.9999999993358023
0.9999999993432473
0.9999999993532623
0.9999999993658015
0.999999999380808
0.9999999993982166
0.9999999994179524
0.9999999994399313
0.9999999994640608
0.99999999949024
0.9999999995183603
0.9999999995483057
0.9999999995799533
0.9999999996131741
0.9999999996478326
0.9999999996837885
0.9999999997208968
0.9999999997590078
0.9999999997979687
0.9999999998376239
0.999999999877815
0.999999999918382
0.9999999999591643
1.0
1.0
0.9999999999133962
0.9999999998273619
0.9999999997422347
0.9999999996583481
0.9999999995760294
0.9999999994955991
0.9999999994173692
0.9999999993416427
0.9999999992687113
0.9999999991988554
0.9999999991323423
0.9999999990694255
0.9999999990103435
0.9999999989553195
0.9999999989045595
0.9999999988582524
0.9999999988165692
0.9999999987796622
0.999999998747664
0.9999999987206883
0.9999999986988279
0.9999999986821558
0.9999999986707239
0.9999999986645635
0.999999998663685
0.9999999986680781
0.9999999986777114
0.9999999986925333
0.9999999987124715
0.9999999987374341
0.9999999987673096
0.9999999988019668
0.9999999988412569
0.9999999988850125
0.9999999989330496
0.9999999989851672
0.9999999990411491
0.9999999991007646
0.999999999163769
0.999999999229905
0.9999999992989036
0.9999999993704847
0.9999999994443599
0.9999999995202316
0.9999999995977954
0.9999999996767411
0.9999999997567535
0.9999999998375146
0.9999999999187038
1.0
1.0
0.9999999998708621
0.9999999997425735
0.9999999996156373
0.9999999994905511
0.9999999993678028
0.9999999992478703
0.9999999991312193
0.9999999990183007
0.9999999989095504
0.9999999988053859
0.999999998706206
0.9999999986123888
0.9999999985242897
0.9999999984422414
0.9999999983665514
0.9999999982975013
0.9999999982353461
0.9999999981803128
0.9999999981325994
0.9999999980923748
0.9999999980597782
0.9999999980349178
0.9999999980178711
0.9999999980086852
0.9999999980073754
0.9999999980139259
0.9999999980282904
0.9999999980503917
0.9999999980801225
0.9999999981173452
0.9999999981618933
0.9999999982135719
0.9999999982721587
0.9999999983374043
0.9999999984090339
0.9999999984867483
0.9999999985702249
0.9999999986591197
0.9999999987530678
0.9999999988516856
0.9999999989545713
0.9999999990613087
0.9999999991714664
0.9999999992846013
0.9999999994002592
0.9999999995179777
0.9999999996372871
0.9999999997577126
0.9999999998787766
1.0
1.0
0.9999999998290607
0.9999999996592454
0.9999999994912205
0.9999999993256442
0.9999999991631627
0.9999999990044084
0.9999999988499977
0.9999999987005279
0.9999999985565754
0.9999999984186932
0.999999998287409
0.9999999981632234
0.9999999980466071
0.9999999979380001
0.9999999978378094
0.999999997746408
0.9999999976641336
0.9999999975912861
0.9999999975281281
0.9999999974748832
0.9999999974317351
0.9999999973988273
0.9999999973762626
0.9999999973641032
0.9999999973623693
0.9999999973710403
0.9999999973900545
0.9999999974193101
0.9999999974586646
0.9999999975079361
0.9999999975669043
0.9999999976353112
0.9999999977128622
0.9999999977992275
0.9999999978940435
0.9999999979969137
0.9999999981074117
0.9999999982250812
0.9999999983494402
0.9999999984799799
0.9999999986161696
0.9999999987574575
0.9999999989032731
0.9999999990530293
0.9999999992061254
0.9999999993619489
0.9999999995198781
0.9999999996792851
0.9999999998395371
1.0
1.0
0.9999999997881528
0.9999999995776985
0.9999999993694633
0.9999999991642622
0.9999999989628969
0.9999999987661506
0.9999999985747874
0.9999999983895476
0.9999999982111454
0.9999999980402663
0.9999999978775643
0.9999999977236594
0.9999999975791352
0.9999999974445373
0.9999999973203697
0.999999997207095
0.9999999971051311
0.9999999970148504
0.9999999969365778
0.9999999968705907
0.9999999968171166
0.9999999967763337
0.999999996748369
0.9999999967332998
0.9999999967311507
0.9999999967418969
0.9999999967654616
0.9999999968017184
0.9999999968504909
0.9999999969115536
0.9999999969846337
0.9999999970694111
0.9999999971655211
0.9999999972725548
0.9999999973900614
0.9999999975175498
0.9999999976544913
0.9999999978003208
0.9999999979544402
0.9999999981162198
0.9999999982850015
0.9999999984601013
0.9999999986408125
0.9999999988264073
0.9999999990161411
0.9999999992092553
0.9999999994049789
0.9999999996025339
0.9999999998011361
1.0
1.0
0.9999999997482952
0.999999999498245
0.9999999992508316
0.9999999990070233
0.999999998767772
0.9999999985340093
0.9999999983066422
0.9999999980865506
0.999999997874583
0.9999999976715541
0.9999999974782408
0.9999999972953796
0.9999999971236642
0.9999999969637423
0.9999999968162134
0.9999999966816266
0.9999999965604789
0.9999999964532125
0.9999999963602134
0.9999999962818111
0.9999999962182763
0.9999999961698202
0.9999999961365943
0.9999999961186896
0.9999999961161364
0.9999999961289044
0.9999999961569025
0.9999999961999809
0.9999999962579295
0.9999999963304809
0.9999999964173104
0.9999999965180384
0.999999996632231
0.9999999967594024
0.999999996899017
0.9999999970504917
0.9999999972131979
0.9999999973864644
0.9999999975695804
0.9999999977617977
0.9999999979623347
0.9999999981703787
0.9999999983850894
0.9999999986056027
0.999999998831034
0.9999999990604813
0.9999999992930293
0.999999999527753
0.9999999997637211
1.0
1.0
0.9999999997096392
0.9999999994211873
0.9999999991357769
0.9999999988545254
0.9999999985785308
0.9999999983088675
0.9999999980465821
0.9999999977926897
0.9999999975481688
0.9999999973139594
0.9999999970909578
0.9999999968800134
0.9999999966819264
0.9999999964974443
0.9999999963272586
0.9999999961720025
0.9999999960322494
0.9999999959085092
0.9999999958012276
0.9999999957107845
0.9999999956374921
0.9999999955815944
0.9999999955432658
0.9999999955226114
0.9999999955196661
0.9999999955343948
0.999999995566693
0.9999999956163871
0.9999999956832352
0.9999999957669288
0.9999999958670935
0.9999999959832908
0.9999999961150206
0.9999999962617225
0.9999999964227788
0.9999999965975164
0.9999999967852103
0.9999999969850867
0.9999999971963248
0.9999999974180623
0.9999999976493971
0.9999999978893915
0.9999999981370769
0.9999999983914559
0.9999999986515081
0.9999999989161932
0.9999999991844551
0.9999999994552268
0.9999999997274343
1.0
1.0
0.999999999672331
0.9999999993468164
0.9999999990247339
0.999999998707345
0.9999999983958882
0.9999999980915761
0.9999999977955901
0.9999999975090755
0.9999999972331365
0.9999999969688339
0.9999999967171791
0.9999999964791308
0.999999996255592
0.999999996047406
0.9999999958553533
0.9999999956801489
0.9999999955224388
0.9999999953827993
0.9999999952617334
0.9999999951596693
0.9999999950769598
0.9999999950138798
0.9999999949706265
0.9999999949473182
0.9999999949439944
0.9999999949606155
0.9999999949970637
0.999999995053143
0.9999999951285803
0.9999999952230276
0.9999999953360622
0.9999999954671898
0.9999999956158452
0.9999999957813966
0.9999999959631469
0.9999999961603362
0.9999999963721468
0.9999999965977048
0.9999999968360848
0.9999999970863129
0.9999999973473715
0.9999999976182026
0.9999999978977127
0.9999999981847764
0.9999999984782423
0.9999999987769362
0.9999999990796669
0.9999999993852298
0.9999999996924126
1.0
1.0
0.9999999996365108
0.9999999992754115
0.99999999891812
0.9999999985660344
0.9999999982205299
0.9999999978829511
0.9999999975546084
0.9999999972367726
0.9999999969306685
0.999999996637473
0.9999999963583076
0.9999999960942363
0.9999999958462608
0.9999999956153164
0.9999999954022689
0.9999999952079114
0.9999999950329608
0.9999999948780562
0.9999999947437556
0.9999999946305341
0.9999999945387831
0.9999999944688072
0.9999999944208254
0.9999999943949692
0.9999999943912821
0.9999999944097202
0.9999999944501529
0.9999999945123624
0.9999999945960465
0.9999999947008186
0.9999999948262099
0.9999999949716721
0.9999999951365783
0.9999999953202275
0.9999999955218462
0.9999999957405918
0.9999999959755571
0.9999999962257727
0.999999996490212
0.9999999967677944
0.9999999970573915
0.9999999973578294
0.9999999976678948
0.9999999979863399
0.9999999983118868
0.9999999986432335
0.9999999989790579
0.9999999993180243
0.9999999996587877
1.0
1.0
0.9999999996023121
0.9999999992072389
0.9999999988163317
0.9999999984311204
0.9999999980531091
0.9999999976837693
0.9999999973245347
0.9999999969767952
0.9999999966418915
0.9999999963211108
0.9999999960156802
0.9999999957267639
0.9999999954554577
0.9999999952027849
0.999999994969693
0.9999999947570495
0.9999999945656388
0.9999999943961599
0.9999999942492236
0.9999999941253499
0.9999999940249663
0.9999999939484068
0.9999999938959108
0.999999993867622
0.999999993863588
0.9999999938837608
0.9999999939279974
0.99999999399606
0.9999999940876175
0.9999999942022471
0.9999999943394358
0.9999999944985837
0.9999999946790051
0.999999994879933
0.9999999951005208
0.9999999953398473
0.999999995596919
0.999999995870676
0.9999999961599948
0.9999999964636938
0.9999999967805373
0.9999999971092417
0.9999999974484796
0.9999999977968853
0.9999999981530614
0.9999999985155826
0.9999999988830031
0.999999999253861
0.999999999626685
1.0
1.0
0.9999999995698611
0.9999999991425503
0.9999999987197451
0.9999999983031009
0.9999999978942442
0.9999999974947665
0.9999999971062187
0.9999999967301039
0.9999999963678724
0.999999996020916
0.9999999956905626
0.9999999953780709
0.9999999950846264
0.9999999948113357
0.9999999945592237
0.9999999943292285
0.9999999941221989
0.9999999939388908
0.9999999937799646
0.9999999936459827
0.999999993537408
0.9999999934546012
0.9999999933978215
0.9999999933672244
0.9999999933628613
0.9999999933846802
0.9999999934325265
0.999999993506143
0.9999999936051714
0.9999999937291546
0.999999993877538
0.9999999940496721
0.9999999942448159
0.9999999944621393
0.9999999947007271
0.9999999949595821
0.9999999952376307
0.9999999955337261
0.9999999958466533
0.9999999961751339
0.9999999965178317
0.9999999968733579
0.9999999972402773
0.9999999976171128
0.9999999980023526
0.9999999983944554
0.999999998791857
0.9999999991929766
0.9999999995962229
1.0
1.0
0.9999999995392765
0.9999999990815822
0.9999999986287139
0.9999999981824447
0.9999999977445168
0.9999999973166347
0.9999999969004595
0.9999999964976015
0.9999999961096138
0.9999999957379875
0.9999999953841447
0.9999999950494338
0.9999999947351241
0.9999999944424015
0.9999999941723632
0.9999999939260145
0.9999999937042645
0.9999999935079223
0.9999999933376958
0.9999999931941874
0.9999999930778926
0.999999992989198
0.999999992928381
0.9999999928956083
0.9999999928909348
0.9999999929143052
0.9999999929655536
0.9999999930444045
0.9999999931504742
0.9999999932832732
0.999999993442207
0.9999999936265807
0.9999999938355999
0.9999999940683759
0.999999994323928
0.9999999946011888
0.9999999948990078
0.9999999952161568
0.9999999955513343
0.999999995903171
0.9999999962702358
0.9999999966510416
0.9999999970440503
0.9999999974476803
0.999999997860312
0.9999999982802948
0.9999999987059534
0.9999999991355941
0.9999999995675127
1.0
1.0
0.9999999995106691
0.9999999990245557
0.9999999985435679
0.9999999980695891
0.999999997604469
0.999999997150019
0.9999999967080027
0.9999999962801303
0.9999999958680518
0.9999999954733503
0.9999999950975368
0.9999999947420429
0.9999999944082171
0.9999999940973185
0.9999999938105132
0.9999999935488683
0.9999999933133491
0.9999999931048159
0.9999999929240198
0.9999999927716006
0.9999999926480845
0.9999999925538828
0.9999999924892896
0.9999999924544818
0.9999999924495182
0.9999999924743398
0.9999999925287701
0.9999999926125173
0.999999992725173
0.9999999928662175
0.9999999930350201
0.9999999932308418
0.9999999934528396
0.9999999937000691
0.9999999939714891
0.9999999942659655
0.9999999945822768
0.9999999949191182
0.9999999952751073
0.9999999956487904
0.9999999960386471
0.9999999964430979
0.9999999968605094
0.9999999972892015
0.9999999977274543
0.9999999981735147
0.9999999986256032
0.9999999990819213
0.9999999995406585
1.0
1.0
0.9999999994841414
0.999999998971675
0.999999998464612
0.9999999979649375
0.9999999974746026
0.9999999969955159
0.9999999965295371
0.9999999960784688
0.9999999956440508
0.9999999952279518
0.9999999948317645
0.9999999944569987
0.9999999941050756
0.9999999937773227
0.999999993474969
0.9999999931991398
0.9999999929508526
0.9999999927310144
0.9999999925404169
0.9999999923797348
0.9999999922495229
0.9999999921502143
0.9999999920821194
0.9999999920454246
0.9999999920401919
0.9999999920663589
0.9999999921237404
0.9999999922120273
0.9999999923307904
0.9999999924794812
0.9999999926574351
0.9999999928638726
0.9999999930979054
0.9999999933585375
0.9999999936446716
0.9999999939551123
0.9999999942885714
0.9999999946436737
0.9999999950189618
0.9999999954129029
0.9999999958238945
0.9999999962502713
0.9999999966903115
0.9999999971422437
0.9999999976042552
0.9999999980744974
0.9999999985510944
0.9999999990321504
0.9999999995157569
1.0
1.0
0.9999999994597873
0.9999999989231265
0.9999999983921246
0.9999999978688602
0.999999997355376
0.9999999968536712
0.9999999963656929
0.9999999958933294
0.999999995438402
0.9999999950026585
0.9999999945877668
0.9999999941953078
0.9999999938267701
0.9999999934835438
0.9999999931669157
0.9999999928780642
0.9999999926180553
0.9999999923878383
0.9999999921882425
0.9999999920199742
0.999999991883615
0.999999991779618
0.9999999917083083
0.9999999916698811
0.9999999916644012
0.9999999916918038
0.9999999917518941
0.9999999918443492
0.9999999919687191
0.9999999921244299
0.9999999923107852
0.9999999925269689
0.9999999927720503
0.9999999930449873
0.9999999933446301
0.999999993669727
0.999999994018929
0.9999999943907961
0.9999999947838019
0.9999999951963414
0.9999999956267365
0.9999999960732429
0.9999999965340576
0.9999999970073261
0.9999999974911495
0.9999999979835923
0.9999999984826901
0.9999999989864573
0.9999999994928952
1.0
1.0
0.9999999994376912
0.9999999988790796
0.9999999983263581
0.9999999977816906
0.9999999972472037
0.9999999967249775
0.9999999962170395
0.999999995725355
0.9999999952518198
0.9999999947982532
0.9999999943663913
0.9999999939578798
0.9999999935742677
0.9999999932170025
0.9999999928874234
0.9999999925867571
0.9999999923161133
0.9999999920764796
0.9999999918687197
0.999999991693569
0.9999999915516321
0.9999999914433814
0.9999999913691551
0.999999991329156
0.9999999913234521
0.9999999913519754
0.9999999914145237
0.9999999915107604
0.9999999916402175
0.9999999918022973
0.9999999919962747
0.9999999922213011
0.999999992476407
0.999999992760508
0.999999993072407
0.9999999934108013
0.9999999937742867
0.9999999941613639
0.9999999945704449
0.9999999949998583
0.9999999954478577
0.9999999959126276
0.999999996392291
0.9999999968849176
0.9999999973885307
0.9999999979011156
0.9999999984206279
0.9999999989450006
0.9999999994721532
1.0
1.0
0.9999999994179284
0.9999999988396836
0.9999999982675363
0.9999999977037257
0.9999999971504536
0.9999999966098733
0.9999999960840834
0.9999999955751182
0.99999999508494
0.9999999946154323
0.999999994168392
0.9999999937455228
0.9999999933484285
0.9999999929786066
0.9999999926374443
0.999999992326211
0.9999999920460548
0.999999991797999
0.9999999915829373
0.9999999914016308
0.9999999912547054
0.99999999114265
0.9999999910658147
0.9999999910244101
0.9999999910185057
0.9999999910480314
0.9999999911127778
0.9999999912123968
0.9999999913464038
0.9999999915141802
0.9999999917149752
0.9999999919479102
0.9999999922119823
0.9999999925060683
0.9999999928289295
0.9999999931792171
0.9999999935554775
0.9999999939561589
0.9999999943796174
0.999999994824123
0.9999999952878679
0.9999999957689726
0.9999999962654942
0.9999999967754345
0.9999999972967478
0.9999999978273482
0.9999999983651192
0.9999999989079216
0.9999999994536014
1.0
1.0
0.9999999994005643
0.9999999988050698
0.9999999982158544
0.9999999976352247
0.9999999970654476
0.9999999965087414
0.9999999959672663
0.9999999954431178
0.9999999949383169
0.9999999944548031
0.9999999939944272
0.9999999935589431
0.9999999931500028
0.999999992769149
0.9999999924178093
0.9999999920972913
0.9999999918087777
0.9999999915533221
0.9999999913318448
0.9999999911451296
0.9999999909938211
0.999999990878423
0.9999999907992957
0.9999999907566558
0.9999999907505752
0.9999999907809818
0.9999999908476597
0.9999999909502505
0.9999999910882552
0.9999999912610366
0.9999999914678216
0.9999999917077054
0.9999999919796551
0.999999992282514
0.9999999926150066
0.9999999929757436
0.9999999933632284
0.9999999937758629
0.9999999942119537
0.9999999946697196
0.9999999951472984
0.9999999956427551
0.9999999961540886
0.9999999966792414
0.9999999972161061
0.9999999977625351
0.9999999983163486
0.9999999988753433
0.9999999994373017
1.0
1.0
0.9999999993856551
0.9999999987753494
0.999999998171479
0.999999997576408
0.9999999969924593
0.9999999964219065
0.999999995866964
0.9999999953297788
0.9999999948124225
0.9999999943168828
0.9999999938450563
0.9999999933987408
0.9999999929796295
0.9999999925893029
0.9999999922292246
0.9999999919007347
0.9999999916050453
0.999999991343236
0.99999999111625
0.9999999909248909
0.9999999907698192
0.9999999906515508
0.9999999905704554
0.9999999905267549
0.999999990520523
0.9999999905516859
0.9999999906200223
0.9999999907251649
0.9999999908666021
0.9999999910436809
0.999999991255609
0.9999999915014591
0.9999999917801727
0.9999999920905644
0.9999999924313266
0.9999999928010359
0.9999999931981582
0.9999999936210558
0.9999999940679931
0.9999999945371446
0.9999999950266019
0.9999999955343813
0.9999999960584329
0.9999999965966474
0.9999999971468648
0.9999999977068847
0.9999999982744725
0.9999999988473708
0.9999999994233063
1.0
1.0
0.9999999993732466
0.999999998750614
0.9999999981345468
0.9999999975274563
0.9999999969317132
0.9999999963496365
0.9999999957834853
0.9999999952354501
0.9999999947076442
0.9999999942020957
0.9999999937207392
0.9999999932654091
0.9999999928378326
0.9999999924396222
0.9999999920722711
0.9999999917371464
0.9999999914354846
0.9999999911683873
0.9999999909368168
0.9999999907415924
0.9999999905833886
0.9999999904627315
0.9999999903799982
0.9999999903354149
0.9999999903290573
0.9999999903608495
0.9999999904305662
0.9999999905378325
0.9999999906821264
0.9999999908627819
0.9999999910789905
0.9999999913298062
0.9999999916141494
0.9999999919308102
0.9999999922784553
0.999999992655632
0.9999999930607754
0.9999999934922145
0.9999999939481791
0.9999999944268063
0.9999999949261497
0.9999999954441853
0.9999999959788215
0.9999999965279067
0.9999999970892377
0.9999999976605686
0.9999999982396205
0.9999999988240901
0.9999999994116583
1.0
1.0
0.9999999993633746
0.999999998730935
0.999999998105164
0.9999999974885113
0.9999999968833846
0.9999999962921395
0.9999999957170711
0.9999999951604036
0.9999999946242843
0.9999999941107729
0.9999999936218346
0.9999999931593327
0.9999999927250214
0.9999999923205388
0.9999999919474014
0.9999999916069982
0.9999999913005848
0.9999999910292805
0.9999999907940624
0.9999999905957633
0.9999999904350674
0.99999999031251
0.9999999902284734
0.9999999901831881
0.9999999901767302
0.9999999902090234
0.9999999902798382
0.999999990388794
0.9999999905353606
0.9999999907188615
0.9999999909384757
0.9999999911932422
0.999999991482064
0.9999999918037126
0.9999999921568333
0.9999999925399509
0.9999999929514757
0.9999999933897104
0.9999999938528569
0.9999999943390229
0.9999999948462313
0.9999999953724267
0.999999995915484
0.9999999964732178
0.9999999970433902
0.9999999976237203
0.9999999982118929
0.9999999988055684
0.9999999994023914
1.0
1.0
0.9999999993560648
0.9999999987163634
0.9999999980834071
0.9999999974596738
0.999999996847599
0.999999996249565
0.9999999956678933
0.9999999951048343
0.9999999945625592
0.9999999940431514
0.999999993548599
0.9999999930807865
0.9999999926414881
0.9999999922323612
0.9999999918549396
0.9999999915106276
0.999999991200696
0.9999999909262766
0.9999999906883577
0.9999999904877814
0.9999999903252406
0.9999999902012758
0.9999999901162745
0.9999999900704691
0.9999999900639371
0.999999990096601
0.9999999901682288
0.9999999902784357
0.9999999904266853
0.9999999906122932
0.999999990834429
0.9999999910921209
0.999999991384259
0.9999999917096007
0.999999992066776
0.9999999924542927
0.9999999928705428
0.9999999933138095
0.9999999937822739
0.9999999942740222
0.9999999947870546
0.9999999953192918
0.9999999958685847
0.9999999964327224
0.9999999970094416
0.9999999975964353
0.9999999981913615
0.9999999987918536
0.9999999993955295
1.0
1.0
0.9999999993513323
0.9999999987069297
0.9999999980693216
0.9999999974410044
0.9999999968244313
0.9999999962220023
0.9999999956360558
0.9999999950688587
0.9999999945225982
0.9999999939993732
0.9999999935011863
0.9999999930299358
0.999999992587409
0.9999999921752754
0.9999999917950797
0.9999999914482374
0.9999999911360282
0.9999999908595919
0.9999999906199245
0.9999999904178742
0.9999999902541389
0.999999990129263
0.9999999900436369
0.999999989997495
0.999999989990915
0.9999999900238189
0.9999999900959732
0.9999999902069899
0.999999990356329
0.9999999905433009
0.9999999907670695
0.999999991026655
0.9999999913209401
0.999999991648673
0.9999999920084731
0.9999999923988377
0.999999992818147
0.9999999932646714
0.9999999937365786
0.999999994231941
0.9999999947487437
0.9999999952848925
0.9999999958382221
0.9999999964065059
0.9999999969874636
0.999999997578771
0.9999999981780696
0.999999998782975
0.9999999993910872
1.0
1.0
0.9999999993491826
0.9999999987026442
0.999999998062923
0.9999999974325234
0.9999999968139068
0.9999999962094813
0.9999999956215928
0.9999999950525159
0.9999999945044451
0.999999993979486
0.9999999934796479
0.9999999930068355
0.9999999925628422
0.9999999921493427
0.999999991767887
0.9999999914198952
0.9999999911066513
0.9999999908292989
0.9999999905888372
0.9999999903861172
0.9999999902218392
0.9999999900965495
0.9999999900106396
0.9999999899643446
0.9999999899577429
0.9999999899907559
0.9999999900631492
0.9999999901745339
0.999999990324368
0.9999999905119596
0.9999999907364697
0.9999999909969156
0.9999999912921761
0.9999999916209952
0.9999999919819877
0.9999999923736461
0.999999992794345
0.9999999932423493
0.9999999937158206
0.9999999942128245
0.99999999473134
0.9999999952692656
0.9999999958244291
0.9999999963945964
0.9999999969774794
0.9999999975707468
0.9999999981720313
0.9999999987789414
0.999999999389069
1.0
1.0
0.99999999934961
0.9999999987034968
0.999999998064196
0.9999999974342108
0.9999999968160006
0.9999999962119721
0.9999999956244701
0.9999999950557673
0.9999999945080565
0.9999999939834425
0.9999999934839329
0.9999999930114312
0.9999999925677295
0.9999999921545019
0.9999999917732968
0.9999999914255338
0.9999999911124956
0.9999999908353256
0.9999999905950219
0.9999999903924351
0.9999999902282651
0.9999999901030577
0.9999999900172043
0.9999999899709396
0.9999999899643423
0.9999999899973337
0.9999999900696794
0.9999999901809911
0.9999999903307265
0.999999990518195
0.9999999907425574
0.9999999910028322
0.9999999912978986
0.9999999916265017
0.999999991987257
0.9999999923786581
0.9999999927990805
0.9999999932467905
0.9999999937199503
0.9999999942166279
0.9999999947348025
0.9999999952723746
0.9999999958271734
0.9999999963969658
0.999999996979466
0.9999999975723431
0.9999999981732326
0.999999998779744
0.9999999993894705
1.0
1.0
0.9999999993526001
0.9999999987094569
0.9999999980730953
0.9999999974460062
0.9999999968306382
0.9999999962293865
0.9999999956445853
0.9999999950784969
0.9999999945333042
0.9999999940111018
0.9999999935138887
0.9999999930435592
0.9999999926018975
0.9999999921905693
0.9999999918111169
0.9999999914649526
0.9999999911533534
0.9999999908774576
0.9999999906382586
0.9999999904366034
0.9999999902731879
0.9999999901485561
0.9999999900630973
0.9999999900170454
0.9999999900104783
0.9999999900433181
0.9999999901153314
0.9999999902261312
0.9999999903751784
0.9999999905617848
0.9999999907851159
0.9999999910441943
0.9999999913379042
0.9999999916649964
0.9999999920240934
0.9999999924136952
0.999999992832185
0.9999999932778363
0.9999999937488211
0.9999999942432153
0.9999999947590077
0.9999999952941085
0.9999999958463568
0.9999999964135298
0.9999999969933521
0.9999999975835038
0.9999999981816309
0.9999999987853536
0.9999999993922772
1.0
1.0
0.999999999358127
0.9999999987204747
0.9999999980895458
0.9999999974678103
0.9999999968576959
0.9999999962615775
0.9999999956817689
0.9999999951205132
0.9999999945799749
0.9999999940622308
0.9999999935692625
0.9999999931029485
0.9999999926650572
0.9999999922572408
0.9999999918810277
0.9999999915378186
0.9999999912288797
0.9999999909553393
0.9999999907181826
0.9999999905182488
0.9999999903562286
0.9999999902326606
0.9999999901479315
0.9999999901022727
0.9999999900957618
0.9999999901283211
0.9999999901997195
0.9999999903095734
0.9999999904573482
0.9999999906423616
0.999999990863786
0.9999999911206524
0.9999999914118549
0.9999999917361547
0.9999999920921862
0.9999999924784617
0.9999999928933785
0.9999999933352255
0.9999999938021893
0.9999999942923626
0.9999999948037516
0.9999999953342842
0.9999999958818178
0.9999999964441486
0.9999999970190208
0.9999999976041343
0.9999999981971548
0.9999999987957234
0.9999999993974656
1.0
1.0
0.999999999366156
0.9999999987364798
0.9999999981134431
0.9999999974994846
0.9999999968970018
0.99999999630834
0.999999995735784
0.999999995181549
0.9999999946477721
0.9999999941365043
0.9999999936497025
0.9999999931892213
0.9999999927568076
0.9999999923540924
0.9999999919825854
0.9999999916436693
0.9999999913385949
0.9999999910684759
0.9999999908342857
0.9999999906368526
0.999999990476859
0.9999999903548369
0.9999999902711676
0.99999999022608
0.9999999902196506
0.9999999902518025
0.999999990322308
0.9999999904307876
0.999999990576714
0.999999990759413
0.9999999909780677
0.9999999912317211
0.9999999915192811
0.9999999918395244
0.9999999921911022
0.9999999925725459
0.9999999929822728
0.9999999934185929
0.9999999938797155
0.9999999943637575
0.9999999948687497
0.9999999953926461
0.9999999959333307
0.9999999964886277
0.9999999970563089
0.9999999976341032
0.9999999982197061
0.9999999988107875
0.9999999994050027
1.0
1.0
0.9999999993766422
0.999999998757383
0.9999999981446535
0.9999999975408524
0.9999999969483369
0.9999999963694137
0.9999999958063298
0.9999999952612638
0.9999999947363176
0.999999994233508
0.9999999937547596
0.9999999933018966
0.9999999928766364
0.9999999924805837
0.9999999921152228
0.9999999917819137
0.9999999914818862
0.9999999912162361
0.9999999909859201
0.9999999907917534
0.9999999906344067
0.9999999905144034
0.9999999904321182
0.9999999903877766
0.9999999903814535
0.9999999904130735
0.9999999904824125
0.9999999905890975
0.9999999907326097
0.9999999909122863
0.9999999911273235
0.9999999913767805
0.9999999916595831
0.9999999919745285
0.99999999232029
0.9999999926954233
0.9999999930983717
0.9999999935274733
0.9999999939809675
0.9999999944570016
0.9999999949536393
0.9999999954688685
0.9999999960006084
0.9999999965467187
0.9999999971050083
0.9999999976732439
0.9999999982491585
0.9999999988304614
0.999999999414846
1.0
1.0
0.9999999993895311
0.9999999987830762
0.999999998183016
0.9999999975916993
0.999999997011435
0.9999999964444821
0.999999995893041
0.9999999953592452
0.9999999948451532
0.9999999943527401
0.9999999938838905
0.9999999934403911
0.9999999930239241
0.9999999926360602
0.999999992278254
0.9999999919518364
0.9999999916580127
0.9999999913978553
0.9999999911723015
0.9999999909821495
0.9999999908280562
0.9999999907105342
0.9999999906299504
0.9999999905865258
0.9999999905803333
0.9999999906112997
0.9999999906792049
0.9999999907836841
0.9999999909242289
0.9999999911001902
0.9999999913107812
0.9999999915550802
0.9999999918320355
0.9999999921404688
0.999999992479081
0.9999999928464577
0.9999999932410746
0.9999999936613038
0.9999999941054213
0.9999999945716126
0.9999999950579815
0.9999999955625575
0.9999999960833025
0.999999996618121
0.999999997164867
0.9999999977213534
0.9999999982853601
0.9999999988546435
0.9999999994269452
1.0
1.0
0.9999999994047597
0.9999999988134329
0.9999999982283414
0.9999999976517756
0.9999999970859863
0.9999999965331761
0.9999999959954909
0.9999999954750111
0.9999999949737431
0.9999999944936135
0.9999999940364596
0.9999999936040236
0.9999999931979454
0.999999992819757
0.9999999924708763
0.9999999921526017
0.9999999918661073
0.9999999916124397
0.9999999913925126
0.999999991207104
0.9999999910568546
0.9999999909422641
0.9999999908636906
0.999999990821349
0.9999999908153112
0.9999999908455053
0.9999999909117165
0.9999999910135893
0.9999999911506281
0.9999999913222001
0.9999999915275377
0.9999999917657427
0.9999999920357889
0.9999999923365283
0.9999999926666937
0.999999993024906
0.999999993409679
0.9999999938194256
0.9999999942524642
0.9999999947070262
0.9999999951812626
0.9999999956732514
0.9999999961810062
0.9999999967024834
0.9999999972355906
0.9999999977781953
0.9999999983281326
0.999999998883215
0.9999999994412401
1.0
1.0
0.999999999422255
0.9999999988483088
0.9999999982804144
0.9999999977207954
0.999999997171636
0.9999999966350742
0.9999999961131929
0.9999999956080111
0.9999999951214767
0.9999999946554593
0.9999999942117423
0.9999999937920165
0.999999993397874
0.9999999930308017
0.9999999926921754
0.9999999923832555
0.999999992105182
0.9999999918589701
0.999999991645507
0.9999999914655483
0.999999991319715
0.9999999912084925
0.9999999911322285
0.9999999910911315
0.999999991085271
0.9999999911145776
0.9999999911788429
0.9999999912777213
0.9999999914107323
0.9999999915772613
0.9999999917765635
0.999999992007767
0.9999999922698761
0.9999999925617759
0.999999992882237
0.9999999932299206
0.9999999936033843
0.9999999940010873
0.999999994421398
0.9999999948625994
0.9999999953228965
0.9999999958004249
0.9999999962932555
0.9999999967994052
0.9999999973168433
0.9999999978434994
0.9999999983772727
0.9999999989160399
0.9999999994576634
1.0
1.0
0.9999999994419366
0.9999999988875431
0.9999999983389947
0.99999999779844
0.9999999972679884
0.9999999967497056
0.9999999962456029
0.9999999957576308
0.999999995287671
0.9999999948375291
0.999999994408928
0.999999994003501
0.9999999936227855
0.999999993268218
0.9999999929411275
0.9999999926427313
0.9999999923741308
0.9999999921363066
0.9999999919301156
0.9999999917562874
0.999999991615422
0.9999999915079885
0.9999999914343224
0.9999999913946257
0.9999999913889649
0.9999999914172731
0.9999999914793489
0.9999999915748591
0.9999999917033388
0.9999999918641946
0.9999999920567073
0.9999999922800346
0.9999999925332145
0.9999999928151703
0.9999999931247143
0.9999999934605536
0.9999999938212946
0.9999999942054493
0.9999999946114413
0.9999999950376125
0.9999999954822291
0.9999999959434898
0.9999999964195314
0.9999999969084383
0.9999999974082491
0.9999999979169638
0.9999999984325534
0.9999999989529667
0.9999999994761389
1.0
1.0
0.9999999994637155
0.9999999989309576
0.9999999984038169
0.9999999978843576
0.9999999973746074
0.999999996876551
0.9999999963921213
0.9999999959231928
0.9999999954715735
0.9999999950389987
0.9999999946271243
0.9999999942375194
0.9999999938716617
0.9999999935309314
0.9999999932166058
0.999999992929855
0.9999999926717368
0.9999999924431938
0.9999999922450495
0.999999992078005
0.9999999919426372
0.9999999918393965
0.9999999917686052
0.9999999917304576
0.9999999917250177
0.999999991752221
0.9999999918118745
0.9999999919036573
0.9999999920271229
0.9999999921817012
0.9999999923667011
0.9999999925813126
0.9999999928246119
0.9999999930955642
0.9999999933930281
0.999999993715761
0.9999999940624238
0.9999999944315865
0.9999999948217343
0.9999999952312738
0.999999995658539
0.9999999961017983
0.9999999965592621
0.9999999970290891
0.9999999975093942
0.9999999979982558
0.9999999984937242
0.9999999989938279
0.9999999994965829
1.0
1.0
0.9999999994874946
0.9999999989783593
0.9999999984745925
0.9999999979781663
0.9999999974910188
0.9999999970150464
0.9999999965520965
0.9999999961039605
0.9999999956723662
0.9999999952589721
0.9999999948653603
0.9999999944930306
0.9999999941433954
0.9999999938177733
0.9999999935173851
0.9999999932433488
0.9999999929966757
0.9999999927782665
0.999999992588908
0.9999999924292704
0.9999999922999049
0.999999992201242
0.9999999921335899
0.9999999920971334
0.9999999920919349
0.999999992117932
0.9999999921749403
0.9999999922626533
0.9999999923806445
0.9999999925283688
0.9999999927051656
0.9999999929102612
0.9999999931427724
0.9999999934017104
0.9999999936859847
0.9999999939944073
0.999999994325699
0.9999999946784927
0.9999999950513413
0.9999999954427217
0.9999999958510416
0.9999999962746468
0.9999999967118263
0.9999999971608209
0.9999999976198289
0.9999999980870142
0.9999999985605132
0.999999999038442
0.9999999995189047
1.0
1.0
0.9999999995131699
0.9999999990295408
0.9999999985510111
0.9999999980794545
0.9999999976167119
0.9999999971645843
0.999999996724827
0.9999999962991414
0.9999999958891689
0.9999999954964846
0.9999999951225916
0.9999999947689148
0.9999999944367952
0.9999999941274859
0.9999999938421463
0.9999999935818384
0.999999993347523
0.9999999931400555
0.9999999929601834
0.9999999928085433
0.9999999926856585
0.9999999925919385
0.9999999925276754
0.9999999924930455
0.9999999924881071
0.999999992512802
0.9999999925669544
0.9999999926502733
0.9999999927623534
0.9999999929026772
0.9999999930706168
0.9999999932654378
0.9999999934863009
0.9999999937322666
0.9999999940022994
0.999999994295271
0.9999999946099658
0.9999999949450856
0.9999999952992554
0.9999999956710286
0.999999996058893
0.9999999964612768
0.9999999968765547
0.999999997303056
0.999999997739069
0.9999999981828496
0.9999999986326277
0.9999999990866135
0.9999999995430063
1.0
1.0
0.9999999995406296
0.99999999908428
0.9999999986327419
0.9999999981877837
0.9999999977511421
0.9999999973245173
0.9999999969095648
0.9999999965078901
0.9999999961210422
0.9999999957505077
0.9999999953977042
0.9999999950639766
0.9999999947505904
0.9999999944587278
0.9999999941894829
0.999999993943858
0.9999999937227592
0.999999993526994
0.9999999933572676
0.9999999932141809
0.9999999930982274
0.9999999930097937
0.9999999929491553
0.9999999929164789
0.9999999929118192
0.999999992935121
0.999999992986219
0.9999999930648382
0.9999999931705964
0.9999999933030052
0.9999999934614721
0.999999993645304
0.9999999938537092
0.9999999940858012
0.9999999943406026
0.999999994617049
0.9999999949139933
0.9999999952302105
0.9999999955644032
0.9999999959152064
0.999999996281193
0.99999999666088
0.9999999970527342
0.9999999974551783
0.9999999978665977
0.9999999982853469
0.999999998709755
0.9999999991381336
0.9999999995687833
1.0
1.0
0.9999999995697565
0.9999999991423423
0.9999999987194348
0.9999999983026897
0.9999999978937342
0.9999999974941599
0.999999997105518
0.9999999967293122
0.999999996366993
0.9999999960199527
0.9999999956895195
0.9999999953769522
0.9999999950834366
0.9999999948100801
0.999999994557907
0.9999999943278562
0.9999999941207764
0.999999993937424
0.9999999937784594
0.9999999936444453
0.999999993535844
0.9999999934530174
0.999999993396224
0.9999999933656195
0.9999999933612554
0.9999999933830798
0.9999999934309377
0.999999993504572
0.9999999936036245
0.9999999937276377
0.9999999938760568
0.9999999940482325
0.9999999942434235
0.9999999944607993
0.9999999946994447
0.9999999949583626
0.9999999952364786
0.9999999955326457
0.9999999958456485
0.9999999961742084
0.9999999965169891
0.9999999968726015
0.9999999972396095
0.9999999976165364
0.9999999980018693
0.9999999983940668
0.9999999987915648
0.9999999991927814
0.9999999995961252
1.0
1.0
0.9999999996004272
0.9999999992034817
0.9999999988107219
0.9999999984236851
0.9999999980438826
0.9999999976727925
0.9999999973118554
0.999999996962468
0.9999999966259775
0.9999999963036764
0.9999999959967985
0.9999999957065132
0.9999999954339214
0.9999999951800513
0.9999999949458548
0.9999999947322036
0.999999994539886
0.999999994369604
0.9999999942219714
0.9999999940975107
0.9999999939966514
0.9999999939197293
0.9999999938669846
0.9999999938385618
0.9999999938345087
0.999999993854777
0.9999999938992233
0.9999999939676086
0.9999999940595999
0.9999999941747728
0.9999999943126116
0.9999999944725133
0.9999999946537897
0.9999999948556696
0.9999999950773029
0.9999999953177633
0.9999999955760533
0.9999999958511078
0.9999999961417977
0.9999999964469357
0.9999999967652807
0.9999999970955429
0.9999999974363882
0.9999999977864452
0.9999999981443091
0.9999999985085481
0.9999999988777099
0.9999999992503252
0.9999999996249159
1.0
1.0
0.9999999996325122
0.9999999992674409
0.9999999989062188
0.9999999985502606
0.9999999982009555
0.9999999978596633
0.999999997527709
0.999999997206377
0.9999999968969059
0.9999999966004851
0.9999999963182491
0.9999999960512731
0.9999999958005699
0.9999999955670852
0.9999999953516943
0.9999999951551989
0.999999994978324
0.9999999948217156
0.9999999946859375
0.9999999945714708
0.9999999944787106
0.9999999944079653
0.9999999943594559
0.9999999943333152
0.9999999943295875
0.9999999943482286
0.9999999943891059
0.9999999944519997
0.9999999945366044
0.9999999946425289
0.9999999947692995
0.9999999949163615
0.9999999950830816
0.9999999952687509
0.9999999954725873
0.9999999956937392
0.999999995931289
0.9999999961842571
0.999999996451605
0.9999999967322409
0.9999999970250234
0.9999999973287659
0.999999997642242
0.9999999979641899
0.9999999982933179
0.9999999986283094
0.999999998967828
0.9999999993105229
0.9999999996550346
1.0
1.0
0.9999999996658777
0.9999999993339527
0.9999999990055273
0.9999999986818877
0.9999999983642973
0.9999999980539924
0.9999999977521775
0.9999999974600202
0.9999999971786474
0.9999999969091397
0.9999999966525288
0.9999999964097926
0.9999999961818518
0.9999999959695661
0.9999999957737313
0.9999999955950765
0.9999999954342608
0.9999999952918713
0.9999999951684211
0.9999999950643472
0.999999994980009
0.999999994915687
0.9999999948715819
0.9999999948478147
0.9999999948444254
0.9999999948613739
0.99999999489854
0.9999999949557236
0.9999999950326466
0.9999999951289537
0.9999999952442143
0.9999999953779241
0.9999999955295071
0.9999999956983187
0.999999995883648
0.9999999960847207
0.9999999963007026
0.9999999965307025
0.9999999967737769
0.9999999970289329
0.9999999972951324
0.9999999975712971
0.9999999978563116
0.9999999981490287
0.9999999984482739
0.9999999987528503
0.9999999990615426
0.9999999993731229
0.9999999996863552
1.0
1.0
0.9999999997003854
0.9999999994027413
0.9999999991082354
0.999999998818021
0.9999999985332312
0.9999999982549742
0.9999999979843304
0.999999997722347
0.9999999974700341
0.9999999972283611
0.9999999969982527
0.9999999967805859
0.9999999965761867
0.9999999963858256
0.9999999962102166
0.9999999960500129
0.9999999959058061
0.9999999957781226
0.9999999956674223
0.999999995574097
0.9999999954984692
0.9999999954407902
0.9999999954012404
0.9999999953799277
0.9999999953768886
0.9999999953920868
0.9999999954254143
0.999999995476692
0.9999999955456703
0.999999995632031
0.9999999957353877
0.999999995855288
0.9999999959912157
0.9999999961425926
0.9999999963087813
0.9999999964890872
0.9999999966827627
0.9999999968890085
0.9999999971069783
0.999999997335782
0.9999999975744889
0.9999999978221314
0.9999999980777098
0.9999999983401953
0.9999999986085346
0.9999999988816547
0.9999999991584656
0.9999999994378662
0.9999999997187482
1.0
1.0
0.9999999997358935
0.9999999994735239
0.9999999992139206
0.9999999989581002
0.9999999987070614
0.9999999984617814
0.9999999982232124
0.9999999979922772
0.9999999977698666
0.9999999975568349
0.9999999973539972
0.9999999971621266
0.9999999969819512
0.9999999968141504
0.9999999966593531
0.9999999965181354
0.999999996391019
0.9999999962784675
0.9999999961808865
0.9999999960986217
0.9999999960319567
0.9999999959811133
0.9999999959462508
0.9999999959274639
0.999999995924785
0.999999995938182
0.9999999959675596
0.9999999960127604
0.999999996073564
0.9999999961496898
0.9999999962407973
0.999999996346488
0.9999999964663066
0.9999999965997435
0.9999999967462366
0.9999999969051742
0.9999999970758965
0.9999999972576996
0.9999999974498375
0.9999999976515251
0.999999997861942
0.9999999980802359
0.999999998305525
0.9999999985369028
0.9999999987734407
0.9999999990141925
0.9999999992581977
0.999999999504486
0.9999999997520799
1.0
1.0
0.9999999997722566
0.9999999995460107
0.9999999993221503
0.9999999991015521
0.9999999988850772
0.999999998673568
0.9999999984678458
0.9999999982687067
0.9999999980769181
0.999999997893217
0.9999999977183068
0.9999999975528537
0.9999999973974854
0.9999999972527879
0.9999999971193035
0.9999999969975293
0.9999999968879144
0.9999999967908594
0.9999999967067135
0.9999999966357751
0.999999996578289
0.9999999965344458
0.9999999965043831
0.9999999964881832
0.999999996485873
0.9999999964974254
0.9999999965227583
0.9999999965617355
0.9999999966141677
0.9999999966798122
0.9999999967583757
0.9999999968495145
0.9999999969528361
0.9999999970679011
0.9999999971942246
0.999999997331279
0.9999999974784959
0.9999999976352678
0.9999999978009516
0.9999999979748702
0.9999999981563165
0.9999999983445549
0.9999999985388255
0.9999999987383463
0.9999999989423171
0.9999999991499214
0.9999999993603313
0.9999999995727098
0.9999999997862143
1.0
1.0
0.9999999998093265
0.9999999996199069
0.9999999994324846
0.9999999992477933
0.9999999990665541
0.9999999988894726
0.9999999987172363
0.999999998550511
0.99999999838994
0.9999999982361402
0.9999999980897003
0.9999999979511781
0.9999999978210994
0.9999999976999542
0.9999999975881972
0.9999999974862444
0.9999999973944715
0.9999999973132143
0.9999999972427651
0.9999999971833734
0.9999999971352443
0.9999999970985376
0.9999999970733683
0.9999999970598051
0.999999997057871
0.999999997067543
0.9999999970887524
0.9999999971213853
0.999999997165283
0.9999999972202425
0.9999999972860183
0.9999999973623221
0.999999997448826
0.9999999975451617
0.9999999976509234
0.9999999977656695
0.9999999978889236
0.9999999980201776
0.9999999981588928
0.9999999983045026
0.9999999984564145
0.9999999986140133
0.9999999987766623
0.999999998943707
0.9999999991144771
0.9999999992882894
0.9999999994644507
0.9999999996422602
0.9999999998210123
1.0
1.0
0.9999999998469538
0.9999999996949138
0.9999999995444772
0.9999999993962325
0.9999999992507589
0.9999999991086225
0.9999999989703747
0.9999999988365509
0.9999999987076669
0.9999999985842176
0.999999998466676
0.9999999983554895
0.9999999982510801
0.9999999981538417
0.9999999980641388
0.999999997982305
0.9999999979086427
0.9999999978434204
0.9999999977868737
0.9999999977392021
0.9999999977005707
0.9999999976711077
0.9999999976509053
0.9999999976400187
0.9999999976384663
0.9999999976462296
0.9999999976632536
0.9999999976894468
0.9999999977246816
0.9999999977687957
0.9999999978215911
0.9999999978828374
0.9999999979522708
0.9999999980295957
0.9999999981144866
0.9999999982065889
0.9999999983055201
0.9999999984108726
0.9999999985222141
0.9999999986390894
0.9999999987610232
0.9999999988875218
0.9999999990180738
0.9999999991521542
0.9999999992892247
0.9999999994287373
0.9999999995701351
0.9999999997128559
0.9999999998563336
1.0
1.0
0.9999999998849867
0.9999999997707298
0.9999999996576777
0.999999999546273
0.9999999994369506
0.9999999993301362
0.9999999992262442
0.9999999991256764
0.999999999028821
0.9999999989360496
0.999999998847718
0.999999998764162
0.9999999986856992
0.9999999986126252
0.999999998545214
0.9999999984837168
0.99999999842836
0.999999998379346
0.9999999983368514
0.9999999983010268
0.9999999982719954
0.9999999982498542
0.9999999982346722
0.999999998226491
0.9999999982253244
0.9999999982311585
0.9999999982439519
0.999999998263636
0.9999999982901147
0.9999999983232658
0.9999999983629415
0.9999999984089676
0.9999999984611462
0.9999999985192554
0.9999999985830502
0.9999999986522643
0.9999999987266105
0.9999999988057822
0.9999999988894545
0.9999999989772855
0.9999999990689178
0.9999999991639805
0.9999999992620894
0.9999999993628498
0.9999999994658574
0.9999999995707
0.9999999996769595
0.9999999997842133
0.9999999998920356
1.0
1.0
0.9999999999232738
0.9999999998470518
0.9999999997716338
0.9999999996973148
0.999999999624385
0.999999999553128
0.9999999994838207
0.999999999416731
0.9999999993521179
0.9999999992902294
0.9999999992313024
0.9999999991755616
0.9999999991232184
0.9999999990744701
0.9999999990294995
0.9999999989884741
0.9999999989515451
0.9999999989188476
0.9999999988904991
0.9999999988666001
0.9999999988472331
0.9999999988324624
0.9999999988223344
0.9999999988168766
0.9999999988160982
0.9999999988199904
0.9999999988285249
0.9999999988416562
0.9999999988593204
0.9999999988814359
0.9999999989079039
0.9999999989386084
0.9999999989734171
0.9999999990121822
0.9999999990547404
0.9999999991009139
0.9999999991505107
0.9999999992033268
0.9999999992591454
0.9999999993177381
0.999999999378867
0.999999999442284
0.9999999995077333
0.9999999995749514
0.9999999996436687
0.9999999997136102
0.9999999997844967
0.9999999998560465
0.999999999927976
1.0
1.0
0.9999999999616621
0.9999999999235761
0.9999999998858919
0.999999999848757
0.9999999998123158
0.9999999997767107
0.9999999997420799
0.9999999997085572
0.999999999676272
0.9999999996453479
0.9999999996159038
0.9999999995880517
0.9999999995618972
0.999999999537539
0.9999999995150687
0.9999999994945694
0.9999999994761171
0.999999999459779
0.999999999445614
0.9999999994336726
0.9999999994239955
0.9999999994166149
0.9999999994115542
0.999999999408827
0.9999999994084382
0.9999999994103829
0.9999999994146475
0.9999999994212087
0.9999999994300348
0.9999999994410855
0.9999999994543107
0.999999999469653
0.9999999994870458
0.9999999995064156
0.9999999995276808
0.9999999995507522
0.9999999995755345
0.9999999996019252
0.999999999629816
0.9999999996590933
0.9999999996896375
0.9999999997213253
0.9999999997540283
0.9999999997876153
0.9999999998219514
0.999999999856899
0.9999999998923191
0.9999999999280705
0.9999999999640116
1.0
1.0
1.0
1.0
1.0
1.0
1.0
1.0
1.0
1.0
1.0
1.0
1.0
1.0
1.0
1.0
1.0
1.0
1.0
1.0
1.0
1.0
1.0
1.0
1.0
1.0
1.0
1.0
1.0
1.0
1.0
1.0
1.0
1.0
1.0
1.0
1.0
1.0
1.0
1.0
1.0
1.0
1.0
1.0
1.0
1.0
1.0
1.0
1.0
1.0
1.0
1.0
