1.0000013948720992
1.0000013948720992
1.0000013948720992
1.0000013948720992
1.0000013948720992
1.0000013948720992
1.0000013948720992
1.0000013948720992
1.0000013948720992
1.0000013948720992
1.0000013948720992
1.0000013948720992
1.0000013948720992
1.0000013948720992
1.0000013948720992
1.0000013948720992
1.0000013948720992
1.0000013948720992
1.0000013948720992
1.0000013948720992
1.0000013948720992
1.0000013948720992
1.0000013948720992
1.0000013948720992
1.0000013948720992
1.0000013948720992
1.0000013948720992
1.0000013948720992
1.0000013948720992
1.0000013948720992
1.0000013948720992
1.0000013948720992
1.0000013948720992
1.0000013948720992
1.0000013948720992
1.0000013948720992
1.0000013948720992
1.0000013948720992
1.0000013948720992
1.0000013948720992
1.0000013948720992
1.0000013948720992
1.0000013948720992
1.0000013948720992
1.0000013948720992
1.0000013948720992
1.0000013948720992
1.0000013948720992
1.0000013948720992
1.0000013948720992
1.0000013948720992
1.0000013948720992
1.0001192491042434
1.0000916242203621
1.0000704266746843
1.0000515615327625
1.0000262722405344
1.0000107685958803
0.9999852441420688
0.9999712691445517
0.9999502313162305
0.999945636389699
0.9999350330429104
0.9999398498441885
0.9999355478435594
0.9999440206554221
0.9999443590648666
0.9999594035714535
0.9999664973259937
0.9999864829184386
0.9999949842053697
1.0000120846016338
1.000016224354758
1.000030149346074
1.0000318478302241
1.000041989567983
1.0000381966813827
1.000041989567983
1.000031847830224
1.000030149346074
1.0000162243547583
1.000012084601633
0.9999949842053697
0.9999864829184384
0.9999664973259939
0.9999594035714531
0.9999443590648665
0.9999440206554221
0.9999355478435592
0.9999398498441878
0.9999350330429103
0.9999456363896981
0.9999502313162308
0.999971269144551
0.9999852441420686
1.00001076859588
1.0000262722405346
1.000051561532762
1.0000704266746836
1.0000916242203626
1.0001192491042434
1.0000013948720992
1.0000013948720992
1.0000916242203624
1.0001016114468166
1.0000801593288113
1.0000773820226263
1.0000502555151212
1.0000358936654967
1.00000211899089
0.9999771441794411
0.999947037546165
0.9999307236053804
0.9999176778888624
0.999913811428727
0.9999121019789756
0.9999127668166873
0.9999211313905418
0.9999336213811101
0.9999565693353427
0.9999784080017414
1.0000055249725046
1.0000220164026272
1.0000421904861694
1.0000530447560492
1.0000697178753175
1.000073946208141
1.0000810893722414
1.0000739462081414
1.0000697178753175
1.0000530447560494
1.0000421904861692
1.000022016402628
1.0000055249725042
0.9999784080017415
0.9999565693353424
0.9999336213811097
0.9999211313905417
0.999912766816687
0.9999121019789753
0.9999138114287265
0.9999176778888618
0.9999307236053796
0.9999470375461648
0.9999771441794406
1.0000021189908899
1.0000358936654963
1.0000502555151212
1.0000773820226263
1.0000801593288113
1.0001016114468166
1.0000916242203624
1.0000013948720992
1.0000013948720992
1.0000704266746843
1.0000801593288113
1.0000477101514413
1.0000488913466865
1.0000273900607488
1.0000215486459063
0.9999981982377735
0.9999797920017802
0.9999585133746506
0.9999453489370408
0.9999369675719402
0.9999315969273839
0.9999280708033375
0.999923433135975
0.9999280498358654
0.9999387228113867
0.9999614420961714
0.9999865907944991
1.0000147688276488
1.00003505840256
1.0000546191435484
1.0000699110611453
1.0000860891002246
1.0000947935797853
1.0000996461375635
1.0000947935797853
1.0000860891002237
1.0000699110611455
1.000054619143548
1.00003505840256
1.0000147688276493
0.9999865907944991
0.999961442096171
0.9999387228113866
0.9999280498358648
0.9999234331359748
0.9999280708033367
0.9999315969273839
0.999936967571939
0.9999453489370409
0.9999585133746497
0.9999797920017799
0.9999981982377731
1.0000215486459059
1.0000273900607486
1.000048891346686
1.0000477101514411
1.0000801593288113
1.000070426674684
1.0000013948720992
1.0000013948720992
1.0000515615327625
1.0000773820226265
1.0000488913466858
1.0000415614256626
1.0000234363802198
1.0000002654130535
0.9999836900780165
0.9999567490207104
0.9999522495838588
0.9999424069026418
0.9999537761382539
0.999953120938487
0.9999596921762531
0.9999538143646284
0.9999575668697831
0.9999639681211931
0.9999803349191227
1.00000207936978
1.0000209479793316
1.0000391567596565
1.0000484639283087
1.0000649908908708
1.0000729008556697
1.000086340234567
1.0000846307831182
1.000086340234567
1.0000729008556701
1.0000649908908703
1.0000484639283092
1.0000391567596567
1.0000209479793305
1.0000020793697801
0.9999803349191225
0.9999639681211931
0.9999575668697823
0.999953814364628
0.9999596921762526
0.9999531209384861
0.9999537761382531
0.9999424069026409
0.999952249583858
0.9999567490207099
0.9999836900780159
1.000000265413053
1.0000234363802196
1.0000415614256624
1.000048891346686
1.0000773820226265
1.0000515615327623
1.0000013948720992
1.0000013948720992
1.0000262722405349
1.0000502555151212
1.000027390060749
1.0000234363802198
1.000019676010295
1.0000020995941994
0.9999887584467348
0.9999647724248315
0.9999531457794288
0.9999494917566665
0.9999556233347845
0.9999683724270654
0.9999748364198907
0.9999837881048074
0.999986895950791
0.9999989386103886
1.0000095283122592
1.00002431277587
1.0000334743226043
1.0000365883612075
1.0000385802800358
1.0000387411961307
1.000045914868751
1.0000467463256353
1.0000516966882955
1.0000467463256348
1.0000459148687508
1.000038741196131
1.0000385802800351
1.000036588361207
1.000033474322604
1.0000243127758692
1.000009528312259
0.9999989386103878
0.9999868959507908
0.9999837881048061
0.9999748364198903
0.9999683724270647
0.999955623334784
0.9999494917566659
0.9999531457794283
0.999964772424831
0.9999887584467342
1.0000020995941992
1.0000196760102942
1.0000234363802198
1.0000273900607486
1.0000502555151214
1.0000262722405346
1.0000013948720992
1.0000013948720992
1.0000107685958806
1.000035893665497
1.0000215486459059
1.0000002654130538
1.0000020995941996
0.9999830794966446
0.9999831230244953
0.9999739528543222
0.9999723385117207
0.9999760040435546
0.9999777551021334
0.9999864607754381
0.9999874714572312
0.9999963860494671
1.0000023155742759
1.0000173866470556
1.0000303269595077
1.0000411567034257
1.0000429648807387
1.0000347427329321
1.0000232629211343
1.0000107662808198
1.0000052594300055
1.000000148142566
1.000000798522326
1.0000001481425662
1.0000052594300053
1.0000107662808195
1.000023262921134
1.0000347427329315
1.000042964880738
1.0000411567034253
1.0000303269595072
1.0000173866470556
1.0000023155742748
0.9999963860494668
0.9999874714572301
0.9999864607754376
0.9999777551021322
0.9999760040435542
0.9999723385117201
0.9999739528543217
0.9999831230244948
0.9999830794966442
1.0000020995941994
1.000000265413053
1.0000215486459056
1.0000358936654965
1.0000107685958803
1.0000013948720992
1.0000013948720992
0.9999852441420689
1.0000021189908903
0.9999981982377735
0.9999836900780158
0.9999887584467347
0.9999831230244949
0.9999757890258345
0.99998081194204
0.9999807741681617
0.9999976725169512
1.0000070281040057
1.000014641531782
1.0000180559146807
1.0000128605084122
1.0000187638225109
1.0000203816209459
1.000036212182985
1.0000396693276548
1.0000418115821157
1.0000289754195975
1.0000096879513654
0.9999909435661477
0.9999710690950395
0.9999645347308285
0.9999563903497044
0.9999645347308284
0.9999710690950392
0.9999909435661476
1.0000096879513645
1.0000289754195968
1.000041811582115
1.0000396693276536
1.0000362121829838
1.0000203816209452
1.0000187638225102
1.0000128605084118
1.0000180559146796
1.0000146415317812
1.000007028104005
0.9999976725169502
0.9999807741681609
0.9999808119420394
0.9999757890258336
0.9999831230244945
0.9999887584467341
0.9999836900780159
0.9999981982377735
1.0000021189908903
0.9999852441420687
1.0000013948720992
1.0000013948720992
0.9999712691445518
0.999977144179441
0.9999797920017801
0.9999567490207103
0.9999647724248311
0.9999739528543221
0.9999808119420401
0.99999579506435
1.0000021684448503
1.0000120277004594
1.00002347352514
1.0000308877397086
1.0000391867807101
1.0000390471488363
1.0000361067024317
1.0000336803404593
1.0000293658435275
1.0000287072696812
1.000020717341721
1.0000116788784075
0.9999946422622662
0.9999746958890081
0.9999583497207682
0.9999437878154256
0.999942322360612
0.9999437878154256
0.9999583497207681
0.9999746958890071
0.9999946422622654
1.0000116788784068
1.0000207173417202
1.0000287072696812
1.0000293658435269
1.0000336803404584
1.000036106702431
1.0000390471488347
1.0000391867807097
1.0000308877397075
1.0000234735251394
1.0000120277004585
1.0000021684448495
0.9999957950643492
0.9999808119420395
0.9999739528543219
0.9999647724248306
0.9999567490207096
0.9999797920017794
0.9999771441794407
0.9999712691445513
1.0000013948720992
1.0000013948720992
0.9999502313162306
0.9999470375461648
0.99995851337465
0.9999522495838581
0.9999531457794285
0.9999723385117203
0.999980774168161
1.0000021684448503
1.000023210480176
1.0000306046019627
1.0000429441698926
1.0000400757444132
1.000045043934507
1.0000465984010107
1.0000454774394487
1.0000427376215257
1.000028641715539
1.0000159746574508
0.9999982019078072
0.9999867123702747
0.9999752908430063
0.9999643173349154
0.9999567149248828
0.9999491885532469
0.9999493282178823
0.999949188553247
0.9999567149248827
0.9999643173349154
0.9999752908430055
0.9999867123702743
0.9999982019078059
1.0000159746574502
1.000028641715538
1.0000427376215248
1.0000454774394478
1.0000465984010098
1.0000450439345052
1.0000400757444123
1.0000429441698915
1.0000306046019616
1.0000232104801747
1.0000021684448495
0.9999807741681606
0.9999723385117197
0.9999531457794281
0.999952249583858
0.9999585133746498
0.9999470375461645
0.9999502313162304
1.0000013948720992
1.0000013948720992
0.999945636389699
0.99993072360538
0.9999453489370408
0.9999424069026416
0.9999494917566658
0.9999760040435549
0.999997672516951
1.000012027700459
1.000030604601963
1.0000392875495798
1.0000457127192366
1.0000516268769488
1.0000444694001163
1.000044249556936
1.0000364790101162
1.0000286321702334
1.000019477253478
0.9999986114107838
0.9999858288283268
0.9999677281645634
0.9999625351720239
0.9999593369593789
0.9999591353809666
0.9999655587375349
0.9999627847152327
0.9999655587375348
0.9999591353809666
0.9999593369593782
0.9999625351720234
0.9999677281645626
0.9999858288283264
0.9999986114107827
1.0000194772534774
1.0000286321702323
1.0000364790101146
1.0000442495569346
1.0000444694001152
1.0000516268769477
1.0000457127192353
1.0000392875495792
1.000030604601962
1.000012027700458
0.9999976725169509
0.9999760040435537
0.9999494917566658
0.9999424069026406
0.9999453489370407
0.9999307236053797
0.9999456363896985
1.0000013948720992
1.0000013948720992
0.9999350330429108
0.9999176778888623
0.99993696757194
0.9999537761382535
0.999955623334784
0.9999777551021329
1.0000070281040052
1.00002347352514
1.0000429441698926
1.0000457127192364
1.0000419014428072
1.0000417190844426
1.0000387904211154
1.0000341745022114
1.0000243037697851
1.0000063809237318
0.9999902459715516
0.9999775387620239
0.9999686365128148
0.9999672666996933
0.9999652826769024
0.9999671828352488
0.9999703202226022
0.9999721968877682
0.9999760429746093
0.9999721968877685
0.9999703202226022
0.9999671828352483
0.9999652826769022
0.9999672666996927
0.9999686365128139
0.9999775387620229
0.9999902459715505
1.0000063809237305
1.0000243037697842
1.0000341745022108
1.000038790421114
1.0000417190844415
1.000041901442806
1.000045712719235
1.0000429441698913
1.0000234735251392
1.0000070281040043
0.999977755102132
0.9999556233347836
0.999953776138253
0.9999369675719392
0.999917677888862
0.9999350330429105
1.0000013948720992
1.0000013948720992
0.9999398498441884
0.9999138114287274
0.9999315969273841
0.9999531209384869
0.999968372427065
0.999986460775438
1.0000146415317817
1.0000308877397084
1.0000400757444128
1.0000516268769486
1.0000417190844428
1.0000313379400678
1.0000234607917364
1.0000106530020176
1.0000052076928512
0.9999856668960749
0.9999664258470944
0.9999550880118561
0.9999530725729605
0.9999681662940567
0.9999797654427625
0.9999872090858023
0.9999857129519423
0.9999782589582991
0.9999780315852496
0.9999782589582987
0.9999857129519418
0.9999872090858022
0.999979765442762
0.9999681662940563
0.9999530725729603
0.999955088011855
0.999966425847094
0.9999856668960736
1.00000520769285
1.0000106530020163
1.000023460791735
1.0000313379400665
1.0000417190844422
1.0000516268769473
1.0000400757444126
1.0000308877397073
1.0000146415317812
0.999986460775437
0.9999683724270646
0.9999531209384853
0.9999315969273838
0.9999138114287265
0.9999398498441879
1.0000013948720992
1.0000013948720992
0.9999355478435593
0.999912101978976
0.9999280708033373
0.9999596921762528
0.9999748364198909
0.9999874714572308
1.00001805591468
1.0000391867807101
1.0000450439345063
1.0000444694001158
1.000038790421115
1.0000234607917364
1.000010869426194
0.9999952122880593
0.9999766000170838
0.9999677647352111
0.999953924349319
0.9999486554517903
0.9999565534170666
0.9999692629244971
0.9999943074532117
1.0000038505443036
1.0000021082915935
0.9999949045501596
0.9999855013521154
0.9999949045501596
1.0000021082915935
1.0000038505443034
0.9999943074532113
0.9999692629244962
0.9999565534170658
0.9999486554517896
0.9999539243493178
0.9999677647352103
0.9999766000170827
0.9999952122880578
1.000010869426193
1.0000234607917349
1.0000387904211137
1.0000444694001145
1.0000450439345052
1.0000391867807086
1.0000180559146794
0.9999874714572295
0.9999748364198903
0.9999596921762521
0.9999280708033367
0.999912101978975
0.9999355478435594
1.0000013948720992
1.0000013948720992
0.9999440206554221
0.9999127668166874
0.9999234331359746
0.9999538143646284
0.9999837881048068
0.9999963860494664
1.0000128605084126
1.0000390471488354
1.0000465984010105
1.0000442495569357
1.0000341745022108
1.0000106530020174
0.9999952122880589
0.9999820800612979
0.9999661295030573
0.99995508774694
0.9999515817604079
0.9999565811167214
0.9999704155479463
0.9999866618154807
1.0000002073839849
1.0000114166921612
1.000015471355122
1.0000144810511518
1.0000150500258354
1.0000144810511518
1.0000154713551217
1.0000114166921608
1.0000002073839847
0.9999866618154805
0.999970415547946
0.9999565811167203
0.9999515817604072
0.9999550877469386
0.9999661295030562
0.999982080061297
0.9999952122880579
1.000010653002016
1.00003417450221
1.0000442495569337
1.0000465984010094
1.0000390471488347
1.0000128605084115
0.9999963860494661
0.9999837881048057
0.9999538143646277
0.9999234331359742
0.9999127668166868
0.9999440206554219
1.0000013948720992
1.0000013948720992
0.9999443590648666
0.9999211313905414
0.9999280498358656
0.9999575668697824
0.9999868959507912
1.0000023155742752
1.0000187638225104
1.0000361067024315
1.0000454774394483
1.0000364790101155
1.0000243037697851
1.0000052076928507
0.9999766000170831
0.9999661295030573
0.9999629230469613
0.9999593266091077
0.9999663563663765
0.9999709273257333
0.9999846441120323
1.0000023818503732
1.0000093504301493
1.0000186396447552
1.0000260103744671
1.0000332456880403
1.0000404534493919
1.0000332456880399
1.0000260103744671
1.0000186396447548
1.0000093504301482
1.0000023818503727
0.9999846441120315
0.9999709273257325
0.9999663563663755
0.9999593266091069
0.99996292304696
0.9999661295030562
0.9999766000170817
1.0000052076928494
1.000024303769784
1.0000364790101144
1.000045477439447
1.0000361067024301
1.0000187638225093
1.0000023155742739
0.9999868959507902
0.9999575668697822
0.9999280498358646
0.999921131390541
0.9999443590648662
1.0000013948720992
1.0000013948720992
0.9999594035714533
0.9999336213811097
0.9999387228113861
0.999963968121193
0.9999989386103881
1.0000173866470552
1.0000203816209456
1.0000336803404586
1.0000427376215253
1.0000286321702325
1.0000063809237307
0.999985666896074
0.999967764735211
0.9999550877469396
0.9999593266091079
0.9999717042455912
0.9999823844086236
0.9999935227864228
0.9999962922114392
1.0000030666804007
1.000019733033302
1.0000279065059046
1.0000375912231843
1.0000434489995953
1.0000411317978537
1.0000434489995955
1.0000375912231836
1.0000279065059041
1.0000197330333016
1.0000030666803998
0.9999962922114383
0.9999935227864216
0.9999823844086224
0.9999717042455903
0.9999593266091066
0.9999550877469389
0.9999677647352101
0.999985666896073
1.0000063809237294
1.0000286321702312
1.0000427376215242
1.0000336803404573
1.000020381620945
1.0000173866470548
0.9999989386103872
0.9999639681211919
0.9999387228113857
0.9999336213811099
0.999959403571453
1.0000013948720992
1.0000013948720992
0.9999664973259934
0.999956569335342
0.9999614420961711
0.9999803349191223
1.0000095283122594
1.0000303269595072
1.000036212182984
1.0000293658435266
1.000028641715539
1.0000194772534776
0.9999902459715514
0.9999664258470942
0.9999539243493187
0.999951581760408
0.9999663563663768
0.9999823844086234
0.9999944072580882
1.0000039045855245
1.0000063387299376
1.0000087277287868
1.000020151460345
1.0000346298013367
1.0000414829316386
1.00003896907609
1.0000365066445185
1.0000389690760898
1.0000414829316382
1.0000346298013365
1.0000201514603444
1.000008727728786
1.0000063387299367
1.0000039045855234
0.999994407258087
0.9999823844086222
0.9999663563663755
0.9999515817604065
0.9999539243493173
0.9999664258470927
0.9999902459715503
1.0000194772534763
1.0000286417155373
1.000029365843526
1.0000362121829827
1.000030326959506
1.000009528312258
0.9999803349191217
0.9999614420961704
0.9999565693353416
0.9999664973259937
1.0000013948720992
1.0000013948720992
0.9999864829184385
0.9999784080017409
0.9999865907944987
1.0000020793697797
1.000024312775869
1.0000411567034255
1.0000396693276545
1.0000287072696807
1.0000159746574504
0.9999986114107833
0.9999775387620232
0.9999550880118551
0.9999486554517899
0.999956581116721
0.9999709273257331
0.999993522786423
1.0000039045855245
1.0000013519344264
1.0000101234526735
1.0000179332883434
1.0000218322126855
1.0000293050851599
1.0000288081931452
1.0000285310878203
1.000032446176598
1.00002853108782
1.0000288081931448
1.000029305085159
1.0000218322126853
1.0000179332883425
1.0000101234526726
1.0000013519344249
1.000003904585523
0.9999935227864214
0.9999709273257319
0.99995658111672
0.9999486554517888
0.9999550880118541
0.9999775387620214
0.9999986114107813
1.000015974657449
1.0000287072696796
1.000039669327653
1.0000411567034244
1.0000243127758675
1.0000020793697795
0.999986590794498
0.9999784080017413
0.9999864829184383
1.0000013948720992
1.0000013948720992
0.9999949842053696
1.000005524972504
1.0000147688276486
1.000020947979331
1.0000334743226038
1.0000429648807387
1.0000418115821141
1.0000207173417206
0.999998201907806
0.9999858288283267
0.999968636512814
0.9999530725729601
0.9999565534170664
0.9999704155479465
0.9999846441120325
0.9999962922114389
1.0000063387299378
1.000010123452673
1.0000107301549022
1.0000194469043857
1.0000242333641904
1.000016331904091
1.0000149192662036
1.0000181447934535
1.0000180903354585
1.0000181447934533
1.0000149192662033
1.0000163319040902
1.00002423336419
1.0000194469043846
1.000010730154901
1.0000101234526724
1.0000063387299367
0.9999962922114375
0.9999846441120307
0.9999704155479449
0.9999565534170648
0.9999530725729586
0.999968636512813
0.9999858288283252
0.9999982019078049
1.000020717341719
1.0000418115821135
1.000042964880737
1.0000334743226031
1.0000209479793298
1.0000147688276484
1.0000055249725035
0.9999949842053696
1.0000013948720992
1.0000013948720992
1.0000120846016332
1.0000220164026268
1.00003505840256
1.0000391567596558
1.000036588361207
1.0000347427329312
1.000028975419597
1.0000116788784068
0.999986712370274
0.9999677281645625
0.9999672666996933
0.9999681662940562
0.9999692629244964
0.9999866618154802
1.0000023818503725
1.0000030666804003
1.0000087277287866
1.0000179332883434
1.0000194469043855
1.0000168877114535
1.000012818997289
1.0000087997920197
1.0000071758780347
1.0000026220165406
0.9999990280416929
1.0000026220165403
1.0000071758780344
1.0000087997920193
1.0000128189972886
1.0000168877114528
1.0000194469043848
1.0000179332883419
1.0000087277287855
1.0000030666803992
1.0000023818503718
0.9999866618154792
0.9999692629244955
0.9999681662940548
0.9999672666996915
0.9999677281645608
0.9999867123702729
1.0000116788784053
1.0000289754195955
1.0000347427329301
1.0000365883612057
1.0000391567596554
1.000035058402559
1.0000220164026272
1.000012084601633
1.0000013948720992
1.0000013948720992
1.0000162243547583
1.000042190486169
1.0000546191435475
1.0000484639283083
1.0000385802800351
1.0000232629211332
1.0000096879513645
0.9999946422622651
0.9999752908430054
0.9999625351720236
0.9999652826769018
0.9999797654427622
0.9999943074532115
1.0000002073839847
1.0000093504301488
1.000019733033302
1.000020151460345
1.0000218322126853
1.0000242333641902
1.0000128189972897
1.0000036971270578
1.000002732642214
0.9999944319413787
0.999985348911693
0.9999839185914542
0.9999853489116929
0.9999944319413789
1.0000027326422136
1.0000036971270578
1.0000128189972879
1.0000242333641893
1.0000218322126841
1.0000201514603442
1.0000197330333005
1.0000093504301475
1.0000002073839829
0.9999943074532103
0.9999797654427606
0.9999652826769005
0.9999625351720222
0.9999752908430041
0.999994642262264
1.0000096879513634
1.0000232629211323
1.000038580280034
1.0000484639283076
1.0000546191435475
1.0000421904861685
1.0000162243547581
1.0000013948720992
1.0000013948720992
1.000030149346074
1.0000530447560485
1.000069911061145
1.0000649908908696
1.0000387411961302
1.0000107662808189
0.9999909435661474
0.9999746958890072
0.999964317334915
0.9999593369593779
0.9999671828352487
0.9999872090858015
1.000003850544303
1.00001141669216
1.0000186396447541
1.0000279065059046
1.000034629801336
1.0000293050851596
1.0000163319040904
1.0000087997920193
1.000002732642214
0.9999893839852981
0.9999766790059061
0.9999694605134648
0.9999670769516326
0.9999694605134649
0.9999766790059056
0.9999893839852975
1.0000027326422134
1.0000087997920186
1.0000163319040896
1.0000293050851585
1.0000346298013352
1.0000279065059032
1.000018639644753
1.0000114166921592
1.0000038505443016
0.9999872090858003
0.9999671828352465
0.9999593369593761
0.9999643173349136
0.9999746958890057
0.9999909435661462
1.0000107662808178
1.0000387411961293
1.0000649908908688
1.0000699110611448
1.0000530447560487
1.0000301493460735
1.0000013948720992
1.0000013948720992
1.0000318478302241
1.0000697178753168
1.0000860891002237
1.0000729008556692
1.00004591486875
1.000005259430005
0.9999710690950384
0.9999583497207671
0.9999567149248823
0.9999591353809661
0.9999703202226013
0.9999857129519413
1.0000021082915929
1.0000154713551217
1.000026010374467
1.0000375912231834
1.000041482931638
1.000028808193145
1.000014919266203
1.000007175878035
0.9999944319413787
0.9999766790059059
0.9999632667141954
0.9999530274827862
0.9999482393876717
0.9999530274827858
0.9999632667141952
0.9999766790059054
0.9999944319413782
1.0000071758780338
1.0000149192662025
1.0000288081931439
1.000041482931637
1.0000375912231825
1.0000260103744658
1.0000154713551204
1.0000021082915922
0.9999857129519402
0.9999703202226002
0.999959135380965
0.9999567149248805
0.999958349720766
0.9999710690950372
1.0000052594300035
1.0000459148687495
1.0000729008556684
1.0000860891002235
1.0000697178753162
1.000031847830224
1.0000013948720992
1.0000013948720992
1.0000419895679826
1.000073946208141
1.0000947935797844
1.0000863402345663
1.0000467463256346
1.0000001481425649
0.9999645347308275
0.9999437878154249
0.9999491885532462
0.9999655587375337
0.9999721968877676
0.9999782589582977
0.9999949045501585
1.0000144810511502
1.0000332456880392
1.0000434489995946
1.0000389690760898
1.0000285310878194
1.000018144793454
1.0000026220165397
0.999985348911693
0.9999694605134651
0.9999530274827864
0.999939262712124
0.9999343854680453
0.9999392627121236
0.9999530274827857
0.9999694605134645
0.999985348911692
1.0000026220165392
1.000018144793452
1.0000285310878185
1.0000389690760882
1.000043448999594
1.0000332456880379
1.0000144810511498
0.9999949045501576
0.9999782589582966
0.9999721968877662
0.9999655587375325
0.9999491885532453
0.9999437878154236
0.9999645347308266
1.0000001481425642
1.0000467463256337
1.0000863402345659
1.0000947935797841
1.0000739462081407
1.0000419895679826
1.0000013948720992
1.0000013948720992
1.0000381966813825
1.000081089372241
1.0000996461375629
1.0000846307831173
1.000051696688294
1.0000007985223252
0.9999563903497026
0.9999423223606109
0.9999493282178812
0.9999627847152315
0.999976042974608
0.9999780315852486
0.9999855013521144
1.0000150500258351
1.0000404534493916
1.0000411317978526
1.0000365066445174
1.0000324461765977
1.0000180903354583
0.999999028041693
0.9999839185914541
0.9999670769516326
0.9999482393876719
0.9999343854680453
0.9999298311281012
0.999934385468045
0.9999482393876715
0.9999670769516322
0.9999839185914533
0.9999990280416918
1.000018090335457
1.000032446176596
1.0000365066445167
1.0000411317978517
1.0000404534493905
1.000015050025834
0.9999855013521134
0.9999780315852475
0.9999760429746074
0.9999627847152308
0.9999493282178796
0.99994232236061
0.9999563903497023
1.0000007985223243
1.0000516966882937
1.0000846307831175
1.0000996461375626
1.0000810893722407
1.0000381966813827
1.0000013948720992
1.0000013948720992
1.0000419895679828
1.000073946208141
1.0000947935797848
1.0000863402345659
1.0000467463256344
1.0000001481425644
0.9999645347308271
0.9999437878154245
0.9999491885532454
0.9999655587375333
0.9999721968877671
0.9999782589582972
0.9999949045501582
1.0000144810511504
1.0000332456880388
1.0000434489995942
1.0000389690760891
1.000028531087819
1.000018144793453
1.0000026220165399
0.9999853489116926
0.9999694605134646
0.9999530274827856
0.9999392627121236
0.9999343854680446
0.9999392627121235
0.9999530274827854
0.999969460513464
0.9999853489116919
1.0000026220165386
1.0000181447934522
1.000028531087818
1.0000389690760878
1.000043448999593
1.0000332456880379
1.000014481051149
0.9999949045501575
0.9999782589582965
0.9999721968877662
0.9999655587375325
0.9999491885532449
0.9999437878154238
0.9999645347308261
1.0000001481425644
1.0000467463256335
1.0000863402345659
1.0000947935797844
1.000073946208141
1.0000419895679826
1.0000013948720992
1.0000013948720992
1.0000318478302237
1.0000697178753168
1.0000860891002235
1.000072900855669
1.0000459148687497
1.0000052594300042
0.9999710690950374
0.9999583497207668
0.9999567149248816
0.9999591353809654
0.999970320222601
0.9999857129519408
1.000002108291592
1.0000154713551206
1.0000260103744663
1.0000375912231825
1.0000414829316375
1.0000288081931443
1.000014919266203
1.0000071758780338
0.9999944319413784
0.999976679005905
0.9999632667141949
0.9999530274827853
0.9999482393876712
0.9999530274827853
0.9999632667141946
0.9999766790059047
0.9999944319413778
1.0000071758780336
1.0000149192662013
1.0000288081931432
1.0000414829316362
1.0000375912231816
1.0000260103744654
1.0000154713551197
1.0000021082915915
0.9999857129519398
0.9999703202226
0.9999591353809646
0.9999567149248804
0.9999583497207659
0.9999710690950371
1.0000052594300035
1.00004591486875
1.0000729008556688
1.0000860891002235
1.0000697178753166
1.0000318478302241
1.0000013948720992
1.0000013948720992
1.0000301493460735
1.000053044756049
1.0000699110611446
1.0000649908908692
1.0000387411961298
1.000010766280818
0.9999909435661465
0.9999746958890061
0.9999643173349139
0.9999593369593771
0.9999671828352475
0.9999872090858004
1.0000038505443023
1.0000114166921594
1.000018639644753
1.0000279065059032
1.000034629801335
1.000029305085159
1.0000163319040891
1.0000087997920188
1.000002732642213
0.9999893839852971
0.9999766790059049
0.9999694605134636
0.9999670769516318
0.9999694605134635
0.9999766790059045
0.9999893839852967
1.0000027326422123
1.000008799792018
1.000016331904089
1.0000293050851572
1.0000346298013343
1.0000279065059023
1.0000186396447523
1.0000114166921585
1.0000038505443014
0.9999872090857996
0.9999671828352464
0.9999593369593759
0.9999643173349131
0.9999746958890056
0.9999909435661458
1.000010766280818
1.0000387411961293
1.000064990890869
1.0000699110611446
1.000053044756049
1.0000301493460737
1.0000013948720992
1.0000013948720992
1.0000162243547577
1.0000421904861685
1.0000546191435473
1.0000484639283078
1.0000385802800345
1.0000232629211323
1.0000096879513634
0.9999946422622639
0.9999752908430046
0.9999625351720219
0.9999652826769008
0.9999797654427607
0.99999430745321
1.000000207383983
1.0000093504301477
1.0000197330333012
1.0000201514603433
1.0000218322126835
1.0000242333641889
1.000012818997287
1.0000036971270567
1.0000027326422127
0.9999944319413775
0.9999853489116918
0.9999839185914524
0.9999853489116917
0.9999944319413776
1.0000027326422123
1.0000036971270563
1.0000128189972868
1.0000242333641882
1.0000218322126828
1.000020151460343
1.0000197330332994
1.000009350430147
1.0000002073839824
0.999994307453209
0.9999797654427598
0.9999652826768998
0.9999625351720215
0.9999752908430033
0.9999946422622632
1.000009687951363
1.0000232629211319
1.000038580280034
1.0000484639283076
1.000054619143547
1.0000421904861687
1.0000162243547583
1.0000013948720992
1.0000013948720992
1.000012084601633
1.000022016402627
1.000035058402559
1.0000391567596552
1.0000365883612057
1.0000347427329301
1.0000289754195952
1.0000116788784057
0.9999867123702729
0.9999677281645616
0.9999672666996919
0.9999681662940544
0.9999692629244952
0.9999866618154787
1.0000023818503716
1.0000030666803985
1.0000087277287852
1.0000179332883417
1.0000194469043835
1.0000168877114513
1.000012818997287
1.0000087997920177
1.0000071758780327
1.0000026220165383
0.9999990280416916
1.0000026220165383
1.0000071758780333
1.000008799792018
1.0000128189972866
1.0000168877114513
1.000019446904383
1.0000179332883405
1.0000087277287841
1.0000030666803974
1.0000023818503705
0.999986661815478
0.9999692629244945
0.9999681662940539
0.9999672666996906
0.9999677281645604
0.9999867123702719
1.0000116788784053
1.0000289754195948
1.0000347427329297
1.0000365883612061
1.0000391567596547
1.0000350584025595
1.000022016402627
1.0000120846016332
1.0000013948720992
1.0000013948720992
0.9999949842053688
1.0000055249725033
1.000014768827648
1.0000209479793298
1.000033474322603
1.0000429648807372
1.000041811582113
1.0000207173417195
0.9999982019078043
0.999985828828325
0.9999686365128122
0.9999530725729586
0.9999565534170644
0.9999704155479443
0.9999846441120303
0.9999962922114369
1.0000063387299356
1.000010123452671
1.0000107301548997
1.000019446904383
1.0000242333641882
1.000016331904088
1.0000149192662016
1.000018144793451
1.000018090335457
1.0000181447934515
1.0000149192662013
1.0000163319040882
1.000024233364188
1.0000194469043828
1.000010730154899
1.0000101234526708
1.0000063387299347
0.999996292211436
0.9999846441120296
0.9999704155479433
0.9999565534170641
0.9999530725729575
0.9999686365128121
0.9999858288283235
0.999998201907804
1.0000207173417184
1.0000418115821132
1.0000429648807363
1.0000334743226025
1.0000209479793298
1.0000147688276482
1.0000055249725037
0.9999949842053696
1.0000013948720992
1.0000013948720992
0.9999864829184384
0.9999784080017404
0.9999865907944984
1.0000020793697788
1.0000243127758681
1.000041156703424
1.000039669327653
1.0000287072696792
1.000015974657449
0.9999986114107815
0.9999775387620218
0.9999550880118535
0.9999486554517881
0.9999565811167195
0.9999709273257311
0.9999935227864208
1.0000039045855222
1.0000013519344235
1.000010123452671
1.0000179332883412
1.0000218322126826
1.0000293050851572
1.0000288081931428
1.0000285310878176
1.0000324461765953
1.0000285310878179
1.0000288081931428
1.0000293050851574
1.0000218322126828
1.0000179332883403
1.0000101234526708
1.0000013519344229
1.0000039045855211
0.9999935227864198
0.9999709273257301
0.9999565811167186
0.9999486554517872
0.9999550880118527
0.9999775387620208
0.9999986114107808
1.0000159746574482
1.0000287072696783
1.000039669327652
1.000041156703424
1.0000243127758675
1.0000020793697786
0.9999865907944978
0.9999784080017405
0.9999864829184382
1.0000013948720992
1.0000013948720992
0.9999664973259927
0.999956569335342
0.9999614420961701
0.9999803349191212
1.0000095283122583
1.0000303269595057
1.0000362121829827
1.0000293658435253
1.0000286417155368
1.0000194772534756
0.9999902459715494
0.9999664258470922
0.9999539243493165
0.9999515817604056
0.9999663563663745
0.999982384408621
0.999994407258086
1.0000039045855218
1.0000063387299347
1.0000087277287841
1.0000201514603426
1.0000346298013338
1.0000414829316358
1.0000389690760876
1.0000365066445158
1.0000389690760874
1.000041482931636
1.0000346298013336
1.0000201514603428
1.0000087277287837
1.0000063387299347
1.0000039045855211
0.9999944072580851
0.9999823844086212
0.9999663563663735
0.9999515817604051
0.9999539243493155
0.9999664258470913
0.9999902459715487
1.0000194772534752
1.0000286417155364
1.0000293658435249
1.0000362121829822
1.0000303269595052
1.0000095283122576
0.9999803349191211
0.9999614420961702
0.9999565693353417
0.9999664973259936
1.0000013948720992
1.0000013948720992
0.9999594035714532
0.9999336213811092
0.9999387228113855
0.9999639681211923
0.9999989386103868
1.0000173866470543
1.0000203816209434
1.000033680340457
1.000042737621523
1.000028632170231
1.000006380923729
0.9999856668960723
0.9999677647352091
0.9999550877469378
0.9999593266091055
0.9999717042455891
0.9999823844086211
0.9999935227864205
0.9999962922114366
1.0000030666803978
1.0000197330332994
1.0000279065059021
1.0000375912231811
1.0000434489995924
1.0000411317978508
1.0000434489995926
1.0000375912231816
1.0000279065059023
1.0000197330332994
1.0000030666803974
0.9999962922114359
0.9999935227864195
0.99998238440862
0.999971704245588
0.9999593266091044
0.9999550877469368
0.999967764735208
0.9999856668960712
1.000006380923728
1.0000286321702299
1.000042737621523
1.000033680340456
1.0000203816209436
1.000017386647054
0.9999989386103867
0.9999639681211916
0.9999387228113852
0.9999336213811092
0.9999594035714531
1.0000013948720992
1.0000013948720992
0.9999443590648659
0.9999211313905407
0.9999280498358647
0.9999575668697814
0.9999868959507897
1.000002315574274
1.000018763822509
1.0000361067024295
1.0000454774394463
1.0000364790101133
1.000024303769783
1.0000052076928478
0.9999766000170808
0.9999661295030546
0.9999629230469588
0.999959326609105
0.9999663563663742
0.9999709273257302
0.9999846441120296
1.0000023818503705
1.0000093504301462
1.000018639644752
1.0000260103744647
1.0000332456880372
1.0000404534493894
1.000033245688037
1.0000260103744643
1.000018639644752
1.0000093504301462
1.0000023818503703
0.999984644112029
0.9999709273257303
0.9999663563663734
0.9999593266091048
0.9999629230469579
0.9999661295030542
0.9999766000170801
1.000005207692848
1.0000243037697816
1.0000364790101126
1.0000454774394458
1.000036106702429
1.000018763822508
1.0000023155742732
0.9999868959507892
0.9999575668697813
0.9999280498358644
0.9999211313905407
0.999944359064866
1.0000013948720992
1.0000013948720992
0.9999440206554224
0.9999127668166867
0.999923433135974
0.9999538143646275
0.9999837881048057
0.9999963860494648
1.0000128605084104
1.0000390471488336
1.0000465984010085
1.000044249556933
1.0000341745022088
1.0000106530020154
0.9999952122880565
0.9999820800612961
0.9999661295030549
0.9999550877469371
0.9999515817604052
0.9999565811167186
0.9999704155479436
0.999986661815478
1.000000207383982
1.0000114166921577
1.000015471355119
1.0000144810511484
1.000015050025833
1.0000144810511484
1.0000154713551193
1.0000114166921579
1.0000002073839822
0.999986661815478
0.9999704155479436
0.9999565811167179
0.9999515817604042
0.9999550877469366
0.9999661295030541
0.999982080061295
0.9999952122880554
1.0000106530020143
1.000034174502208
1.0000442495569324
1.0000465984010074
1.0000390471488327
1.0000128605084102
0.9999963860494651
0.999983788104805
0.9999538143646272
0.9999234331359735
0.9999127668166868
0.9999440206554218
1.0000013948720992
1.0000013948720992
0.9999355478435585
0.9999121019789753
0.9999280708033361
0.9999596921762516
0.9999748364198894
0.9999874714572292
1.000018055914679
1.0000391867807075
1.0000450439345043
1.0000444694001132
1.0000387904211128
1.0000234607917333
1.0000108694261913
0.9999952122880561
0.9999766000170808
0.9999677647352087
0.9999539243493161
0.9999486554517875
0.9999565534170641
0.9999692629244937
0.9999943074532087
1.0000038505443007
1.0000021082915904
0.9999949045501565
0.9999855013521123
0.9999949045501566
1.0000021082915902
1.0000038505443012
0.9999943074532087
0.9999692629244943
0.9999565534170638
0.9999486554517873
0.9999539243493156
0.9999677647352079
0.9999766000170802
0.9999952122880558
1.0000108694261909
1.0000234607917329
1.000038790421112
1.000044469400113
1.0000450439345032
1.000039186780708
1.0000180559146779
0.9999874714572289
0.9999748364198887
0.9999596921762511
0.9999280708033365
0.9999121019789751
0.9999355478435591
1.0000013948720992
1.0000013948720992
0.9999398498441877
0.9999138114287262
0.9999315969273831
0.9999531209384858
0.9999683724270643
0.9999864607754361
1.0000146415317799
1.0000308877397062
1.0000400757444112
1.0000516268769462
1.0000417190844406
1.0000313379400652
1.0000234607917335
1.0000106530020156
1.0000052076928483
0.999985666896072
0.9999664258470912
0.9999550880118528
0.999953072572957
0.9999681662940535
0.9999797654427595
0.9999872090857987
0.9999857129519389
0.9999782589582956
0.9999780315852465
0.9999782589582957
0.9999857129519398
0.9999872090857992
0.9999797654427598
0.9999681662940536
0.9999530725729573
0.9999550880118525
0.999966425847091
0.999985666896071
1.0000052076928476
1.000010653002014
1.0000234607917329
1.000031337940064
1.0000417190844395
1.0000516268769457
1.0000400757444106
1.0000308877397057
1.0000146415317797
0.999986460775436
0.9999683724270638
0.9999531209384855
0.999931596927383
0.9999138114287257
0.9999398498441876
1.0000013948720992
1.0000013948720992
0.9999350330429101
0.9999176778888615
0.9999369675719391
0.9999537761382519
0.9999556233347828
0.9999777551021313
1.0000070281040039
1.0000234735251379
1.00004294416989
1.0000457127192341
1.0000419014428037
1.0000417190844408
1.0000387904211125
1.0000341745022086
1.000024303769783
1.000006380923728
0.999990245971549
0.99997753876202
0.9999686365128114
0.9999672666996905
0.999965282676899
0.999967182835246
0.9999703202225992
0.9999721968877656
0.9999760429746062
0.9999721968877656
0.9999703202225994
0.9999671828352461
0.9999652826768997
0.9999672666996906
0.9999686365128114
0.9999775387620206
0.9999902459715485
1.0000063809237283
1.000024303769782
1.000034174502208
1.000038790421112
1.0000417190844397
1.0000419014428037
1.0000457127192335
1.0000429441698904
1.0000234735251379
1.0000070281040034
0.9999777551021313
0.9999556233347828
0.9999537761382519
0.9999369675719388
0.9999176778888615
0.9999350330429105
1.0000013948720992
1.0000013948720992
0.9999456363896982
0.9999307236053792
0.9999453489370397
0.9999424069026407
0.9999494917566648
0.9999760040435532
0.9999976725169494
1.0000120277004576
1.000030604601961
1.0000392875495778
1.0000457127192346
1.0000516268769464
1.0000444694001134
1.0000442495569333
1.000036479010113
1.00002863217023
1.000019477253475
0.9999986114107804
0.9999858288283235
0.9999677281645599
0.9999625351720209
0.9999593369593752
0.9999591353809638
0.9999655587375319
0.9999627847152301
0.999965558737532
0.9999591353809644
0.9999593369593758
0.9999625351720215
0.99996772816456
0.999985828828324
0.9999986114107806
1.0000194772534747
1.0000286321702296
1.0000364790101124
1.0000442495569324
1.0000444694001125
1.0000516268769457
1.0000457127192335
1.0000392875495776
1.0000306046019598
1.0000120277004574
0.9999976725169489
0.999976004043553
0.9999494917566648
0.9999424069026406
0.9999453489370399
0.9999307236053795
0.9999456363896985
1.0000013948720992
1.0000013948720992
0.9999502313162304
0.9999470375461642
0.9999585133746494
0.9999522495838566
0.9999531457794273
0.9999723385117186
0.9999807741681596
1.0000021684448483
1.0000232104801736
1.0000306046019605
1.0000429441698904
1.000040075744411
1.000045043934504
1.000046598401008
1.000045477439446
1.000042737621523
1.000028641715536
1.0000159746574475
0.9999982019078033
0.9999867123702716
0.9999752908430031
0.9999643173349129
0.9999567149248799
0.9999491885532447
0.9999493282178796
0.9999491885532447
0.9999567149248803
0.999964317334913
0.9999752908430035
0.9999867123702718
0.9999982019078038
1.0000159746574477
1.000028641715536
1.0000427376215228
1.0000454774394458
1.0000465984010076
1.0000450439345039
1.0000400757444108
1.0000429441698897
1.0000306046019602
1.0000232104801736
1.0000021684448483
0.9999807741681594
0.9999723385117187
0.9999531457794272
0.999952249583857
0.9999585133746495
0.9999470375461641
0.9999502313162305
1.0000013948720992
1.0000013948720992
0.9999712691445513
0.9999771441794401
0.9999797920017791
0.9999567490207091
0.9999647724248297
0.9999739528543208
0.9999808119420383
0.9999957950643485
1.0000021684448488
1.0000120277004578
1.0000234735251379
1.0000308877397064
1.0000391867807084
1.0000390471488336
1.0000361067024288
1.0000336803404561
1.0000293658435246
1.0000287072696783
1.0000207173417182
1.0000116788784044
0.9999946422622629
0.9999746958890048
0.9999583497207655
0.999943787815423
0.9999423223606094
0.9999437878154235
0.999958349720766
0.9999746958890054
0.9999946422622631
1.000011678878405
1.0000207173417184
1.0000287072696787
1.0000293658435246
1.0000336803404564
1.0000361067024284
1.0000390471488332
1.0000391867807075
1.0000308877397062
1.0000234735251379
1.0000120277004576
1.0000021684448483
0.9999957950643484
0.9999808119420385
0.9999739528543207
0.99996477242483
0.9999567490207089
0.9999797920017792
0.9999771441794402
0.9999712691445514
1.0000013948720992
1.0000013948720992
0.999985244142068
1.0000021189908899
0.9999981982377725
0.9999836900780147
0.999988758446733
0.9999831230244938
0.9999757890258324
0.9999808119420384
0.9999807741681597
0.999997672516949
1.0000070281040039
1.00001464153178
1.000018055914678
1.0000128605084104
1.000018763822508
1.0000203816209439
1.0000362121829818
1.0000396693276519
1.000041811582112
1.0000289754195941
1.0000096879513627
0.9999909435661454
0.999971069095037
0.9999645347308257
0.9999563903497019
0.9999645347308264
0.9999710690950367
0.9999909435661452
1.000009687951363
1.000028975419595
1.0000418115821124
1.000039669327652
1.0000362121829818
1.0000203816209434
1.0000187638225082
1.0000128605084102
1.0000180559146783
1.0000146415317797
1.0000070281040034
0.9999976725169492
0.9999807741681594
0.9999808119420386
0.9999757890258331
0.9999831230244941
0.999988758446733
0.9999836900780149
0.9999981982377728
1.0000021189908899
0.9999852441420685
1.0000013948720992
1.0000013948720992
1.00001076859588
1.0000358936654958
1.000021548645905
1.0000002654130522
1.0000020995941985
0.9999830794966427
0.9999831230244939
0.9999739528543207
0.9999723385117189
0.9999760040435529
0.9999777551021313
0.9999864607754361
0.9999874714572292
0.9999963860494648
1.0000023155742734
1.0000173866470534
1.000030326959505
1.0000411567034233
1.0000429648807363
1.0000347427329292
1.0000232629211314
1.0000107662808169
1.0000052594300028
1.0000001481425638
1.0000007985223238
1.0000001481425642
1.0000052594300035
1.0000107662808178
1.000023262921132
1.00003474273293
1.0000429648807365
1.0000411567034238
1.0000303269595054
1.0000173866470534
1.0000023155742732
0.999996386049465
0.9999874714572288
0.9999864607754358
0.9999777551021314
0.9999760040435531
0.9999723385117193
0.9999739528543208
0.9999831230244938
0.999983079496643
1.0000020995941983
1.0000002654130526
1.0000215486459054
1.0000358936654963
1.0000107685958801
1.0000013948720992
1.0000013948720992
1.0000262722405342
1.0000502555151207
1.0000273900607481
1.000023436380219
1.0000196760102935
1.0000020995941987
0.9999887584467332
0.9999647724248301
0.9999531457794271
0.9999494917566649
0.9999556233347828
0.9999683724270639
0.9999748364198889
0.9999837881048051
0.9999868959507893
0.9999989386103864
1.0000095283122576
1.0000243127758672
1.0000334743226016
1.0000365883612052
1.0000385802800333
1.0000387411961291
1.000045914868749
1.000046746325633
1.0000516966882937
1.0000467463256335
1.000045914868749
1.0000387411961291
1.0000385802800333
1.0000365883612055
1.0000334743226023
1.0000243127758677
1.0000095283122579
0.9999989386103868
0.9999868959507892
0.999983788104805
0.999974836419889
0.9999683724270635
0.9999556233347828
0.9999494917566649
0.9999531457794272
0.9999647724248297
0.9999887584467336
1.0000020995941983
1.0000196760102933
1.000023436380219
1.000027390060748
1.000050255515121
1.0000262722405346
1.0000013948720992
1.0000013948720992
1.000051561532762
1.0000773820226259
1.0000488913466854
1.0000415614256617
1.000023436380219
1.0000002654130522
0.9999836900780154
0.999956749020709
0.9999522495838573
0.9999424069026399
0.9999537761382523
0.9999531209384853
0.9999596921762517
0.999953814364627
0.9999575668697814
0.9999639681211915
0.9999803349191206
1.0000020793697781
1.0000209479793294
1.000039156759655
1.000048463928307
1.0000649908908688
1.000072900855668
1.0000863402345659
1.0000846307831166
1.0000863402345657
1.0000729008556684
1.000064990890869
1.0000484639283074
1.0000391567596552
1.0000209479793296
1.0000020793697784
0.9999803349191212
0.9999639681211916
0.9999575668697814
0.9999538143646272
0.9999596921762512
0.9999531209384857
0.9999537761382523
0.9999424069026401
0.9999522495838569
0.999956749020709
0.9999836900780149
1.0000002654130526
1.0000234363802187
1.0000415614256617
1.0000488913466856
1.0000773820226259
1.0000515615327619
1.0000013948720992
1.0000013948720992
1.0000704266746838
1.0000801593288107
1.0000477101514411
1.0000488913466856
1.000027390060748
1.0000215486459052
0.9999981982377729
0.999979792001779
0.9999585133746499
0.9999453489370402
0.9999369675719393
0.9999315969273831
0.9999280708033366
0.9999234331359738
0.9999280498358641
0.9999387228113852
0.9999614420961702
0.9999865907944978
1.0000147688276475
1.0000350584025588
1.0000546191435469
1.0000699110611442
1.000086089100223
1.000094793579784
1.0000996461375626
1.0000947935797844
1.000086089100223
1.0000699110611444
1.0000546191435469
1.0000350584025584
1.000014768827648
0.999986590794498
0.9999614420961703
0.9999387228113854
0.9999280498358646
0.9999234331359739
0.9999280708033363
0.999931596927383
0.9999369675719386
0.9999453489370401
0.9999585133746494
0.9999797920017794
0.9999981982377727
1.000021548645905
1.000027390060748
1.0000488913466854
1.000047710151441
1.000080159328811
1.000070426674684
1.0000013948720992
1.0000013948720992
1.0000916242203624
1.0001016114468166
1.0000801593288111
1.0000773820226259
1.000050255515121
1.000035893665496
1.0000021189908899
0.9999771441794405
0.9999470375461641
0.9999307236053795
0.9999176778888615
0.9999138114287263
0.9999121019789746
0.9999127668166868
0.9999211313905411
0.999933621381109
0.9999565693353415
0.9999784080017402
1.0000055249725028
1.0000220164026268
1.0000421904861685
1.0000530447560487
1.0000697178753166
1.000073946208141
1.0000810893722403
1.000073946208141
1.0000697178753166
1.0000530447560487
1.0000421904861685
1.000022016402627
1.0000055249725037
0.9999784080017406
0.9999565693353419
0.9999336213811093
0.9999211313905408
0.999912766816687
0.9999121019789754
0.9999138114287262
0.999917677888862
0.9999307236053793
0.9999470375461643
0.9999771441794403
1.0000021189908896
1.000035893665496
1.0000502555151212
1.0000773820226259
1.000080159328811
1.0001016114468162
1.0000916242203626
1.0000013948720992
1.0000013948720992
1.0001192491042432
1.0000916242203624
1.000070426674684
1.0000515615327623
1.0000262722405346
1.0000107685958801
0.9999852441420684
0.9999712691445511
0.9999502313162307
0.9999456363896982
0.9999350330429108
0.9999398498441875
0.9999355478435595
0.9999440206554215
0.9999443590648661
0.9999594035714527
0.9999664973259936
0.9999864829184381
0.9999949842053699
1.0000120846016325
1.0000162243547583
1.0000301493460735
1.000031847830224
1.0000419895679826
1.0000381966813827
1.0000419895679828
1.0000318478302237
1.0000301493460735
1.000016224354758
1.0000120846016323
0.9999949842053697
0.9999864829184381
0.999966497325994
0.9999594035714527
0.9999443590648665
0.9999440206554218
0.9999355478435594
0.9999398498441876
0.9999350330429108
0.9999456363896982
0.9999502313162304
0.9999712691445515
0.9999852441420681
1.0000107685958801
1.0000262722405342
1.000051561532762
1.0000704266746836
1.0000916242203628
1.0001192491042432
1.0000013948720992
1.0000013948720992
1.0000013948720992
1.0000013948720992
1.0000013948720992
1.0000013948720992
1.0000013948720992
1.0000013948720992
1.0000013948720992
1.0000013948720992
1.0000013948720992
1.0000013948720992
1.0000013948720992
1.0000013948720992
1.0000013948720992
1.0000013948720992
1.0000013948720992
1.0000013948720992
1.0000013948720992
1.0000013948720992
1.0000013948720992
1.0000013948720992
1.0000013948720992
1.0000013948720992
1.0000013948720992
1.0000013948720992
1.0000013948720992
1.0000013948720992
1.0000013948720992
1.0000013948720992
1.0000013948720992
1.0000013948720992
1.0000013948720992
1.0000013948720992
1.0000013948720992
1.0000013948720992
1.0000013948720992
1.0000013948720992
1.0000013948720992
1.0000013948720992
1.0000013948720992
1.0000013948720992
1.0000013948720992
1.0000013948720992
1.0000013948720992
1.0000013948720992
1.0000013948720992
1.0000013948720992
1.0000013948720992
1.0000013948720992
1.0000013948720992
1.0000013948720992
