1.000000000097664
1.000000000097664
1.000000000097664
1.000000000097664
1.000000000097664
1.000000000097664
1.000000000097664
1.000000000097664
1.000000000097664
1.000000000097664
1.000000000097664
1.000000000097664
1.000000000097664
1.000000000097664
1.000000000097664
1.000000000097664
1.000000000097664
1.000000000097664
1.000000000097664
1.000000000097664
1.000000000097664
1.000000000097664
1.000000000097664
1.000000000097664
1.000000000097664
1.000000000097664
1.000000000097664
1.000000000097664
1.000000000097664
1.000000000097664
1.000000000097664
1.000000000097664
1.000000000097664
1.000000000097664
1.000000000097664
1.000000000097664
1.000000000097664
1.000000000097664
1.000000000097664
1.000000000097664
1.000000000097664
1.000000000097664
1.000000000097664
1.000000000097664
1.000000000097664
1.000000000097664
1.000000000097664
1.000000000097664
1.000000000097664
1.000000000097664
1.000000000097664
1.000000000097664
1.00000000049036
1.0000000005210308
1.0000000006854413
1.000000000488798
1.0000000006926366
1.0000000003123033
1.0000000003749459
0.9999999996528899
0.9999999991204702
0.9999999979550146
0.9999999983261668
0.9999999988138171
1.000000000216062
1.0000000000756166
1.000000000324536
0.9999999995392718
1.000000000084416
0.9999999998653079
1.0000000004443697
1.0000000000824563
1.0000000004945602
0.9999999995315143
0.9999999999902183
0.9999999994597519
1.000000000155478
0.9999999994597515
0.9999999999902187
0.9999999995315142
1.0000000004945602
1.000000000082456
1.0000000004443699
0.9999999998653074
1.0000000000844163
0.9999999995392714
1.0000000003245355
1.0000000000756168
1.0000000002160612
0.9999999988138174
0.9999999983261659
0.9999999979550142
0.99999999912047
0.9999999996528895
1.0000000003749454
1.0000000003123033
1.0000000006926357
1.0000000004887977
1.0000000006854404
1.0000000005210308
1.0000000004903598
1.000000000097664
1.000000000097664
1.0000000005210306
1.0000000012346182
1.0000000009754015
1.000000001691992
1.0000000011683376
1.0000000017493307
0.9999999999719805
0.999999999393661
0.9999999970354744
0.999999997476615
0.9999999968598069
0.9999999984862221
0.9999999985285527
1.0000000000474931
0.9999999999051438
1.0000000002626104
1.0000000002165659
1.0000000007535128
1.0000000011944037
1.0000000008596874
1.00000000076269
0.9999999999533883
0.9999999998758693
0.9999999993532638
0.9999999993972074
0.999999999353264
0.999999999875869
0.9999999999533886
1.0000000007626895
1.000000000859688
1.000000001194403
1.0000000007535137
1.000000000216565
1.0000000002626104
0.9999999999051432
1.0000000000474925
0.9999999985285521
0.9999999984862212
0.9999999968598063
0.9999999974766149
0.9999999970354737
0.9999999993936608
0.9999999999719801
1.0000000017493307
1.0000000011683368
1.000000001691992
1.0000000009754013
1.0000000012346177
1.0000000005210306
1.000000000097664
1.000000000097664
1.0000000006854406
1.0000000009754015
1.000000002249325
1.0000000026724978
1.0000000031514713
1.0000000016533368
1.000000000286841
0.9999999983117532
0.9999999965483429
0.999999996050326
0.9999999961497292
0.9999999979655498
0.9999999976374092
0.999999998849511
0.9999999986834609
1.0000000010314831
1.000000001752069
1.0000000018982513
1.0000000024027993
1.0000000013413943
1.0000000020065107
1.0000000005355572
0.9999999997882193
0.9999999989655224
0.9999999989307494
0.999999998965522
0.9999999997882193
1.0000000005355567
1.0000000020065107
1.0000000013413943
1.000000002402799
1.0000000018982511
1.000000001752069
1.0000000010314827
0.9999999986834602
0.9999999988495105
0.9999999976374085
0.9999999979655493
0.9999999961497287
0.9999999960503257
0.9999999965483425
0.9999999983117529
1.0000000002868406
1.0000000016533366
1.000000003151471
1.0000000026724976
1.0000000022493245
1.000000000975401
1.000000000685441
1.000000000097664
1.000000000097664
1.000000000488798
1.000000001691992
1.0000000026724976
1.0000000037009111
1.000000003864973
1.0000000027166718
1.0000000008812626
0.9999999974601538
0.9999999964850409
0.9999999955515341
0.9999999967271189
0.999999996370586
0.9999999968136507
0.9999999981956877
0.9999999984475462
1.0000000010949193
1.000000001120336
1.000000002952985
1.00000000426318
1.0000000023810907
1.000000002132216
1.0000000008374457
0.9999999993602801
0.9999999991403276
0.999999998241652
0.9999999991403273
0.9999999993602802
1.000000000837446
1.0000000021322155
1.0000000023810904
1.00000000426318
1.000000002952985
1.0000000011203358
1.000000001094919
0.9999999984475461
0.9999999981956867
0.9999999968136499
0.9999999963705852
0.9999999967271185
0.9999999955515333
0.9999999964850402
0.9999999974601538
1.0000000008812624
1.0000000027166716
1.000000003864973
1.0000000037009114
1.000000002672497
1.0000000016919928
1.0000000004887977
1.000000000097664
1.000000000097664
1.0000000006926368
1.000000001168337
1.000000003151472
1.0000000038649732
1.0000000042653578
1.0000000029277405
1.0000000015568946
0.9999999997157225
0.9999999980433172
0.9999999962002224
0.9999999963891223
0.9999999957629676
0.9999999974834475
0.9999999974434749
0.9999999979323948
1.0000000000462437
0.9999999995775369
1.0000000031968166
1.0000000046483162
1.0000000024549316
1.0000000017136976
1.0000000007985552
0.9999999992941513
0.999999998888449
0.9999999980863155
0.999999998888449
0.9999999992941514
1.0000000007985548
1.0000000017136972
1.0000000024549314
1.0000000046483162
1.0000000031968161
0.9999999995775368
1.000000000046243
0.9999999979323944
0.9999999974434742
0.9999999974834468
0.9999999957629672
0.999999996389122
0.9999999962002218
0.9999999980433174
0.9999999997157221
1.000000001556894
1.0000000029277403
1.0000000042653574
1.0000000038649732
1.0000000031514713
1.000000001168337
1.0000000006926362
1.000000000097664
1.000000000097664
1.0000000003123026
1.0000000017493307
1.000000001653336
1.000000002716672
1.0000000029277403
1.0000000041138588
1.0000000038053847
1.0000000025021212
1.0000000001781584
0.9999999988648408
0.9999999971940456
0.9999999966493034
0.9999999973164012
0.9999999962167355
0.9999999975711296
0.9999999985619342
0.9999999986260445
1.0000000021800415
1.0000000022907827
1.0000000008040864
1.0000000013279358
1.000000001148918
0.9999999997147829
0.9999999982665755
0.9999999986322919
0.999999998266575
0.9999999997147828
1.000000001148918
1.0000000013279358
1.0000000008040864
1.0000000022907827
1.000000002180041
0.9999999986260444
0.9999999985619336
0.9999999975711295
0.9999999962167347
0.9999999973164005
0.9999999966493028
0.9999999971940453
0.9999999988648401
1.0000000001781573
1.0000000025021212
1.0000000038053847
1.0000000041138586
1.0000000029277403
1.0000000027166716
1.0000000016533364
1.000000001749331
1.000000000312303
1.000000000097664
1.000000000097664
1.000000000374946
0.9999999999719802
1.0000000002868408
1.0000000008812622
1.0000000015568944
1.0000000038053847
1.0000000048832125
1.00000000530849
1.0000000038942853
1.0000000015419268
0.9999999994314273
0.9999999977410401
0.9999999966863715
0.9999999957923159
0.999999998009356
0.9999999966595474
0.9999999972672091
1.0000000004452467
1.0000000003621539
0.9999999994430083
0.9999999995123404
1.000000001168062
1.0000000003797926
0.9999999994678529
0.9999999992070504
0.9999999994678532
1.0000000003797926
1.000000001168062
0.9999999995123401
0.9999999994430079
1.0000000003621534
1.0000000004452463
0.9999999972672089
0.9999999966595466
0.9999999980093555
0.9999999957923152
0.9999999966863709
0.9999999977410392
0.9999999994314264
1.000000001541926
1.0000000038942851
1.0000000053084899
1.000000004883212
1.0000000038053845
1.0000000015568942
1.000000000881262
1.0000000002868408
0.9999999999719799
1.000000000374946
1.000000000097664
1.000000000097664
0.9999999996528897
0.9999999993936604
0.999999998311753
0.9999999974601539
0.9999999997157223
1.0000000025021207
1.00000000530849
1.0000000066387673
1.0000000057719203
1.0000000043213702
1.0000000016221324
0.9999999993184119
0.9999999972890746
0.9999999967607198
0.9999999964632079
0.999999994935595
0.9999999970469708
0.9999999999245809
0.9999999992175791
0.9999999982004181
0.9999999987178779
1.0000000006339114
1.0000000015316934
1.0000000011723504
1.0000000009304082
1.00000000117235
1.0000000015316934
1.0000000006339107
0.9999999987178777
0.9999999982004174
0.9999999992175785
0.9999999999245803
0.9999999970469698
0.999999994935595
0.9999999964632073
0.9999999967607193
0.9999999972890738
0.9999999993184112
1.000000001622132
1.0000000043213695
1.0000000057719192
1.000000006638767
1.0000000053084896
1.000000002502121
0.9999999997157222
0.9999999974601534
0.9999999983117536
0.9999999993936606
0.9999999996528897
1.000000000097664
1.000000000097664
0.9999999991204701
0.9999999970354744
0.9999999965483422
0.9999999964850403
0.999999998043317
1.0000000001781582
1.000000003894285
1.0000000057719198
1.0000000066572488
1.0000000062801677
1.0000000030835194
1.0000000004665042
0.9999999982511366
0.9999999974398193
0.9999999958986369
0.9999999948167355
0.9999999975931035
0.9999999995526885
0.999999997876487
0.9999999980701055
0.999999999997753
1.0000000016413222
1.0000000025477225
1.0000000020572444
1.0000000015589356
1.0000000020572448
1.0000000025477218
1.0000000016413222
0.9999999999977524
0.9999999980701054
0.9999999978764861
0.9999999995526879
0.9999999975931031
0.9999999948167343
0.9999999958986362
0.9999999974398185
0.9999999982511357
1.000000000466504
1.0000000030835183
1.0000000062801668
1.0000000066572483
1.0000000057719194
1.0000000038942851
1.0000000001781575
0.9999999980433175
0.9999999964850405
0.9999999965483423
0.9999999970354739
0.9999999991204702
1.000000000097664
1.000000000097664
0.9999999979550143
0.999999997476615
0.9999999960503259
0.9999999955515338
0.9999999962002216
0.99999999886484
1.0000000015419264
1.00000000432137
1.000000006280168
1.0000000048487179
1.0000000025893248
1.000000001738013
1.0000000001119795
0.9999999982806199
0.9999999968137381
0.9999999958311242
0.9999999982269571
0.9999999981389663
0.9999999975690843
0.9999999995560097
1.0000000012596628
1.0000000027432134
1.0000000031779779
1.0000000021887114
1.0000000006838865
1.0000000021887108
1.0000000031779783
1.000000002743213
1.0000000012596626
0.9999999995560096
0.9999999975690835
0.999999998138966
0.9999999982269562
0.9999999958311239
0.999999996813738
0.999999998280619
1.000000000111979
1.0000000017380115
1.0000000025893243
1.000000004848717
1.0000000062801668
1.0000000043213695
1.000000001541926
0.9999999988648398
0.9999999962002217
0.9999999955515333
0.9999999960503261
0.9999999974766149
0.9999999979550143
1.000000000097664
1.000000000097664
0.9999999983261666
0.9999999968598067
0.9999999961497289
0.9999999967271184
0.9999999963891223
0.999999997194045
0.9999999994314268
1.000000001622132
1.000000003083519
1.0000000025893248
1.000000003569659
1.000000002674041
1.0000000007314016
0.9999999999928214
0.9999999980754838
0.9999999981947544
0.9999999993080292
0.9999999983490099
0.9999999974866863
0.9999999996466676
1.0000000013825179
1.0000000025411622
1.00000000278561
1.0000000017978854
1.0000000015409483
1.0000000017978858
1.00000000278561
1.000000002541162
1.0000000013825179
0.9999999996466671
0.9999999974866858
0.9999999983490092
0.9999999993080284
0.9999999981947538
0.9999999980754825
0.9999999999928205
1.0000000007314012
1.00000000267404
1.0000000035696586
1.0000000025893243
1.0000000030835186
1.0000000016221318
0.9999999994314264
0.9999999971940446
0.9999999963891217
0.9999999967271183
0.9999999961497285
0.9999999968598062
0.9999999983261665
1.000000000097664
1.000000000097664
0.9999999988138175
0.9999999984862218
0.9999999979655495
0.9999999963705858
0.9999999957629669
0.9999999966493031
0.9999999977410391
0.9999999993184118
1.000000000466504
1.0000000017380126
1.0000000026740408
1.0000000017735016
1.0000000015177108
1.00000000180649
1.000000001332018
1.0000000012883181
1.0000000008060441
0.9999999981944188
0.9999999968347127
0.9999999984202063
1.0000000006685499
1.000000001811406
1.0000000012790091
1.0000000014281791
1.0000000017264223
1.0000000014281791
1.000000001279009
1.0000000018114055
1.0000000006685488
0.999999998420206
0.9999999968347122
0.9999999981944192
1.0000000008060435
1.000000001288318
1.0000000013320178
1.0000000018064896
1.0000000015177102
1.0000000017735007
1.0000000026740399
1.000000001738012
1.000000000466503
0.9999999993184112
0.9999999977410389
0.999999996649303
0.9999999957629664
0.9999999963705855
0.9999999979655493
0.9999999984862215
0.9999999988138172
1.000000000097664
1.000000000097664
1.0000000002160618
0.9999999985285527
0.9999999976374091
0.9999999968136501
0.9999999974834469
0.9999999973164009
0.999999996686371
0.9999999972890737
0.9999999982511364
1.0000000001119793
1.0000000007314014
1.0000000015177106
1.0000000035772922
1.0000000043380275
1.0000000037116776
1.0000000031947343
1.000000001532452
0.9999999976066444
0.9999999965630617
0.9999999990623455
1.0000000006381673
1.000000000629248
1.0000000000265752
0.999999999828415
0.999999999549354
0.9999999998284151
1.0000000000265752
1.0000000006292478
1.0000000006381675
0.9999999990623454
0.999999996563061
0.9999999976066437
1.0000000015324515
1.0000000031947338
1.000000003711677
1.0000000043380273
1.000000003577291
1.0000000015177102
1.0000000007314005
1.0000000001119786
0.9999999982511357
0.9999999972890733
0.9999999966863705
0.9999999973164003
0.9999999974834468
0.9999999968136499
0.9999999976374088
0.9999999985285524
1.0000000002160616
1.000000000097664
1.000000000097664
1.0000000000756166
1.0000000000474927
0.9999999988495106
0.9999999981956871
0.9999999974434743
0.9999999962167352
0.9999999957923152
0.9999999967607196
0.9999999974398186
0.9999999982806195
0.9999999999928216
1.0000000018064894
1.0000000043380277
1.0000000046956958
1.0000000045093305
1.00000000421318
1.0000000017816117
0.999999998862004
0.9999999981894909
1.000000000600786
1.0000000010128511
0.9999999999248587
0.9999999984813459
0.9999999972323066
0.999999997084387
0.9999999972323061
0.9999999984813457
0.9999999999248578
1.0000000010128505
1.000000000600785
0.9999999981894914
0.9999999988620036
1.0000000017816109
1.0000000042131794
1.0000000045093296
1.000000004695695
1.000000004338027
1.000000001806489
0.9999999999928207
0.9999999982806184
0.999999997439818
0.9999999967607189
0.9999999957923148
0.9999999962167346
0.9999999974434736
0.9999999981956867
0.9999999988495102
1.0000000000474925
1.0000000000756164
1.000000000097664
1.000000000097664
1.0000000003245355
0.9999999999051431
0.9999999986834603
0.9999999984475454
0.9999999979323946
0.9999999975711293
0.9999999980093558
0.9999999964632071
0.9999999958986364
0.999999996813738
0.9999999980754828
1.000000001332018
1.0000000037116772
1.00000000450933
1.0000000052579319
1.0000000052694258
1.0000000030200575
1.0000000000995766
1.0000000002790277
1.0000000013212047
1.0000000010009484
0.9999999995670678
0.9999999974626305
0.9999999961048611
0.9999999952904675
0.9999999961048612
0.9999999974626302
0.9999999995670674
1.0000000010009482
1.0000000013212038
1.000000000279027
1.0000000000995761
1.000000003020057
1.0000000052694251
1.0000000052579312
1.0000000045093294
1.0000000037116767
1.0000000013320172
0.9999999980754822
0.9999999968137366
0.9999999958986361
0.9999999964632065
0.9999999980093555
0.9999999975711286
0.9999999979323944
0.9999999984475447
0.9999999986834601
0.9999999999051432
1.0000000003245357
1.000000000097664
1.000000000097664
0.9999999995392717
1.0000000002626097
1.000000001031483
1.000000001094919
1.0000000000462432
0.9999999985619337
0.9999999966595466
0.9999999949355949
0.9999999948167348
0.9999999958311244
0.9999999981947539
1.0000000012883183
1.000000003194734
1.0000000042131798
1.0000000052694258
1.0000000046987554
1.0000000026375206
1.0000000003961815
1.000000000064079
1.0000000014832688
1.000000000771442
0.999999999277017
0.9999999977476903
0.9999999960272182
0.9999999951928787
0.999999996027218
0.99999999774769
0.9999999992770167
1.0000000007714414
1.0000000014832686
1.0000000000640787
1.000000000396181
1.00000000263752
1.000000004698755
1.0000000052694253
1.000000004213179
1.0000000031947336
1.000000001288317
0.999999998194753
0.9999999958311233
0.9999999948167341
0.9999999949355947
0.999999996659546
0.9999999985619334
1.0000000000462423
1.0000000010949186
1.0000000010314825
1.00000000026261
0.9999999995392714
1.000000000097664
1.000000000097664
1.0000000000844163
1.0000000002165648
1.0000000017520683
1.0000000011203356
0.9999999995775363
0.9999999986260445
0.9999999972672089
0.9999999970469705
0.999999997593103
0.9999999982269565
0.9999999993080284
1.0000000008060437
1.0000000015324515
1.0000000017816117
1.0000000030200575
1.0000000026375204
1.0000000008291972
0.9999999997017714
1.0000000001370977
1.0000000014509383
1.000000001082003
0.9999999998885217
0.9999999979048317
0.999999996437344
0.9999999961280142
0.9999999964373438
0.9999999979048317
0.9999999998885213
1.0000000010820023
1.0000000014509383
1.0000000001370966
0.999999999701771
1.0000000008291963
1.00000000263752
1.0000000030200566
1.000000001781611
1.0000000015324506
1.000000000806043
0.9999999993080275
0.9999999982269556
0.9999999975931024
0.9999999970469697
0.9999999972672086
0.9999999986260442
0.9999999995775358
1.0000000011203354
1.000000001752068
1.000000000216565
1.000000000084416
1.000000000097664
1.000000000097664
0.9999999998653074
1.0000000007535126
1.0000000018982513
1.0000000029529845
1.0000000031968161
1.0000000021800408
1.0000000004452463
0.9999999999245804
0.9999999995526883
0.9999999981389665
0.9999999983490097
0.9999999981944191
0.9999999976066439
0.999999998862004
1.0000000000995768
1.0000000003961815
0.9999999997017717
0.999999999259125
1.0000000006080185
1.0000000018792066
1.0000000012989272
0.9999999993400175
0.9999999973890676
0.9999999964164903
0.9999999957993384
0.99999999641649
0.9999999973890673
0.9999999993400172
1.0000000012989265
1.0000000018792061
1.0000000006080185
0.9999999992591242
0.9999999997017706
1.0000000003961804
1.0000000000995757
0.9999999988620032
0.9999999976066434
0.9999999981944179
0.9999999983490087
0.9999999981389652
0.9999999995526871
0.9999999999245799
1.0000000004452454
1.0000000021800401
1.0000000031968157
1.0000000029529845
1.0000000018982507
1.0000000007535126
0.9999999998653074
1.000000000097664
1.000000000097664
1.0000000004443699
1.0000000011944032
1.0000000024027986
1.0000000042631798
1.0000000046483162
1.0000000022907825
1.0000000003621534
0.9999999992175785
0.9999999978764863
0.9999999975690838
0.9999999974866862
0.9999999968347129
0.9999999965630612
0.9999999981894911
1.0000000002790272
1.000000000064079
1.000000000137097
1.0000000006080192
1.0000000015482557
1.0000000028532467
1.0000000009156726
0.9999999985468843
0.999999997072823
0.999999996194252
0.9999999960223666
0.9999999961942521
0.9999999970728229
0.9999999985468842
1.0000000009156724
1.0000000028532467
1.0000000015482553
1.000000000608018
1.0000000001370968
1.000000000064078
1.0000000002790266
0.9999999981894896
0.9999999965630602
0.9999999968347113
0.9999999974866848
0.999999997569083
0.9999999978764852
0.9999999992175782
1.0000000003621523
1.000000002290782
1.0000000046483148
1.0000000042631791
1.0000000024027984
1.000000001194403
1.0000000004443699
1.000000000097664
1.000000000097664
1.000000000082456
1.000000000859687
1.0000000013413946
1.0000000023810898
1.000000002454931
1.0000000008040857
0.9999999994430084
0.9999999982004172
0.9999999980701056
0.9999999995560094
0.9999999996466671
0.9999999984202058
0.9999999990623454
1.0000000006007854
1.0000000013212047
1.0000000014832684
1.0000000014509385
1.0000000018792063
1.0000000028532467
1.0000000024791893
1.0000000002638079
0.9999999983718765
0.9999999971818286
0.9999999971918828
0.9999999973904253
0.9999999971918827
0.9999999971818282
0.9999999983718766
1.0000000002638076
1.0000000024791886
1.0000000028532465
1.000000001879206
1.0000000014509378
1.000000001483268
1.0000000013212031
1.0000000006007848
0.9999999990623442
0.9999999984202049
0.9999999996466657
0.9999999995560084
0.9999999980701043
0.9999999982004164
0.999999999443007
1.0000000008040855
1.0000000024549305
1.0000000023810893
1.0000000013413939
1.0000000008596872
1.0000000000824558
1.000000000097664
1.000000000097664
1.0000000004945606
1.000000000762689
1.0000000020065103
1.0000000021322153
1.000000001713697
1.0000000013279353
0.9999999995123399
0.999999998717877
0.9999999999977522
1.0000000012596624
1.0000000013825179
1.000000000668549
1.0000000006381675
1.0000000010128505
1.000000001000948
1.0000000007714416
1.0000000010820032
1.000000001298927
1.0000000009156729
1.0000000002638076
0.999999998534184
0.9999999972630128
0.9999999976115369
0.9999999986513526
0.9999999988988656
0.9999999986513524
0.9999999976115366
0.9999999972630126
0.999999998534184
1.0000000002638074
1.000000000915672
1.0000000012989263
1.0000000010820018
1.0000000007714407
1.0000000010009473
1.0000000010128496
1.000000000638166
1.0000000006685479
1.0000000013825165
1.0000000012596615
0.9999999999977509
0.9999999987178765
0.9999999995123389
1.0000000013279347
1.0000000017136965
1.000000002132215
1.0000000020065098
1.0000000007626892
1.0000000004945606
1.000000000097664
1.000000000097664
0.9999999995315132
0.9999999999533883
1.000000000535557
1.0000000008374452
1.0000000007985541
1.0000000011489172
1.0000000011680616
1.0000000006339114
1.000000001641322
1.0000000027432128
1.000000002541162
1.000000001811405
1.0000000006292473
0.9999999999248577
0.9999999995670676
0.9999999992770164
0.9999999998885212
0.9999999993400174
0.9999999985468838
0.9999999983718764
0.9999999972630124
0.9999999978617674
0.9999999997142882
1.00000000171694
1.0000000027357934
1.0000000017169401
0.9999999997142878
0.9999999978617673
0.9999999972630124
0.9999999983718761
0.9999999985468836
0.9999999993400169
0.9999999998885208
0.999999999277016
0.9999999995670663
0.9999999999248569
1.0000000006292464
1.000000001811404
1.0000000025411604
1.0000000027432119
1.0000000016413209
1.0000000006339103
1.0000000011680608
1.000000001148917
1.0000000007985541
1.0000000008374446
1.0000000005355567
0.9999999999533881
0.999999999531514
1.000000000097664
1.000000000097664
0.9999999999902189
0.9999999998758692
0.9999999997882189
0.9999999993602798
0.9999999992941508
0.9999999997147826
1.0000000003797922
1.0000000015316919
1.0000000025477214
1.0000000031779777
1.000000002785609
1.0000000012790085
1.0000000000265747
0.9999999984813456
0.9999999974626298
0.99999999774769
0.9999999979048318
0.9999999973890673
0.9999999970728227
0.9999999971818284
0.9999999976115368
0.9999999997142881
1.0000000030236709
1.0000000062815944
1.0000000075227848
1.000000006281594
1.0000000030236704
0.9999999997142881
0.999999997611536
0.9999999971818276
0.9999999970728223
0.9999999973890665
0.9999999979048306
0.9999999977476889
0.9999999974626295
0.9999999984813447
1.000000000026574
1.0000000012790076
1.0000000027856082
1.0000000031779768
1.0000000025477205
1.000000001531691
1.0000000003797913
0.9999999997147813
0.9999999992941502
0.9999999993602794
0.9999999997882187
0.9999999998758686
0.9999999999902186
1.000000000097664
1.000000000097664
0.9999999994597518
0.9999999993532633
0.9999999989655223
0.999999999140327
0.9999999988884483
0.9999999982665746
0.9999999994678521
1.00000000117235
1.000000002057244
1.0000000021887099
1.000000001797885
1.0000000014281785
0.9999999998284146
0.9999999972323061
0.9999999961048606
0.9999999960272179
0.999999996437343
0.9999999964164898
0.9999999961942513
0.9999999971918825
0.9999999986513519
1.0000000017169401
1.0000000062815941
1.0000000103282563
1.0000000117517163
1.0000000103282563
1.0000000062815937
1.0000000017169395
0.9999999986513518
0.9999999971918824
0.999999996194251
0.9999999964164892
0.999999996437343
0.9999999960272171
0.9999999961048599
0.9999999972323053
0.9999999998284137
1.0000000014281774
1.000000001797884
1.0000000021887092
1.000000002057243
1.0000000011723493
0.9999999994678519
0.9999999982665742
0.9999999988884478
0.9999999991403266
0.9999999989655217
0.9999999993532637
0.9999999994597515
1.000000000097664
1.000000000097664
1.000000000155478
0.9999999993972071
0.9999999989307485
0.999999998241652
0.9999999980863141
0.9999999986322915
0.9999999992070492
1.0000000009304069
1.0000000015589339
1.0000000006838856
1.000000001540947
1.0000000017264215
0.9999999995493534
0.9999999970843865
0.9999999952904667
0.9999999951928777
0.9999999961280138
0.9999999957993378
0.9999999960223657
0.9999999973904248
0.9999999988988652
1.0000000027357931
1.0000000075227848
1.0000000117517163
1.0000000136071865
1.000000011751716
1.000000007522785
1.0000000027357923
0.9999999988988653
0.9999999973904238
0.9999999960223654
0.9999999957993371
0.9999999961280129
0.9999999951928774
0.9999999952904659
0.999999997084386
0.9999999995493528
1.000000001726421
1.0000000015409465
1.0000000006838852
1.000000001558933
1.0000000009304062
0.9999999992070482
0.9999999986322909
0.9999999980863137
0.9999999982416513
0.9999999989307488
0.999999999397207
1.000000000155478
1.000000000097664
1.000000000097664
0.9999999994597509
0.9999999993532636
0.999999998965522
0.9999999991403266
0.9999999988884483
0.9999999982665744
0.9999999994678518
1.0000000011723498
1.0000000020572433
1.0000000021887099
1.0000000017978847
1.000000001428178
0.9999999998284141
0.9999999972323055
0.9999999961048602
0.9999999960272173
0.999999996437343
0.9999999964164892
0.9999999961942507
0.999999997191882
0.9999999986513519
1.0000000017169395
1.0000000062815937
1.0000000103282558
1.0000000117517163
1.0000000103282556
1.0000000062815937
1.0000000017169397
0.9999999986513516
0.999999997191882
0.9999999961942506
0.9999999964164891
0.9999999964373427
0.9999999960272167
0.99999999610486
0.9999999972323048
0.9999999998284137
1.0000000014281774
1.0000000017978838
1.000000002188709
1.000000002057243
1.0000000011723487
0.9999999994678515
0.9999999982665733
0.9999999988884477
0.9999999991403271
0.9999999989655213
0.9999999993532639
0.9999999994597514
1.000000000097664
1.000000000097664
0.9999999999902186
0.9999999998758689
0.9999999997882187
0.9999999993602794
0.9999999992941507
0.9999999997147816
1.0000000003797915
1.000000001531691
1.0000000025477211
1.000000003177977
1.0000000027856089
1.0000000012790078
1.0000000000265743
0.9999999984813451
0.9999999974626294
0.9999999977476892
0.9999999979048309
0.9999999973890668
0.9999999970728221
0.9999999971818274
0.9999999976115357
0.9999999997142873
1.00000000302367
1.0000000062815935
1.0000000075227842
1.0000000062815937
1.0000000030236698
0.9999999997142874
0.9999999976115356
0.9999999971818273
0.9999999970728215
0.9999999973890662
0.9999999979048305
0.9999999977476888
0.999999997462629
0.9999999984813448
1.0000000000265736
1.0000000012790071
1.0000000027856082
1.0000000031779765
1.0000000025477198
1.0000000015316908
1.000000000379791
0.9999999997147814
0.9999999992941502
0.9999999993602791
0.9999999997882189
0.9999999998758692
0.9999999999902187
1.000000000097664
1.000000000097664
0.9999999995315135
0.9999999999533883
1.0000000005355565
1.0000000008374448
1.0000000007985541
1.000000001148917
1.0000000011680603
1.0000000006339098
1.0000000016413213
1.0000000027432117
1.000000002541161
1.000000001811404
1.0000000006292469
0.9999999999248569
0.9999999995670668
0.9999999992770158
0.9999999998885205
0.9999999993400162
0.9999999985468827
0.9999999983718754
0.9999999972630113
0.9999999978617667
0.999999999714287
1.0000000017169393
1.000000002735792
1.0000000017169388
0.9999999997142868
0.9999999978617665
0.9999999972630116
0.9999999983718754
0.999999998546883
0.9999999993400159
0.9999999998885201
0.9999999992770153
0.9999999995670662
0.9999999999248568
1.0000000006292467
1.000000001811404
1.0000000025411602
1.0000000027432114
1.0000000016413204
1.0000000006339094
1.0000000011680596
1.000000001148916
1.0000000007985537
1.0000000008374446
1.0000000005355563
0.9999999999533881
0.9999999995315139
1.000000000097664
1.000000000097664
1.0000000004945602
1.0000000007626892
1.0000000020065096
1.000000002132215
1.0000000017136963
1.0000000013279347
0.9999999995123388
0.9999999987178764
0.9999999999977508
1.0000000012596617
1.0000000013825163
1.0000000006685488
1.0000000006381657
1.0000000010128498
1.0000000010009473
1.000000000771441
1.0000000010820016
1.0000000012989259
1.0000000009156715
1.000000000263806
0.9999999985341826
0.9999999972630114
0.9999999976115354
0.9999999986513511
0.9999999988988642
0.9999999986513514
0.9999999976115355
0.9999999972630111
0.9999999985341824
1.0000000002638065
1.0000000009156709
1.0000000012989254
1.0000000010820014
1.0000000007714407
1.000000001000947
1.000000001012849
1.0000000006381657
1.0000000006685477
1.0000000013825157
1.0000000012596613
0.9999999999977504
0.9999999987178757
0.9999999995123388
1.0000000013279342
1.0000000017136959
1.0000000021322146
1.0000000020065098
1.0000000007626892
1.0000000004945602
1.000000000097664
1.000000000097664
1.0000000000824552
1.0000000008596868
1.000000001341394
1.000000002381089
1.0000000024549307
1.0000000008040852
0.9999999994430069
0.9999999982004162
0.9999999980701043
0.9999999995560082
0.9999999996466657
0.9999999984202045
0.9999999990623442
1.0000000006007843
1.0000000013212031
1.0000000014832673
1.0000000014509371
1.0000000018792048
1.000000002853245
1.0000000024791875
1.000000000263806
0.9999999983718755
0.9999999971818269
0.9999999971918814
0.9999999973904238
0.9999999971918809
0.9999999971818273
0.9999999983718753
1.0000000002638065
1.000000002479187
1.0000000028532454
1.0000000018792048
1.0000000014509363
1.0000000014832666
1.000000001321203
1.0000000006007843
0.9999999990623439
0.9999999984202043
0.9999999996466654
0.999999999556008
0.9999999980701038
0.9999999982004161
0.9999999994430063
1.0000000008040848
1.0000000024549303
1.0000000023810889
1.0000000013413939
1.0000000008596872
1.0000000000824558
1.000000000097664
1.000000000097664
1.0000000004443694
1.0000000011944026
1.000000002402798
1.000000004263179
1.0000000046483153
1.0000000022907811
1.0000000003621525
0.9999999992175773
0.9999999978764849
0.9999999975690825
0.9999999974866848
0.9999999968347111
0.9999999965630597
0.9999999981894893
1.0000000002790264
1.0000000000640776
1.0000000001370957
1.0000000006080174
1.000000001548254
1.0000000028532448
1.0000000009156709
0.999999998546882
0.9999999970728214
0.9999999961942497
0.9999999960223647
0.9999999961942501
0.9999999970728212
0.9999999985468823
1.0000000009156713
1.000000002853245
1.0000000015482535
1.000000000608017
1.0000000001370954
1.0000000000640776
1.0000000002790255
0.999999998189489
0.9999999965630593
0.9999999968347106
0.9999999974866848
0.9999999975690818
0.9999999978764845
0.9999999992175769
1.0000000003621523
1.0000000022907811
1.0000000046483146
1.000000004263179
1.000000002402798
1.0000000011944028
1.0000000004443697
1.000000000097664
1.000000000097664
0.9999999998653067
1.0000000007535124
1.0000000018982504
1.0000000029529843
1.0000000031968153
1.00000000218004
1.0000000004452452
0.999999999924579
0.999999999552687
0.9999999981389641
0.9999999983490083
0.999999998194417
0.9999999976066426
0.9999999988620022
1.000000000099575
1.0000000003961798
0.9999999997017701
0.9999999992591223
1.0000000006080172
1.0000000018792041
1.0000000012989252
0.9999999993400157
0.9999999973890655
0.9999999964164882
0.9999999957993362
0.9999999964164882
0.9999999973890656
0.9999999993400157
1.000000001298925
1.0000000018792043
1.0000000006080174
0.9999999992591229
0.9999999997017694
1.0000000003961789
1.0000000000995741
0.9999999988620023
0.9999999976066425
0.9999999981944168
0.9999999983490073
0.9999999981389641
0.9999999995526866
0.9999999999245789
1.0000000004452447
1.0000000021800395
1.0000000031968155
1.000000002952984
1.0000000018982507
1.0000000007535124
0.9999999998653074
1.000000000097664
1.000000000097664
1.0000000000844158
1.0000000002165645
1.0000000017520676
1.000000001120335
0.9999999995775359
0.9999999986260434
0.9999999972672077
0.9999999970469693
0.9999999975931018
0.9999999982269554
0.999999999308027
1.0000000008060423
1.00000000153245
1.0000000017816102
1.0000000030200555
1.000000002637519
1.0000000008291952
0.9999999997017699
1.0000000001370954
1.000000001450936
1.0000000010820005
0.9999999998885193
0.9999999979048296
0.9999999964373418
0.9999999961280124
0.9999999964373423
0.99999999790483
0.9999999998885198
1.000000001082001
1.0000000014509365
1.0000000001370952
0.9999999997017694
1.0000000008291952
1.0000000026375182
1.0000000030200555
1.0000000017816093
1.0000000015324488
1.0000000008060417
0.9999999993080265
0.9999999982269544
0.9999999975931015
0.9999999970469683
0.9999999972672075
0.9999999986260429
0.9999999995775356
1.0000000011203343
1.000000001752068
1.0000000002165648
1.0000000000844163
1.000000000097664
1.000000000097664
0.9999999995392711
1.0000000002626095
1.0000000010314825
1.0000000010949184
1.0000000000462423
0.9999999985619328
0.9999999966595455
0.999999994935594
0.9999999948167332
0.9999999958311225
0.999999998194752
1.0000000012883161
1.0000000031947327
1.000000004213178
1.0000000052694247
1.0000000046987527
1.0000000026375186
1.000000000396179
1.000000000064077
1.0000000014832664
1.0000000007714405
0.9999999992770146
0.9999999977476879
0.9999999960272157
0.9999999951928762
0.9999999960272159
0.9999999977476882
0.999999999277015
1.00000000077144
1.0000000014832666
1.0000000000640772
1.000000000396179
1.0000000026375186
1.0000000046987527
1.0000000052694231
1.0000000042131776
1.000000003194732
1.0000000012883157
0.9999999981947517
0.9999999958311221
0.999999994816733
0.9999999949355934
0.9999999966595453
0.9999999985619326
1.0000000000462417
1.0000000010949184
1.0000000010314822
1.00000000026261
0.9999999995392712
1.000000000097664
1.000000000097664
1.0000000003245355
0.9999999999051425
0.9999999986834599
0.9999999984475451
0.9999999979323935
0.9999999975711281
0.9999999980093542
0.9999999964632058
0.9999999958986352
0.9999999968137361
0.9999999980754813
1.0000000013320163
1.0000000037116754
1.0000000045093285
1.00000000525793
1.0000000052694242
1.0000000030200555
1.0000000000995743
1.0000000002790257
1.0000000013212023
1.000000001000946
0.999999999567065
0.9999999974626281
0.9999999961048591
0.999999995290465
0.9999999961048592
0.999999997462628
0.9999999995670661
1.0000000010009467
1.0000000013212023
1.0000000002790252
1.0000000000995746
1.0000000030200549
1.0000000052694236
1.0000000052579294
1.0000000045093274
1.0000000037116747
1.0000000013320154
0.9999999980754805
0.9999999968137357
0.9999999958986348
0.9999999964632055
0.999999998009354
0.9999999975711277
0.9999999979323932
0.9999999984475446
0.9999999986834598
0.9999999999051429
1.000000000324536
1.000000000097664
1.000000000097664
1.0000000000756162
1.0000000000474922
0.99999999884951
0.9999999981956862
0.9999999974434735
0.9999999962167337
0.9999999957923141
0.9999999967607177
0.9999999974398169
0.9999999982806175
0.9999999999928192
1.0000000018064876
1.000000004338026
1.0000000046956938
1.0000000045093282
1.0000000042131774
1.0000000017816093
0.9999999988620017
0.9999999981894887
1.0000000006007834
1.0000000010128485
0.9999999999248558
0.9999999984813437
0.9999999972323039
0.9999999970843849
0.9999999972323043
0.9999999984813441
0.9999999999248557
1.0000000010128485
1.0000000006007836
0.9999999981894889
0.9999999988620013
1.0000000017816089
1.000000004213177
1.0000000045093276
1.000000004695693
1.000000004338025
1.0000000018064876
0.999999999992819
0.9999999982806168
0.9999999974398165
0.9999999967607177
0.9999999957923142
0.9999999962167339
0.9999999974434731
0.9999999981956865
0.9999999988495104
1.0000000000474922
1.0000000000756164
1.000000000097664
1.000000000097664
1.0000000002160612
0.999999998528552
0.9999999976374082
0.9999999968136495
0.999999997483446
0.9999999973163994
0.9999999966863692
0.9999999972890726
0.9999999982511345
1.0000000001119775
1.0000000007313994
1.000000001517709
1.00000000357729
1.0000000043380257
1.0000000037116752
1.0000000031947325
1.0000000015324493
0.9999999976066424
0.9999999965630587
0.9999999990623433
1.0000000006381653
1.0000000006292453
1.0000000000265727
0.9999999998284128
0.9999999995493517
0.9999999998284128
1.0000000000265727
1.0000000006292462
1.000000000638165
0.9999999990623436
0.9999999965630585
0.9999999976066419
1.0000000015324486
1.0000000031947316
1.0000000037116747
1.0000000043380253
1.0000000035772891
1.0000000015177084
1.0000000007313987
1.0000000001119773
0.9999999982511344
0.9999999972890723
0.9999999966863692
0.9999999973163992
0.999999997483446
0.9999999968136493
0.9999999976374083
0.9999999985285525
1.0000000002160614
1.000000000097664
1.000000000097664
0.9999999988138165
0.9999999984862213
0.9999999979655487
0.999999996370585
0.9999999957629659
0.9999999966493023
0.9999999977410379
0.9999999993184101
1.000000000466502
1.000000001738011
1.0000000026740388
1.0000000017735
1.0000000015177086
1.0000000018064878
1.000000001332016
1.0000000012883161
1.0000000008060415
0.9999999981944162
0.9999999968347103
0.9999999984202035
1.0000000006685466
1.0000000018114026
1.0000000012790067
1.000000001428177
1.0000000017264197
1.0000000014281767
1.000000001279007
1.000000001811403
1.0000000006685472
0.9999999984202037
0.9999999968347104
0.9999999981944165
1.000000000806041
1.0000000012883155
1.000000001332015
1.0000000018064874
1.0000000015177077
1.0000000017734991
1.0000000026740383
1.0000000017380102
1.0000000004665015
0.9999999993184099
0.999999997741038
0.999999996649302
0.9999999957629659
0.9999999963705851
0.9999999979655492
0.9999999984862209
0.9999999988138173
1.000000000097664
1.000000000097664
0.999999998326166
0.9999999968598061
0.9999999961497279
0.9999999967271179
0.9999999963891211
0.9999999971940441
0.9999999994314249
1.0000000016221304
1.0000000030835172
1.0000000025893234
1.0000000035696568
1.0000000026740388
1.0000000007313994
0.9999999999928196
0.9999999980754809
0.9999999981947518
0.9999999993080264
0.9999999983490075
0.9999999974866838
0.9999999996466648
1.0000000013825154
1.0000000025411602
1.000000002785607
1.0000000017978836
1.0000000015409456
1.0000000017978834
1.0000000027856073
1.0000000025411602
1.0000000013825157
0.999999999646665
0.9999999974866839
0.999999998349007
0.999999999308026
0.9999999981947513
0.9999999980754805
0.9999999999928191
1.000000000731399
1.0000000026740388
1.0000000035696563
1.000000002589322
1.0000000030835172
1.00000000162213
0.9999999994314251
0.9999999971940439
0.9999999963891212
0.9999999967271176
0.9999999961497281
0.9999999968598063
0.9999999983261663
1.000000000097664
1.000000000097664
0.999999997955014
0.9999999974766143
0.9999999960503253
0.9999999955515326
0.9999999962002207
0.9999999988648394
1.0000000015419246
1.0000000043213684
1.0000000062801657
1.0000000048487163
1.0000000025893225
1.0000000017380108
1.0000000001119775
0.9999999982806178
0.999999996813736
0.9999999958311223
0.9999999982269543
0.9999999981389639
0.999999997569081
0.999999999556007
1.0000000012596604
1.0000000027432108
1.0000000031779757
1.0000000021887088
1.0000000006838843
1.0000000021887085
1.0000000031779765
1.0000000027432108
1.0000000012596608
0.9999999995560073
0.9999999975690816
0.999999998138964
0.9999999982269542
0.9999999958311221
0.9999999968137352
0.9999999982806168
1.000000000111977
1.0000000017380104
1.0000000025893223
1.0000000048487157
1.0000000062801653
1.0000000043213686
1.0000000015419246
0.999999998864839
0.9999999962002206
0.9999999955515327
0.9999999960503251
0.9999999974766145
0.9999999979550144
1.000000000097664
1.000000000097664
0.9999999991204697
0.9999999970354732
0.9999999965483413
0.9999999964850395
0.9999999980433169
1.000000000178156
1.0000000038942842
1.0000000057719183
1.000000006657247
1.0000000062801657
1.0000000030835179
1.0000000004665022
0.9999999982511348
0.9999999974398169
0.9999999958986346
0.9999999948167333
0.9999999975931011
0.9999999995526863
0.9999999978764839
0.9999999980701036
0.9999999999977499
1.0000000016413202
1.0000000025477203
1.0000000020572424
1.0000000015589334
1.0000000020572426
1.0000000025477203
1.00000000164132
0.9999999999977504
0.9999999980701036
0.9999999978764836
0.999999999552686
0.9999999975931012
0.9999999948167323
0.9999999958986346
0.9999999974398165
0.9999999982511343
1.0000000004665013
1.0000000030835172
1.0000000062801655
1.0000000066572463
1.0000000057719178
1.0000000038942836
1.0000000001781564
0.999999998043316
0.9999999964850399
0.9999999965483417
0.9999999970354738
0.99999999912047
1.000000000097664
1.000000000097664
0.9999999996528893
0.9999999993936601
0.9999999983117523
0.9999999974601533
0.9999999997157208
1.0000000025021198
1.0000000053084885
1.0000000066387653
1.0000000057719187
1.0000000043213688
1.0000000016221309
0.9999999993184105
0.9999999972890726
0.9999999967607179
0.9999999964632059
0.9999999949355934
0.9999999970469684
0.9999999999245781
0.9999999992175765
0.999999998200415
0.9999999987178754
1.0000000006339087
1.0000000015316906
1.0000000011723484
1.000000000930406
1.0000000011723487
1.0000000015316908
1.0000000006339096
0.9999999987178758
0.9999999982004155
0.9999999992175769
0.9999999999245786
0.9999999970469678
0.999999994935593
0.9999999964632051
0.9999999967607174
0.9999999972890719
0.99999999931841
1.00000000162213
1.000000004321368
1.0000000057719178
1.0000000066387653
1.0000000053084883
1.0000000025021196
0.9999999997157213
0.9999999974601524
0.9999999983117523
0.9999999993936596
0.9999999996528895
1.000000000097664
1.000000000097664
1.0000000003749454
0.9999999999719797
1.0000000002868399
1.0000000008812608
1.0000000015568935
1.0000000038053833
1.0000000048832105
1.0000000053084892
1.000000003894284
1.000000001541925
0.9999999994314253
0.999999997741038
0.9999999966863695
0.9999999957923139
0.9999999980093542
0.9999999966595449
0.9999999972672075
1.0000000004452445
1.0000000003621519
0.999999999443006
0.9999999995123383
1.0000000011680596
1.0000000003797906
0.999999999467851
0.9999999992070485
0.9999999994678515
1.0000000003797909
1.00000000116806
0.9999999995123384
0.9999999994430061
1.0000000003621519
1.0000000004452447
0.9999999972672071
0.9999999966595451
0.9999999980093539
0.9999999957923134
0.9999999966863693
0.9999999977410373
0.9999999994314248
1.0000000015419246
1.0000000038942833
1.0000000053084876
1.0000000048832105
1.0000000038053831
1.0000000015568928
1.0000000008812613
1.0000000002868397
0.9999999999719802
1.0000000003749454
1.000000000097664
1.000000000097664
1.0000000003123029
1.0000000017493302
1.0000000016533357
1.000000002716671
1.000000002927739
1.000000004113858
1.0000000038053833
1.0000000025021196
1.0000000001781566
0.9999999988648395
0.9999999971940443
0.9999999966493023
0.9999999973163995
0.9999999962167342
0.9999999975711277
0.9999999985619327
0.9999999986260427
1.000000002180039
1.000000002290781
1.0000000008040841
1.000000001327934
1.0000000011489159
0.9999999997147812
0.9999999982665736
0.9999999986322906
0.9999999982665738
0.9999999997147814
1.0000000011489163
1.0000000013279342
1.0000000008040844
1.0000000022907813
1.000000002180039
0.9999999986260429
0.999999998561932
0.9999999975711273
0.9999999962167334
0.9999999973163991
0.9999999966493017
0.9999999971940436
0.9999999988648386
1.000000000178156
1.0000000025021198
1.0000000038053831
1.000000004113857
1.0000000029277392
1.000000002716671
1.0000000016533352
1.00000000174933
1.0000000003123024
1.000000000097664
1.000000000097664
1.0000000006926362
1.0000000011683365
1.0000000031514706
1.0000000038649723
1.0000000042653565
1.000000002927739
1.0000000015568935
0.9999999997157214
0.9999999980433166
0.9999999962002208
0.9999999963891212
0.9999999957629656
0.9999999974834463
0.999999997443473
0.9999999979323932
1.0000000000462412
0.9999999995775355
1.0000000031968146
1.0000000046483144
1.0000000024549298
1.0000000017136954
1.0000000007985534
0.9999999992941494
0.9999999988884474
0.9999999980863133
0.9999999988884478
0.99999999929415
1.0000000007985534
1.0000000017136954
1.0000000024549303
1.0000000046483144
1.0000000031968153
0.9999999995775352
1.000000000046242
0.9999999979323934
0.9999999974434729
0.9999999974834454
0.9999999957629657
0.9999999963891206
0.9999999962002206
0.9999999980433159
0.9999999997157208
1.0000000015568928
1.0000000029277392
1.0000000042653563
1.0000000038649721
1.0000000031514704
1.000000001168337
1.000000000692636
1.000000000097664
1.000000000097664
1.0000000004887974
1.0000000016919919
1.000000002672497
1.0000000037009105
1.0000000038649723
1.000000002716671
1.0000000008812615
0.9999999974601532
0.9999999964850402
0.9999999955515326
0.999999996727118
0.999999996370585
0.9999999968136494
0.9999999981956864
0.9999999984475451
1.0000000010949184
1.0000000011203345
1.0000000029529836
1.0000000042631787
1.0000000023810887
1.0000000021322142
1.0000000008374441
0.9999999993602791
0.999999999140326
0.9999999982416513
0.9999999991403264
0.9999999993602794
1.0000000008374448
1.0000000021322148
1.0000000023810889
1.0000000042631785
1.0000000029529839
1.0000000011203343
1.0000000010949182
0.9999999984475446
0.9999999981956861
0.9999999968136489
0.9999999963705847
0.9999999967271174
0.9999999955515323
0.999999996485039
0.9999999974601527
1.000000000881261
1.0000000027166707
1.0000000038649721
1.000000003700911
1.0000000026724967
1.0000000016919917
1.0000000004887974
1.000000000097664
1.000000000097664
1.0000000006854404
1.0000000009754006
1.0000000022493243
1.000000002672497
1.0000000031514709
1.0000000016533357
1.0000000002868399
0.9999999983117525
0.999999996548342
0.9999999960503253
0.9999999961497283
0.9999999979655485
0.9999999976374085
0.99999999884951
0.9999999986834599
1.0000000010314818
1.000000001752068
1.0000000018982504
1.0000000024027977
1.0000000013413932
1.0000000020065098
1.000000000535556
0.9999999997882179
0.9999999989655219
0.9999999989307482
0.999999998965522
0.9999999997882182
1.0000000005355567
1.0000000020065092
1.000000001341394
1.000000002402798
1.0000000018982507
1.0000000017520676
1.0000000010314822
0.9999999986834599
0.9999999988495097
0.999999997637408
0.9999999979655485
0.9999999961497278
0.999999996050325
0.9999999965483417
0.999999998311752
1.0000000002868399
1.0000000016533355
1.0000000031514704
1.0000000026724962
1.0000000022493243
1.0000000009754009
1.0000000006854406
1.000000000097664
1.000000000097664
1.0000000005210306
1.0000000012346175
1.000000000975401
1.000000001691992
1.0000000011683368
1.0000000017493302
0.9999999999719797
0.99999999939366
0.9999999970354739
0.9999999974766144
0.9999999968598063
0.9999999984862212
0.9999999985285521
1.0000000000474922
0.9999999999051432
1.00000000026261
1.0000000002165648
1.0000000007535124
1.0000000011944026
1.0000000008596872
1.0000000007626886
0.9999999999533882
0.9999999998758686
0.9999999993532639
0.9999999993972067
0.9999999993532643
0.9999999998758687
0.9999999999533881
1.0000000007626892
1.0000000008596872
1.0000000011944028
1.0000000007535124
1.0000000002165648
1.0000000002626097
0.9999999999051427
1.0000000000474925
0.9999999985285521
0.9999999984862208
0.9999999968598062
0.9999999974766143
0.9999999970354734
0.9999999993936598
0.9999999999719799
1.00000000174933
1.0000000011683365
1.000000001691992
1.0000000009754004
1.0000000012346177
1.0000000005210303
1.000000000097664
1.000000000097664
1.0000000004903593
1.0000000005210308
1.0000000006854406
1.0000000004887977
1.0000000006926362
1.0000000003123026
1.0000000003749454
0.9999999996528893
0.9999999991204697
0.9999999979550142
0.999999998326166
0.999999998813817
1.0000000002160616
1.0000000000756164
1.0000000003245357
0.9999999995392713
1.0000000000844163
0.9999999998653074
1.0000000004443697
1.0000000000824558
1.0000000004945602
0.9999999995315142
0.9999999999902185
0.9999999994597514
1.000000000155478
0.9999999994597514
0.9999999999902187
0.9999999995315139
1.0000000004945597
1.000000000082456
1.0000000004443694
0.9999999998653075
1.000000000084416
0.9999999995392714
1.0000000003245357
1.0000000000756164
1.0000000002160614
0.999999998813817
0.9999999983261663
0.9999999979550143
0.9999999991204698
0.9999999996528895
1.0000000003749454
1.0000000003123029
1.000000000692636
1.0000000004887972
1.0000000006854408
1.00000000052103
1.0000000004903598
1.000000000097664
1.000000000097664
1.000000000097664
1.000000000097664
1.000000000097664
1.000000000097664
1.000000000097664
1.000000000097664
1.000000000097664
1.000000000097664
1.000000000097664
1.000000000097664
1.000000000097664
1.000000000097664
1.000000000097664
1.000000000097664
1.000000000097664
1.000000000097664
1.000000000097664
1.000000000097664
1.000000000097664
1.000000000097664
1.000000000097664
1.000000000097664
1.000000000097664
1.000000000097664
1.000000000097664
1.000000000097664
1.000000000097664
1.000000000097664
1.000000000097664
1.000000000097664
1.000000000097664
1.000000000097664
1.000000000097664
1.000000000097664
1.000000000097664
1.000000000097664
1.000000000097664
1.000000000097664
1.000000000097664
1.000000000097664
1.000000000097664
1.000000000097664
1.000000000097664
1.000000000097664
1.000000000097664
1.000000000097664
1.000000000097664
1.000000000097664
1.000000000097664
1.000000000097664
