1.0
1.0
1.0
1.0
1.0
1.0
1.0
1.0
1.0
1.0
1.0
1.0
1.0
1.0
1.0
1.0
1.0
1.0
1.0
1.0
1.0
1.0
1.0
1.0
1.0
1.0
1.0
1.0
1.0
1.0
1.0
1.0
1.0
1.0
1.0
1.0
1.0
1.0
1.0
1.0
1.0
1.0
1.0
1.0
1.0
1.0
1.0
1.0
1.0
1.0
1.0
1.0
0.9999601437292639
0.9999204447530218
0.9998810597449974
0.9998421441398262
0.9998038515196241
0.9997663330078699
0.9997297366729898
0.9996942069439989
0.9996598840405061
0.9996269034193304
0.9995953952399161
0.9995654838506518
0.9995372872981246
0.9995109168612444
0.9994864766120766
0.9994640630051175
0.9994437644966319
0.9994256611955575
0.999409824547352
0.9993963170520281
0.999385192017498
0.9993764933491889
0.9993702553767694
0.9993665027186659
0.9993652501849054
0.9993665027186661
0.9993702553767694
0.999376493349189
0.999385192017498
0.9993963170520281
0.9994098245473519
0.9994256611955576
0.9994437644966319
0.9994640630051174
0.9994864766120765
0.9995109168612443
0.9995372872981243
0.9995654838506515
0.9995953952399157
0.9996269034193301
0.9996598840405057
0.9996942069439987
0.9997297366729895
0.9997663330078695
0.9998038515196238
0.999842144139826
0.9998810597449974
0.9999204447530216
0.999960143729264
1.0
1.0
0.9999204447530217
0.9998412034742614
0.999762588892848
0.9996849112646221
0.9996084771476972
0.9995335881926156
0.9994605399518715
0.9993896207134998
0.9993211103633349
0.9992552792804297
0.9991923872699918
0.9991326825380528
0.9990764007119107
0.9990237639102183
0.9989749798663817
0.9989302411087313
0.9988897242007007
0.9988535890440119
0.9988219782476161
0.9987950165648825
0.9987728104012513
0.9987554473943031
0.9987429960678917
0.9987355055617123
0.9987330054373699
0.9987355055617124
0.9987429960678917
0.9987554473943031
0.9987728104012512
0.9987950165648823
0.9988219782476162
0.9988535890440118
0.9988897242007005
0.9989302411087312
0.9989749798663816
0.9990237639102182
0.9990764007119104
0.9991326825380523
0.9991923872699913
0.9992552792804293
0.9993211103633348
0.9993896207134996
0.9994605399518711
0.9995335881926153
0.9996084771476969
0.9996849112646218
0.9997625888928481
0.9998412034742614
0.9999204447530217
1.0
1.0
0.9998810597449974
0.999762588892848
0.9996450549938862
0.99952892190072
0.9994146479376155
0.9993026840917022
0.999193472233131
0.9990874433712155
0.9989850159534345
0.9988865942140112
0.998792566578585
0.9987033041312742
0.9986191591501749
0.9985404637170816
0.998467528406912
0.9984006410620093
0.9983400656561608
0.9982860412528138
0.9982387810616017
0.998198471596903
0.998165271941755
0.9981393131200246
0.9981206975793185
0.9981094987866693
0.9981057609385936
0.9981094987866693
0.9981206975793185
0.9981393131200246
0.998165271941755
0.9981984715969031
0.9982387810616018
0.9982860412528138
0.9983400656561607
0.9984006410620092
0.9984675284069118
0.9985404637170814
0.9986191591501745
0.9987033041312737
0.9987925665785846
0.9988865942140106
0.9989850159534341
0.9990874433712152
0.9991934722331307
0.999302684091702
0.9994146479376153
0.9995289219007198
0.9996450549938861
0.999762588892848
0.9998810597449973
1.0
1.0
0.9998421441398261
0.999684911264622
0.9995289219007198
0.9993747916668806
0.9992231288447272
0.9990745319781352
0.9989295875110532
0.9987888674730763
0.9986529272219067
0.9985223032516103
0.99839751107532
0.9982790431907408
0.998167367136486
0.998062923646917
0.9979661249127657
0.997877352954406
0.9977969581141951
0.9977252576738308
0.9976625346021877
0.9976090364385676
0.9975649743157751
0.9975305221268734
0.9975058158389084
0.9974909529563079
0.9974859921360777
0.9974909529563081
0.9975058158389084
0.9975305221268734
0.9975649743157751
0.9976090364385676
0.9976625346021877
0.9977252576738308
0.997796958114195
0.997877352954406
0.9979661249127655
0.9980629236469168
0.9981673671364856
0.9982790431907403
0.9983975110753198
0.9985223032516101
0.9986529272219065
0.9987888674730762
0.9989295875110529
0.9990745319781348
0.999223128844727
0.9993747916668805
0.9995289219007198
0.999684911264622
0.9998421441398262
1.0
1.0
0.999803851519624
0.9996084771476971
0.9994146479376155
0.999223128844727
0.9990346757074018
0.9988500322640821
0.998669927218088
0.9984950713617565
0.9983261547712702
0.9981638440832407
0.9980087798637989
0.9978615740805735
0.9977228076875339
0.9975930283322312
0.9974727481944828
0.9973624419650337
0.9972625449721687
0.9971734514636714
0.9970955130509083
0.9970290373211796
0.9969742866238132
0.9969314770347915
0.9969007775039996
0.9968823091884561
0.9968761449741629
0.9968823091884562
0.9969007775039997
0.9969314770347916
0.996974286623813
0.9970290373211796
0.9970955130509083
0.9971734514636712
0.9972625449721685
0.9973624419650334
0.9974727481944827
0.997593028332231
0.9977228076875337
0.9978615740805731
0.9980087798637985
0.9981638440832403
0.9983261547712701
0.9984950713617564
0.9986699272180877
0.9988500322640819
0.9990346757074016
0.999223128844727
0.9994146479376153
0.999608477147697
0.9998038515196239
1.0
1.0
0.9997663330078698
0.9995335881926155
0.9993026840917021
0.999074531978135
0.9988500322640821
0.9986300709473573
0.9984155161147923
0.998207214516294
0.9980059882231096
0.9978126313834862
0.997627907088531
0.9974525443606397
0.9972872352763779
0.9971326322351711
0.9969893453845832
0.9968579402123422
0.9967389353146195
0.9966328003493677
0.9965399541827962
0.9964607632362968
0.9963955400403479
0.9963445420010982
0.9963079703845034
0.9962859695220215
0.996278626241003
0.9962859695220218
0.9963079703845034
0.9963445420010981
0.9963955400403478
0.9964607632362967
0.996539954182796
0.9966328003493675
0.9967389353146192
0.9968579402123421
0.9969893453845832
0.997132632235171
0.9972872352763774
0.9974525443606393
0.9976279070885307
0.9978126313834859
0.9980059882231094
0.9982072145162939
0.9984155161147922
0.998630070947357
0.9988500322640819
0.9990745319781348
0.9993026840917019
0.9995335881926154
0.9997663330078697
1.0
1.0
0.9997297366729896
0.9994605399518715
0.9991934722331309
0.9989295875110531
0.998669927218088
0.9984155161147923
0.9981673582455676
0.9979264329761556
0.9976936911285278
0.9974700512284271
0.9972563958803652
0.9970535682843857
0.9968623689083407
0.996683552328808
0.9965178242531236
0.9963658387342771
0.996228195589664
0.9961054380338813
0.9959980505349065
0.9959064569021264
0.9958310186137542
0.9957720333902401
0.9957297340193066
0.9957042874372405
0.9956957940700719
0.9957042874372404
0.9957297340193066
0.9957720333902401
0.9958310186137539
0.9959064569021263
0.9959980505349062
0.9961054380338809
0.9962281955896638
0.9963658387342766
0.9965178242531233
0.9966835523288077
0.9968623689083402
0.9970535682843853
0.9972563958803646
0.9974700512284267
0.9976936911285277
0.9979264329761554
0.9981673582455676
0.998415516114792
0.9986699272180876
0.9989295875110528
0.9991934722331307
0.9994605399518712
0.9997297366729896
1.0
1.0
0.9996942069439988
0.9993896207134997
0.9990874433712154
0.998788867473076
0.9984950713617564
0.9982072145162938
0.9979264329761555
0.9976538348578077
0.9973904959814878
0.9971374556254317
0.9968957124243188
0.9966662204281165
0.9964498853368813
0.9962475609263746
0.9960600456786
0.9958880796305605
0.9957323414536704
0.9955934457753505
0.9954719407533742
0.9953683059125399
0.9952829502522065
0.9952162106321598
0.9951683504431813
0.9951395585675653
0.9951299486336876
0.9951395585675654
0.9951683504431813
0.9952162106321599
0.9952829502522064
0.9953683059125399
0.995471940753374
0.9955934457753504
0.9957323414536701
0.9958880796305599
0.9960600456785996
0.9962475609263741
0.996449885336881
0.996666220428116
0.9968957124243183
0.9971374556254313
0.9973904959814874
0.9976538348578077
0.9979264329761554
0.9982072145162938
0.9984950713617563
0.9987888674730759
0.9990874433712151
0.9993896207134996
0.9996942069439987
1.0
1.0
0.999659884040506
0.9993211103633348
0.9989850159534341
0.9986529272219064
0.99832615477127
0.9980059882231092
0.9976936911285277
0.9973904959814877
0.9970975993547201
0.9968161571773988
0.9965472801732153
0.9962920294768614
0.9960514124462136
0.9958263786867542
0.9956178163039106
0.9954265483981111
0.9952533298163829
0.9950988441733173
0.9949637011531544
0.9948484341036397
0.9947534979311438
0.9946792673053563
0.9946260351806347
0.9945940116398494
0.9945833230652812
0.9945940116398495
0.994626035180635
0.9946792673053564
0.9947534979311439
0.9948484341036395
0.9949637011531544
0.9950988441733171
0.9952533298163825
0.9954265483981106
0.9956178163039101
0.9958263786867536
0.9960514124462131
0.9962920294768608
0.996547280173215
0.9968161571773984
0.9970975993547199
0.9973904959814875
0.9976936911285277
0.9980059882231093
0.9983261547712698
0.9986529272219062
0.9989850159534341
0.9993211103633347
0.9996598840405059
1.0
1.0
0.9996269034193304
0.9992552792804295
0.9988865942140107
0.9985223032516102
0.9981638440832403
0.9978126313834857
0.9974700512284269
0.9971374556254313
0.9968161571773986
0.9965074239025149
0.9962124742299657
0.9959324721913524
0.9956685228267914
0.9954216678238256
0.9951928814063608
0.9949830664898489
0.9947930511178936
0.994623585194342
0.9944753375237558
0.9943488931719475
0.9942447511569927
0.9941633224798336
0.9941049285022474
0.9940697996785789
0.9940580746462413
0.9940697996785791
0.9941049285022475
0.9941633224798336
0.9942447511569927
0.9943488931719476
0.9944753375237557
0.9946235851943418
0.9947930511178934
0.9949830664898486
0.9951928814063604
0.9954216678238252
0.995668522826791
0.9959324721913522
0.9962124742299653
0.9965074239025146
0.9968161571773984
0.9971374556254312
0.9974700512284268
0.9978126313834856
0.9981638440832403
0.9985223032516101
0.9988865942140107
0.9992552792804295
0.9996269034193302
1.0
1.0
0.999595395239916
0.9991923872699916
0.9987925665785848
0.9983975110753198
0.9980087798637985
0.9976279070885303
0.9972563958803647
0.9968957124243184
0.996547280173215
0.9962124742299655
0.9958926159206656
0.9955889675799255
0.9953027275690125
0.9950350255464657
0.9947869180098525
0.9945593841262533
0.9943533218679388
0.9941695444684837
0.9940087772133058
0.9938716545772969
0.9937587177208405
0.9936704123540993
0.9936070869780018
0.9935689915088689
0.9935562762921082
0.993568991508869
0.993607086978002
0.9936704123540994
0.9937587177208403
0.9938716545772971
0.9940087772133059
0.9941695444684837
0.9943533218679387
0.994559384126253
0.9947869180098523
0.9950350255464656
0.9953027275690122
0.9955889675799252
0.9958926159206654
0.9962124742299653
0.9965472801732149
0.9968957124243183
0.9972563958803646
0.9976279070885306
0.9980087798637985
0.9983975110753197
0.9987925665785846
0.9991923872699916
0.9995953952399159
1.0
1.0
0.9995654838506517
0.9991326825380524
0.9987033041312738
0.9982790431907403
0.9978615740805731
0.9974525443606391
0.9970535682843853
0.996666220428116
0.996292029476861
0.9959324721913522
0.9955889675799255
0.995262871298342
0.994955470299635
0.9946679777550946
0.9944015282664352
0.9941571733880417
0.993935877476965
0.9937385138870459
0.9935658615221882
0.9934186017623804
0.9932973157746011
0.9932024822192193
0.9931344753609407
0.9930935635917569
0.9930799083717246
0.993093563591757
0.9931344753609407
0.9932024822192191
0.9932973157746011
0.9934186017623805
0.9935658615221882
0.9937385138870458
0.9939358774769648
0.9941571733880414
0.994401528266435
0.9946679777550945
0.9949554702996348
0.9952628712983418
0.9955889675799253
0.9959324721913521
0.9962920294768608
0.996666220428116
0.9970535682843853
0.9974525443606392
0.9978615740805731
0.9982790431907403
0.9987033041312738
0.9991326825380524
0.9995654838506516
1.0
1.0
0.9995372872981244
0.9990764007119104
0.9986191591501746
0.9981673671364856
0.9977228076875334
0.9972872352763771
0.9968623689083401
0.9964498853368808
0.9960514124462132
0.9956685228267912
0.9953027275690123
0.994955470299635
0.9946281214844432
0.9943219730196443
0.9940382331333459
0.9937780216172319
0.9935423654072569
0.9933321945308
0.993148338436272
0.9929915227196632
0.9928623662609466
0.9927613787816434
0.992688958833185
0.9926453922240132
0.9926308508916246
0.9926453922240132
0.9926889588331851
0.9927613787816434
0.9928623662609466
0.9929915227196631
0.993148338436272
0.9933321945307999
0.9935423654072567
0.9937780216172317
0.9940382331333456
0.994321973019644
0.9946281214844429
0.9949554702996348
0.9953027275690121
0.995668522826791
0.9960514124462132
0.9964498853368808
0.9968623689083402
0.9972872352763774
0.9977228076875335
0.9981673671364855
0.9986191591501744
0.9990764007119105
0.9995372872981243
1.0
1.0
0.999510916861244
0.9990237639102181
0.9985404637170813
0.9980629236469165
0.9975930283322307
0.9971326322351706
0.9966835523288075
0.996247560926374
0.9958263786867536
0.9954216678238252
0.9950350255464656
0.9946679777550946
0.9943219730196441
0.9939983768627153
0.9936984663704845
0.9934234251526283
0.9931743386711579
0.9929521899565971
0.9927578557284108
0.992592102934994
0.9924555857268783
0.9923488428750992
0.9922722956449129
0.9922262461332563
0.9922108760765073
0.9922262461332562
0.9922722956449129
0.9923488428750992
0.9924555857268783
0.9925921029349939
0.9927578557284107
0.9929521899565971
0.9931743386711577
0.9934234251526282
0.9936984663704843
0.9939983768627153
0.9943219730196441
0.9946679777550944
0.9950350255464654
0.9954216678238252
0.9958263786867536
0.9962475609263741
0.9966835523288075
0.9971326322351706
0.9975930283322307
0.9980629236469165
0.9985404637170813
0.9990237639102181
0.9995109168612444
1.0
1.0
0.9994864766120763
0.9989749798663815
0.9984675284069117
0.9979661249127653
0.9974727481944823
0.9969893453845826
0.9965178242531231
0.9960600456785995
0.99561781630391
0.9951928814063604
0.9947869180098522
0.994401528266435
0.9940382331333457
0.9936984663704844
0.9933835688820205
0.9930947834244571
0.9928332497020393
0.992599999868863
0.9923959544554358
0.9922219187357629
0.9920785795493012
0.991966502590317
0.9918861301753501
0.9918377794975934
0.9918216413750762
0.9918377794975933
0.9918861301753501
0.991966502590317
0.9920785795493011
0.9922219187357626
0.9923959544554356
0.992599999868863
0.9928332497020391
0.993094783424457
0.9933835688820204
0.9936984663704842
0.9940382331333456
0.994401528266435
0.994786918009852
0.9951928814063604
0.99561781630391
0.9960600456785996
0.9965178242531231
0.9969893453845827
0.9974727481944822
0.997966124912765
0.9984675284069116
0.9989749798663815
0.9994864766120765
1.0
1.0
0.9994640630051174
0.9989302411087312
0.9984006410620089
0.9978773529544056
0.9973624419650332
0.9968579402123418
0.9963658387342765
0.9958880796305598
0.9954265483981104
0.9949830664898485
0.994559384126253
0.9941571733880415
0.9937780216172317
0.9934234251526283
0.993094783424457
0.9927933934314557
0.9925204446222108
0.9922770142009504
0.9920640628763103
0.9918824310698587
0.9917328355993354
0.9916158668497006
0.9915319864431568
0.9914815254173363
0.9914646829188478
0.9914815254173364
0.9915319864431568
0.9916158668497005
0.9917328355993353
0.9918824310698586
0.9920640628763102
0.9922770142009502
0.9925204446222107
0.9927933934314555
0.993094783424457
0.993423425152628
0.9937780216172316
0.9941571733880413
0.9945593841262529
0.9949830664898485
0.9954265483981105
0.9958880796305601
0.9963658387342765
0.9968579402123418
0.9973624419650331
0.9978773529544056
0.9984006410620089
0.9989302411087311
0.9994640630051173
1.0
1.0
0.9994437644966317
0.9988897242007002
0.9983400656561604
0.9977969581141946
0.9972625449721682
0.9967389353146188
0.9962281955896634
0.9957323414536698
0.9952533298163824
0.9947930511178931
0.9943533218679383
0.9939358774769645
0.9935423654072567
0.9931743386711577
0.9928332497020391
0.992520444622211
0.9922371579303911
0.9919845076297067
0.9917634908154449
0.9915749797399754
0.991419718370369
0.9912983194523008
0.9912112620918235
0.9911588898645547
0.991141409459742
0.9911588898645548
0.9912112620918234
0.9912983194523008
0.9914197183703689
0.9915749797399753
0.9917634908154449
0.9919845076297066
0.9922371579303909
0.9925204446222106
0.9928332497020391
0.9931743386711578
0.9935423654072566
0.9939358774769644
0.9943533218679383
0.9947930511178932
0.9952533298163826
0.99573234145367
0.9962281955896636
0.9967389353146189
0.997262544972168
0.9977969581141944
0.9983400656561605
0.9988897242007002
0.9994437644966319
1.0
1.0
0.9994256611955575
0.9988535890440114
0.9982860412528135
0.9977252576738304
0.9971734514636709
0.9966328003493672
0.9961054380338805
0.9955934457753498
0.9950988441733165
0.9946235851943415
0.9941695444684833
0.9937385138870456
0.9933321945307996
0.992952189956597
0.9925999998688632
0.9922770142009503
0.9919845076297068
0.9917236345449102
0.9914954244934192
0.9913007781160237
0.9911404635930279
0.991015113612594
0.990925222873812
0.9908711461343495
0.990853096810384
0.9908711461343492
0.9909252228738121
0.9910151136125939
0.9911404635930278
0.9913007781160236
0.9914954244934191
0.9917236345449101
0.9919845076297067
0.99227701420095
0.9925999998688628
0.992952189956597
0.9933321945307996
0.9937385138870456
0.9941695444684833
0.9946235851943415
0.9950988441733168
0.99559344577535
0.9961054380338804
0.9966328003493671
0.9971734514636708
0.9977252576738301
0.9982860412528134
0.9988535890440114
0.9994256611955575
1.0
1.0
0.9994098245473518
0.9988219782476159
0.9982387810616014
0.9976625346021871
0.9970955130509077
0.9965399541827955
0.9959980505349056
0.9954719407533735
0.9949637011531539
0.9944753375237553
0.9940087772133054
0.993565861522188
0.9931483384362719
0.9927578557284106
0.9923959544554355
0.9920640628763103
0.991763490815445
0.9914954244934192
0.9912609218455121
0.9910609083465162
0.9908961733583117
0.9907673670146172
0.9906749976552093
0.9906194298197379
0.9906008828090556
0.9906194298197378
0.9906749976552093
0.9907673670146172
0.9908961733583116
0.9910609083465161
0.9912609218455121
0.991495424493419
0.9917634908154448
0.9920640628763101
0.9923959544554355
0.9927578557284105
0.9931483384362718
0.9935658615221878
0.9940087772133054
0.9944753375237553
0.9949637011531539
0.9954719407533735
0.9959980505349056
0.9965399541827954
0.9970955130509076
0.9976625346021871
0.9982387810616014
0.998821978247616
0.9994098245473519
1.0
1.0
0.999396317052028
0.998795016564882
0.9981984715969027
0.997609036438567
0.9970290373211789
0.9964607632362963
0.9959064569021256
0.9953683059125391
0.9948484341036389
0.9943488931719472
0.9938716545772964
0.9934186017623801
0.9929915227196628
0.9925921029349937
0.9922219187357628
0.9918824310698586
0.9915749797399754
0.9913007781160237
0.991060908346516
0.9908563170878212
0.9906878117681451
0.9905560574009822
0.9904615739606094
0.9904047343299889
0.9903857628291673
0.990404734329989
0.9904615739606095
0.9905560574009821
0.9906878117681452
0.9908563170878212
0.991060908346516
0.9913007781160236
0.9915749797399753
0.9918824310698586
0.9922219187357626
0.9925921029349938
0.9929915227196628
0.99341860176238
0.9938716545772965
0.9943488931719471
0.9948484341036391
0.9953683059125391
0.9959064569021258
0.9964607632362962
0.9970290373211788
0.9976090364385669
0.9981984715969026
0.9987950165648821
0.999396317052028
1.0
1.0
0.9993851920174978
0.9987728104012509
0.9981652719417544
0.9975649743157744
0.9969742866238125
0.9963955400403472
0.9958310186137533
0.9952829502522058
0.9947534979311431
0.9942447511569922
0.9937587177208398
0.9932973157746008
0.9928623662609463
0.9924555857268781
0.9920785795493009
0.9917328355993351
0.9914197183703689
0.9911404635930278
0.9908961733583116
0.9906878117681452
0.9905162011305103
0.9903820187141714
0.990285794075807
0.9902279069700913
0.9902085858509768
0.9902279069700914
0.990285794075807
0.9903820187141713
0.9905162011305102
0.9906878117681451
0.9908961733583116
0.9911404635930277
0.9914197183703688
0.9917328355993351
0.9920785795493009
0.9924555857268781
0.9928623662609461
0.9932973157746008
0.9937587177208399
0.9942447511569921
0.9947534979311432
0.9952829502522058
0.9958310186137533
0.996395540040347
0.9969742866238124
0.9975649743157745
0.9981652719417545
0.9987728104012511
0.999385192017498
1.0
1.0
0.9993764933491887
0.9987554473943028
0.9981393131200241
0.9975305221268729
0.9969314770347909
0.9963445420010975
0.9957720333902393
0.995216210632159
0.9946792673053556
0.9941633224798329
0.9936704123540987
0.9932024822192187
0.9927613787816428
0.9923488428750987
0.9919665025903166
0.9916158668497003
0.9912983194523005
0.9910151136125936
0.990767367014617
0.9905560574009817
0.9903820187141713
0.9902459378053504
0.99014835172368
0.9900896455968287
0.9900700511110512
0.9900896455968285
0.9901483517236799
0.9902459378053504
0.9903820187141712
0.9905560574009818
0.990767367014617
0.9910151136125936
0.9912983194523006
0.9916158668497004
0.9919665025903166
0.992348842875099
0.9927613787816432
0.9932024822192188
0.9936704123540988
0.994163322479833
0.9946792673053556
0.9952162106321591
0.9957720333902395
0.9963445420010975
0.9969314770347909
0.9975305221268729
0.9981393131200242
0.9987554473943028
0.9993764933491889
1.0
1.0
0.9993702553767692
0.9987429960678913
0.9981206975793182
0.9975058158389078
0.996900777503999
0.9963079703845027
0.9957297340193058
0.9951683504431805
0.9946260351806341
0.9941049285022467
0.9936070869780012
0.99313447536094
0.9926889588331844
0.9922722956449125
0.9918861301753497
0.9915319864431563
0.9912112620918232
0.9909252228738118
0.990674997655209
0.9904615739606093
0.9902857940758067
0.9901483517236798
0.9900497893263833
0.9899904958646583
0.989970705342701
0.9899904958646581
0.9900497893263833
0.9901483517236798
0.9902857940758066
0.9904615739606091
0.9906749976552089
0.9909252228738117
0.9912112620918232
0.9915319864431565
0.99188613017535
0.9922722956449128
0.9926889588331849
0.9931344753609403
0.9936070869780015
0.994104928502247
0.9946260351806343
0.9951683504431806
0.9957297340193059
0.9963079703845028
0.9969007775039991
0.9975058158389078
0.9981206975793183
0.9987429960678915
0.9993702553767693
1.0
1.0
0.999366502718666
0.998735505561712
0.9981094987866689
0.9974909529563074
0.9968823091884557
0.9962859695220209
0.9957042874372396
0.9951395585675644
0.9945940116398485
0.9940697996785781
0.9935689915088681
0.9930935635917562
0.9926453922240125
0.9922262461332556
0.9918377794975929
0.9914815254173358
0.9911588898645542
0.9908711461343491
0.9906194298197375
0.9904047343299885
0.9902279069700911
0.9900896455968285
0.9899904958646583
0.989930849072263
0.9899109406182746
0.9899308490722629
0.9899904958646583
0.9900896455968284
0.9902279069700911
0.9904047343299885
0.9906194298197375
0.990871146134349
0.9911588898645544
0.9914815254173359
0.9918377794975932
0.9922262461332559
0.9926453922240129
0.9930935635917566
0.9935689915088686
0.9940697996785784
0.994594011639849
0.9951395585675649
0.9957042874372398
0.996285969522021
0.9968823091884558
0.9974909529563076
0.998109498786669
0.9987355055617121
0.999366502718666
1.0
1.0
0.9993652501849052
0.9987330054373695
0.9981057609385932
0.997485992136077
0.996876144974162
0.996278626241002
0.995695794070071
0.9951299486336866
0.9945833230652803
0.9940580746462404
0.9935562762921072
0.9930799083717237
0.9926308508916238
0.9922108760765067
0.9918216413750758
0.9914646829188473
0.9911414094597414
0.9908530968103837
0.9906008828090552
0.9903857628291669
0.9902085858509767
0.990070051111051
0.9899707053427009
0.9899109406182746
0.9898909928018271
0.9899109406182746
0.9899707053427009
0.9900700511110512
0.9902085858509766
0.990385762829167
0.9906008828090551
0.9908530968103836
0.9911414094597416
0.9914646829188475
0.9918216413750761
0.9922108760765072
0.9926308508916244
0.9930799083717243
0.9935562762921077
0.9940580746462409
0.9945833230652809
0.995129948633687
0.9956957940700715
0.9962786262410024
0.9968761449741624
0.9974859921360774
0.9981057609385932
0.9987330054373696
0.9993652501849054
1.0
1.0
0.9993665027186658
0.998735505561712
0.9981094987866689
0.9974909529563073
0.9968823091884553
0.9962859695220205
0.9957042874372393
0.9951395585675643
0.9945940116398484
0.994069799678578
0.993568991508868
0.9930935635917559
0.9926453922240122
0.9922262461332555
0.9918377794975927
0.9914815254173357
0.991158889864554
0.9908711461343488
0.9906194298197374
0.9904047343299885
0.990227906970091
0.9900896455968283
0.9899904958646578
0.9899308490722627
0.9899109406182742
0.9899308490722627
0.989990495864658
0.9900896455968284
0.9902279069700909
0.9904047343299884
0.9906194298197375
0.9908711461343488
0.9911588898645544
0.9914815254173357
0.9918377794975932
0.9922262461332559
0.9926453922240129
0.9930935635917566
0.9935689915088686
0.9940697996785787
0.994594011639849
0.9951395585675649
0.9957042874372397
0.9962859695220211
0.9968823091884558
0.9974909529563077
0.9981094987866693
0.9987355055617123
0.999366502718666
1.0
1.0
0.9993702553767692
0.9987429960678913
0.9981206975793181
0.9975058158389076
0.9969007775039989
0.9963079703845024
0.9957297340193054
0.9951683504431801
0.9946260351806337
0.9941049285022466
0.993607086978001
0.9931344753609399
0.9926889588331842
0.9922722956449123
0.9918861301753495
0.9915319864431562
0.9912112620918229
0.9909252228738116
0.9906749976552087
0.990461573960609
0.9902857940758065
0.9901483517236794
0.990049789326383
0.9899904958646577
0.9899707053427007
0.9899904958646579
0.9900497893263832
0.9901483517236797
0.9902857940758067
0.990461573960609
0.9906749976552087
0.9909252228738117
0.991211262091823
0.9915319864431563
0.9918861301753499
0.9922722956449128
0.9926889588331848
0.9931344753609403
0.9936070869780015
0.9941049285022472
0.9946260351806343
0.9951683504431807
0.9957297340193061
0.9963079703845029
0.9969007775039993
0.9975058158389082
0.9981206975793185
0.9987429960678917
0.9993702553767695
1.0
1.0
0.9993764933491888
0.9987554473943028
0.9981393131200241
0.9975305221268727
0.9969314770347907
0.9963445420010971
0.9957720333902389
0.9952162106321586
0.994679267305355
0.9941633224798326
0.9936704123540984
0.9932024822192186
0.9927613787816427
0.9923488428750985
0.9919665025903163
0.9916158668497
0.9912983194523003
0.9910151136125934
0.9907673670146168
0.9905560574009814
0.9903820187141709
0.99024593780535
0.9901483517236793
0.990089645596828
0.9900700511110507
0.9900896455968282
0.9901483517236795
0.9902459378053501
0.9903820187141711
0.9905560574009817
0.9907673670146167
0.9910151136125934
0.9912983194523004
0.9916158668497003
0.9919665025903167
0.9923488428750991
0.9927613787816432
0.993202482219219
0.9936704123540989
0.9941633224798333
0.9946792673053557
0.9952162106321594
0.9957720333902397
0.9963445420010978
0.9969314770347913
0.9975305221268733
0.9981393131200247
0.9987554473943031
0.999376493349189
1.0
1.0
0.9993851920174979
0.998772810401251
0.9981652719417544
0.9975649743157742
0.9969742866238123
0.9963955400403468
0.9958310186137529
0.9952829502522054
0.9947534979311428
0.9942447511569916
0.9937587177208397
0.9932973157746005
0.9928623662609457
0.9924555857268775
0.9920785795493007
0.9917328355993348
0.9914197183703685
0.9911404635930272
0.9908961733583108
0.9906878117681447
0.9905162011305098
0.9903820187141709
0.9902857940758063
0.9902279069700907
0.9902085858509763
0.9902279069700909
0.9902857940758066
0.9903820187141711
0.9905162011305098
0.9906878117681448
0.9908961733583111
0.9911404635930273
0.9914197183703685
0.991732835599335
0.9920785795493008
0.9924555857268781
0.9928623662609464
0.9932973157746009
0.9937587177208401
0.9942447511569923
0.9947534979311434
0.9952829502522063
0.9958310186137538
0.9963955400403475
0.9969742866238128
0.9975649743157748
0.9981652719417549
0.9987728104012514
0.999385192017498
1.0
1.0
0.9993963170520279
0.9987950165648819
0.9981984715969026
0.9976090364385668
0.9970290373211785
0.9964607632362957
0.9959064569021251
0.9953683059125388
0.9948484341036384
0.9943488931719466
0.993871654577296
0.9934186017623796
0.9929915227196624
0.9925921029349931
0.9922219187357624
0.9918824310698582
0.9915749797399748
0.991300778116023
0.9910609083465153
0.9908563170878204
0.9906878117681445
0.9905560574009813
0.9904615739606085
0.9904047343299882
0.9903857628291668
0.9904047343299883
0.990461573960609
0.9905560574009817
0.9906878117681449
0.9908563170878208
0.9910609083465156
0.9913007781160232
0.9915749797399748
0.9918824310698582
0.9922219187357625
0.9925921029349934
0.9929915227196628
0.99341860176238
0.9938716545772966
0.9943488931719473
0.9948484341036391
0.9953683059125396
0.9959064569021261
0.9964607632362965
0.9970290373211792
0.9976090364385674
0.9981984715969031
0.9987950165648825
0.9993963170520282
1.0
1.0
0.9994098245473515
0.9988219782476156
0.9982387810616011
0.997662534602187
0.9970955130509073
0.996539954182795
0.9959980505349052
0.9954719407533731
0.9949637011531534
0.9944753375237548
0.994008777213305
0.9935658615221874
0.9931483384362713
0.9927578557284099
0.9923959544554352
0.9920640628763098
0.9917634908154442
0.9914954244934183
0.9912609218455113
0.9910609083465153
0.9908961733583107
0.9907673670146164
0.9906749976552085
0.990619429819737
0.9906008828090549
0.9906194298197373
0.9906749976552088
0.9907673670146168
0.9908961733583111
0.9910609083465155
0.9912609218455115
0.9914954244934187
0.9917634908154443
0.9920640628763099
0.992395954455435
0.9927578557284104
0.9931483384362715
0.993565861522188
0.9940087772133055
0.9944753375237554
0.994963701153154
0.9954719407533738
0.995998050534906
0.9965399541827957
0.9970955130509078
0.9976625346021876
0.9982387810616017
0.9988219782476161
0.9994098245473519
1.0
1.0
0.9994256611955574
0.9988535890440113
0.9982860412528133
0.9977252576738301
0.9971734514636704
0.9966328003493666
0.99610543803388
0.9955934457753495
0.9950988441733161
0.9946235851943409
0.9941695444684828
0.993738513887045
0.9933321945307991
0.9929521899565965
0.9925999998688625
0.9922770142009495
0.991984507629706
0.9917236345449093
0.9914954244934183
0.9913007781160229
0.9911404635930269
0.991015113612593
0.9909252228738112
0.9908711461343486
0.9908530968103832
0.9908711461343488
0.9909252228738116
0.9910151136125935
0.9911404635930273
0.9913007781160231
0.9914954244934184
0.9917236345449096
0.9919845076297061
0.9922770142009496
0.9925999998688624
0.9929521899565966
0.9933321945307995
0.9937385138870455
0.9941695444684833
0.9946235851943415
0.9950988441733167
0.9955934457753501
0.9961054380338807
0.9966328003493673
0.997173451463671
0.9977252576738306
0.9982860412528137
0.9988535890440117
0.9994256611955576
1.0
1.0
0.9994437644966315
0.9988897242007001
0.9983400656561602
0.9977969581141943
0.9972625449721676
0.9967389353146184
0.996228195589663
0.9957323414536692
0.9952533298163818
0.9947930511178925
0.9943533218679377
0.9939358774769639
0.9935423654072562
0.9931743386711571
0.9928332497020387
0.9925204446222101
0.9922371579303902
0.9919845076297058
0.991763490815444
0.9915749797399745
0.991419718370368
0.9912983194523
0.9912112620918226
0.9911588898645539
0.9911414094597412
0.991158889864554
0.9912112620918229
0.9912983194523004
0.9914197183703685
0.9915749797399748
0.9917634908154443
0.9919845076297061
0.9922371579303905
0.9925204446222101
0.9928332497020387
0.9931743386711573
0.9935423654072563
0.9939358774769644
0.9943533218679382
0.9947930511178932
0.9952533298163824
0.99573234145367
0.9962281955896636
0.9967389353146189
0.9972625449721683
0.9977969581141948
0.9983400656561606
0.9988897242007004
0.9994437644966319
1.0
1.0
0.9994640630051169
0.9989302411087307
0.9984006410620087
0.9978773529544054
0.9973624419650328
0.9968579402123412
0.996365838734276
0.9958880796305593
0.9954265483981097
0.9949830664898477
0.9945593841262521
0.9941571733880408
0.9937780216172309
0.9934234251526276
0.9930947834244565
0.9927933934314549
0.9925204446222099
0.9922770142009492
0.9920640628763093
0.9918824310698579
0.9917328355993343
0.9916158668496996
0.9915319864431558
0.9914815254173354
0.991464682918847
0.9914815254173354
0.9915319864431562
0.9916158668497002
0.9917328355993348
0.9918824310698581
0.9920640628763098
0.9922770142009496
0.9925204446222101
0.9927933934314549
0.9930947834244566
0.9934234251526277
0.9937780216172313
0.994157173388041
0.9945593841262524
0.9949830664898482
0.9954265483981103
0.9958880796305598
0.9963658387342765
0.9968579402123416
0.9973624419650331
0.9978773529544057
0.998400641062009
0.9989302411087312
0.9994640630051175
1.0
1.0
0.9994864766120763
0.9989749798663812
0.9984675284069114
0.9979661249127648
0.9974727481944818
0.9969893453845822
0.9965178242531224
0.9960600456785987
0.9956178163039092
0.9951928814063596
0.9947869180098514
0.9944015282664342
0.9940382331333448
0.9936984663704836
0.9933835688820198
0.9930947834244563
0.9928332497020383
0.9925999998688622
0.9923959544554347
0.9922219187357618
0.9920785795493003
0.9919665025903159
0.9918861301753492
0.9918377794975926
0.9918216413750756
0.9918377794975928
0.9918861301753495
0.9919665025903163
0.9920785795493008
0.9922219187357623
0.992395954455435
0.9925999998688624
0.9928332497020387
0.9930947834244563
0.9933835688820198
0.9936984663704836
0.9940382331333452
0.9944015282664345
0.9947869180098518
0.9951928814063601
0.9956178163039098
0.9960600456785992
0.9965178242531229
0.9969893453845826
0.9974727481944822
0.9979661249127653
0.9984675284069116
0.9989749798663816
0.9994864766120767
1.0
1.0
0.9995109168612439
0.9990237639102179
0.9985404637170809
0.9980629236469161
0.9975930283322303
0.99713263223517
0.9966835523288067
0.9962475609263732
0.9958263786867528
0.9954216678238244
0.9950350255464647
0.9946679777550937
0.9943219730196433
0.9939983768627145
0.9936984663704838
0.9934234251526273
0.9931743386711569
0.9929521899565961
0.9927578557284098
0.9925921029349929
0.9924555857268774
0.9923488428750983
0.992272295644912
0.9922262461332553
0.9922108760765065
0.9922262461332554
0.9922722956449123
0.9923488428750986
0.9924555857268778
0.9925921029349934
0.9927578557284101
0.9929521899565965
0.993174338671157
0.9934234251526274
0.9936984663704836
0.9939983768627145
0.9943219730196435
0.9946679777550937
0.995035025546465
0.9954216678238248
0.9958263786867534
0.9962475609263739
0.9966835523288073
0.9971326322351705
0.9975930283322306
0.9980629236469164
0.9985404637170813
0.9990237639102183
0.9995109168612443
1.0
1.0
0.9995372872981242
0.9990764007119101
0.9986191591501742
0.998167367136485
0.997722807687533
0.9972872352763765
0.9968623689083393
0.99644988533688
0.9960514124462123
0.9956685228267903
0.9953027275690115
0.9949554702996342
0.9946281214844422
0.9943219730196433
0.994038233133345
0.9937780216172309
0.9935423654072559
0.9933321945307989
0.993148338436271
0.9929915227196622
0.9928623662609457
0.9927613787816426
0.9926889588331842
0.9926453922240123
0.9926308508916236
0.9926453922240123
0.9926889588331844
0.9927613787816428
0.9928623662609461
0.9929915227196627
0.9931483384362716
0.9933321945307992
0.993542365407256
0.993778021617231
0.994038233133345
0.9943219730196434
0.9946281214844425
0.9949554702996344
0.9953027275690117
0.9956685228267905
0.9960514124462128
0.9964498853368806
0.9968623689083401
0.9972872352763772
0.9977228076875333
0.9981673671364855
0.9986191591501745
0.9990764007119104
0.9995372872981244
1.0
1.0
0.9995654838506512
0.999132682538052
0.9987033041312733
0.9982790431907397
0.9978615740805723
0.9974525443606385
0.9970535682843843
0.9966662204281151
0.99629202947686
0.9959324721913514
0.9955889675799247
0.995262871298341
0.9949554702996342
0.9946679777550939
0.9944015282664344
0.9941571733880408
0.9939358774769639
0.9937385138870448
0.9935658615221873
0.9934186017623794
0.9932973157746001
0.9932024822192183
0.9931344753609397
0.9930935635917558
0.9930799083717237
0.993093563591756
0.99313447536094
0.9932024822192187
0.9932973157746006
0.99341860176238
0.9935658615221878
0.9937385138870451
0.993935877476964
0.9941571733880407
0.9944015282664345
0.9946679777550939
0.9949554702996342
0.9952628712983412
0.9955889675799247
0.9959324721913516
0.9962920294768605
0.9966662204281157
0.9970535682843851
0.9974525443606389
0.9978615740805729
0.9982790431907401
0.9987033041312738
0.9991326825380524
0.9995654838506516
1.0
1.0
0.9995953952399155
0.999192387269991
0.9987925665785841
0.998397511075319
0.9980087798637978
0.9976279070885297
0.9972563958803635
0.9968957124243175
0.996547280173214
0.9962124742299646
0.9958926159206646
0.9955889675799247
0.9953027275690114
0.995035025546465
0.9947869180098515
0.9945593841262523
0.9943533218679378
0.9941695444684826
0.9940087772133047
0.9938716545772959
0.9937587177208395
0.9936704123540984
0.993607086978001
0.9935689915088681
0.9935562762921073
0.9935689915088682
0.9936070869780013
0.9936704123540987
0.99375871772084
0.9938716545772965
0.9940087772133053
0.9941695444684829
0.9943533218679379
0.9945593841262526
0.9947869180098516
0.995035025546465
0.9953027275690116
0.9955889675799248
0.995892615920665
0.996212474229965
0.9965472801732145
0.9968957124243181
0.9972563958803643
0.9976279070885303
0.9980087798637984
0.9983975110753195
0.9987925665785846
0.9991923872699914
0.9995953952399159
1.0
1.0
0.9996269034193299
0.9992552792804289
0.99888659421401
0.9985223032516093
0.9981638440832395
0.997812631383485
0.9974700512284258
0.9971374556254304
0.9968161571773976
0.9965074239025138
0.9962124742299645
0.9959324721913514
0.9956685228267904
0.9954216678238246
0.9951928814063599
0.9949830664898478
0.9947930511178927
0.994623585194341
0.9944753375237547
0.9943488931719467
0.9942447511569917
0.9941633224798329
0.9941049285022469
0.9940697996785782
0.9940580746462405
0.9940697996785784
0.9941049285022471
0.9941633224798331
0.9942447511569923
0.9943488931719471
0.9944753375237553
0.9946235851943412
0.9947930511178928
0.994983066489848
0.99519288140636
0.9954216678238247
0.9956685228267906
0.9959324721913517
0.9962124742299651
0.9965074239025141
0.9968161571773979
0.997137455625431
0.9974700512284265
0.9978126313834854
0.99816384408324
0.9985223032516097
0.9988865942140106
0.9992552792804293
0.9996269034193304
1.0
1.0
0.9996598840405055
0.9993211103633344
0.9989850159534336
0.9986529272219057
0.9983261547712691
0.9980059882231085
0.9976936911285268
0.9973904959814867
0.9970975993547191
0.9968161571773976
0.9965472801732144
0.9962920294768604
0.9960514124462125
0.9958263786867529
0.9956178163039094
0.9954265483981098
0.9952533298163819
0.9950988441733164
0.9949637011531535
0.9948484341036385
0.994753497931143
0.9946792673053555
0.9946260351806341
0.9945940116398487
0.9945833230652806
0.9945940116398488
0.9946260351806344
0.9946792673053559
0.9947534979311433
0.9948484341036391
0.9949637011531538
0.9950988441733167
0.9952533298163824
0.9954265483981102
0.9956178163039098
0.9958263786867533
0.9960514124462129
0.9962920294768605
0.9965472801732147
0.996816157177398
0.9970975993547194
0.9973904959814871
0.9976936911285273
0.9980059882231089
0.9983261547712696
0.9986529272219061
0.998985015953434
0.9993211103633348
0.9996598840405059
1.0
1.0
0.9996942069439985
0.9993896207134992
0.9990874433712146
0.9987888674730753
0.9984950713617554
0.998207214516293
0.9979264329761545
0.9976538348578068
0.9973904959814868
0.9971374556254307
0.9968957124243177
0.9966662204281156
0.9964498853368804
0.9962475609263736
0.9960600456785991
0.9958880796305595
0.9957323414536695
0.9955934457753496
0.9954719407533733
0.9953683059125391
0.9952829502522056
0.995216210632159
0.9951683504431804
0.9951395585675645
0.9951299486336869
0.9951395585675646
0.9951683504431809
0.9952162106321595
0.995282950252206
0.9953683059125394
0.9954719407533735
0.99559344577535
0.9957323414536698
0.9958880796305597
0.9960600456785992
0.9962475609263738
0.9964498853368804
0.9966662204281158
0.9968957124243181
0.997137455625431
0.9973904959814871
0.9976538348578073
0.997926432976155
0.9982072145162937
0.998495071361756
0.9987888674730758
0.999087443371215
0.9993896207134995
0.9996942069439988
1.0
1.0
0.9997297366729893
0.9994605399518708
0.9991934722331302
0.9989295875110522
0.998669927218087
0.9984155161147914
0.9981673582455668
0.9979264329761547
0.9976936911285269
0.9974700512284261
0.9972563958803641
0.9970535682843849
0.9968623689083399
0.9966835523288071
0.9965178242531226
0.9963658387342762
0.9962281955896632
0.9961054380338804
0.9959980505349056
0.9959064569021255
0.9958310186137533
0.9957720333902393
0.9957297340193059
0.9957042874372397
0.9956957940700715
0.9957042874372398
0.9957297340193061
0.9957720333902397
0.9958310186137537
0.995906456902126
0.9959980505349058
0.9961054380338805
0.9962281955896634
0.9963658387342764
0.9965178242531229
0.9966835523288072
0.99686236890834
0.997053568284385
0.9972563958803644
0.9974700512284266
0.9976936911285275
0.997926432976155
0.9981673582455673
0.9984155161147918
0.9986699272180874
0.9989295875110525
0.9991934722331306
0.9994605399518711
0.9997297366729894
1.0
1.0
0.9997663330078695
0.999533588192615
0.9993026840917014
0.9990745319781343
0.9988500322640813
0.9986300709473565
0.9984155161147915
0.9982072145162932
0.9980059882231087
0.9978126313834852
0.9976279070885299
0.9974525443606389
0.9972872352763771
0.9971326322351702
0.9969893453845824
0.9968579402123413
0.9967389353146188
0.9966328003493669
0.9965399541827953
0.9964607632362961
0.9963955400403471
0.9963445420010975
0.9963079703845028
0.9962859695220212
0.9962786262410025
0.9962859695220213
0.996307970384503
0.9963445420010976
0.9963955400403475
0.9964607632362963
0.9965399541827956
0.9966328003493672
0.9967389353146189
0.9968579402123416
0.9969893453845826
0.9971326322351705
0.9972872352763771
0.9974525443606389
0.9976279070885302
0.9978126313834855
0.998005988223109
0.9982072145162937
0.9984155161147918
0.9986300709473569
0.9988500322640818
0.9990745319781347
0.9993026840917016
0.9995335881926151
0.9997663330078695
1.0
1.0
0.9998038515196237
0.9996084771476964
0.9994146479376148
0.9992231288447264
0.999034675707401
0.9988500322640813
0.9986699272180872
0.9984950713617557
0.9983261547712695
0.9981638440832398
0.998008779863798
0.9978615740805727
0.9977228076875333
0.9975930283322305
0.997472748194482
0.997362441965033
0.9972625449721678
0.9971734514636708
0.9970955130509076
0.9970290373211788
0.9969742866238125
0.996931477034791
0.9969007775039992
0.9968823091884558
0.9968761449741623
0.9968823091884559
0.9969007775039993
0.9969314770347911
0.9969742866238127
0.9970290373211792
0.9970955130509078
0.997173451463671
0.9972625449721682
0.9973624419650332
0.9974727481944822
0.9975930283322307
0.9977228076875333
0.9978615740805727
0.9980087798637982
0.9981638440832401
0.9983261547712696
0.9984950713617561
0.9986699272180876
0.9988500322640818
0.9990346757074013
0.9992231288447267
0.9994146479376151
0.9996084771476967
0.9998038515196238
1.0
1.0
0.999842144139826
0.9996849112646216
0.9995289219007194
0.9993747916668799
0.9992231288447265
0.9990745319781345
0.9989295875110525
0.9987888674730756
0.9986529272219061
0.9985223032516097
0.9983975110753194
0.9982790431907401
0.9981673671364852
0.9980629236469163
0.997966124912765
0.9978773529544055
0.9977969581141944
0.9977252576738301
0.9976625346021872
0.997609036438567
0.9975649743157746
0.997530522126873
0.997505815838908
0.9974909529563077
0.9974859921360774
0.9974909529563077
0.9975058158389082
0.9975305221268732
0.9975649743157747
0.9976090364385674
0.9976625346021873
0.9977252576738305
0.9977969581141948
0.9978773529544057
0.9979661249127653
0.9980629236469165
0.9981673671364854
0.9982790431907401
0.9983975110753195
0.9985223032516097
0.9986529272219061
0.9987888674730758
0.9989295875110528
0.9990745319781349
0.9992231288447269
0.9993747916668803
0.9995289219007197
0.9996849112646218
0.999842144139826
1.0
1.0
0.9998810597449973
0.9997625888928477
0.9996450549938859
0.9995289219007194
0.9994146479376149
0.9993026840917016
0.9991934722331305
0.9990874433712149
0.998985015953434
0.9988865942140104
0.9987925665785844
0.9987033041312736
0.9986191591501743
0.998540463717081
0.9984675284069116
0.9984006410620089
0.9983400656561603
0.9982860412528134
0.9982387810616014
0.9981984715969028
0.9981652719417548
0.9981393131200241
0.9981206975793184
0.9981094987866692
0.9981057609385935
0.9981094987866693
0.9981206975793186
0.9981393131200246
0.9981652719417549
0.998198471596903
0.9982387810616017
0.9982860412528137
0.9983400656561606
0.998400641062009
0.9984675284069117
0.9985404637170814
0.9986191591501745
0.9987033041312738
0.9987925665785846
0.9988865942140106
0.9989850159534341
0.9990874433712151
0.9991934722331306
0.9993026840917018
0.9994146479376151
0.9995289219007196
0.9996450549938861
0.999762588892848
0.9998810597449975
1.0
1.0
0.9999204447530217
0.9998412034742614
0.9997625888928479
0.9996849112646218
0.9996084771476966
0.9995335881926152
0.9994605399518711
0.9993896207134995
0.9993211103633347
0.9992552792804293
0.9991923872699914
0.9991326825380523
0.9990764007119103
0.9990237639102181
0.9989749798663815
0.9989302411087311
0.9988897242007002
0.9988535890440114
0.998821978247616
0.9987950165648821
0.9987728104012512
0.9987554473943031
0.9987429960678917
0.9987355055617123
0.9987330054373699
0.9987355055617123
0.9987429960678917
0.9987554473943032
0.9987728104012513
0.9987950165648823
0.9988219782476161
0.9988535890440118
0.9988897242007004
0.9989302411087311
0.9989749798663816
0.9990237639102183
0.9990764007119105
0.9991326825380524
0.9991923872699916
0.9992552792804292
0.9993211103633348
0.9993896207134995
0.9994605399518712
0.9995335881926152
0.9996084771476967
0.9996849112646219
0.999762588892848
0.9998412034742614
0.9999204447530217
1.0
1.0
0.9999601437292639
0.9999204447530216
0.9998810597449973
0.999842144139826
0.9998038515196238
0.9997663330078695
0.9997297366729894
0.9996942069439987
0.9996598840405059
0.9996269034193302
0.9995953952399159
0.9995654838506516
0.9995372872981244
0.9995109168612443
0.9994864766120765
0.9994640630051175
0.9994437644966317
0.9994256611955578
0.9994098245473518
0.9993963170520282
0.9993851920174981
0.9993764933491889
0.9993702553767694
0.999366502718666
0.9993652501849054
0.999366502718666
0.9993702553767695
0.9993764933491889
0.9993851920174981
0.9993963170520282
0.9994098245473519
0.9994256611955576
0.9994437644966319
0.9994640630051174
0.9994864766120767
0.9995109168612444
0.9995372872981244
0.9995654838506516
0.9995953952399159
0.9996269034193304
0.999659884040506
0.9996942069439988
0.9997297366729895
0.9997663330078695
0.9998038515196239
0.999842144139826
0.9998810597449973
0.9999204447530217
0.9999601437292639
1.0
1.0
1.0
1.0
1.0
1.0
1.0
1.0
1.0
1.0
1.0
1.0
1.0
1.0
1.0
1.0
1.0
1.0
1.0
1.0
1.0
1.0
1.0
1.0
1.0
1.0
1.0
1.0
1.0
1.0
1.0
1.0
1.0
1.0
1.0
1.0
1.0
1.0
1.0
1.0
1.0
1.0
1.0
1.0
1.0
1.0
1.0
1.0
1.0
1.0
1.0
1.0
