1.0
1.0
1.0
1.0
1.0
1.0
1.0
1.0
1.0
1.0
1.0
1.0
1.0
1.0
1.0
1.0
1.0
1.0
1.0
1.0
1.0
1.0
1.0
1.0
1.0
1.0
1.0
1.0
1.0
1.0
1.0
1.0
1.0
1.0
1.0
1.0
1.0
1.0
1.0
1.0
1.0
1.0
1.0
1.0
1.0
1.0
1.0
1.0
1.0
1.0
1.0
1.0
0.999999996016662
0.9999999920490443
0.9999999881128055
0.9999999842234801
0.9999999803964174
0.9999999766467207
0.9999999729891893
0.9999999694382569
0.9999999660079377
0.9999999627117698
0.9999999595627616
0.9999999565733403
0.9999999537553045
0.999999951119775
0.9999999486771538
0.9999999464370806
0.9999999444083955
0.999999942599105
0.9999999410163498
0.9999999396663759
0.9999999385545115
0.9999999376851443
0.9999999370617051
0.9999999366866551
0.9999999365614736
0.999999936686655
0.9999999370617052
0.9999999376851443
0.9999999385545113
0.9999999396663759
0.9999999410163497
0.9999999425991049
0.9999999444083953
0.9999999464370805
0.9999999486771539
0.9999999511197751
0.9999999537553041
0.9999999565733401
0.999999959562761
0.9999999627117694
0.9999999660079374
0.9999999694382565
0.999999972989189
0.9999999766467205
0.999999980396417
0.9999999842234799
0.9999999881128053
0.999999992049044
0.9999999960166619
1.0
1.0
0.9999999920490441
0.9999999841294674
0.9999999762725245
0.9999999685092227
0.9999999608702009
0.9999999533856064
0.9999999460849777
0.999999938997127
0.9999999321500268
0.9999999255706994
0.9999999192851101
0.9999999133180659
0.9999999076931155
0.9999999024324584
0.9999998975568558
0.9999998930855496
0.9999998890361856
0.9999998854247454
0.9999998822654811
0.9999998795708614
0.9999998773515204
0.9999998756162168
0.9999998743717995
0.9999998736231789
0.9999998733733101
0.999999873623179
0.9999998743717994
0.9999998756162168
0.9999998773515204
0.9999998795708612
0.9999998822654811
0.9999998854247453
0.9999998890361858
0.9999998930855494
0.9999998975568557
0.9999999024324584
0.9999999076931153
0.9999999133180657
0.9999999192851098
0.9999999255706989
0.9999999321500264
0.9999999389971266
0.9999999460849776
0.9999999533856062
0.9999999608702007
0.9999999685092226
0.9999999762725242
0.9999999841294673
0.9999999920490441
1.0
1.0
0.9999999881128052
0.9999999762725242
0.9999999645258847
0.9999999529192451
0.999999941498412
0.9999999303084577
0.9999999193935443
0.9999999087967475
0.9999998985598884
0.9999998887233672
0.9999998793260038
0.9999998704048855
0.9999998619952201
0.9999998541301964
0.9999998468408541
0.9999998401559611
0.9999998341018995
0.999999828702562
0.9999998239792571
0.9999998199506256
0.9999998166325669
0.9999998140381756
0.9999998121776905
0.9999998110584546
0.9999998106848845
0.9999998110584546
0.9999998121776905
0.9999998140381756
0.9999998166325668
0.9999998199506257
0.999999823979257
0.9999998287025618
0.9999998341018994
0.999999840155961
0.9999998468408541
0.9999998541301962
0.9999998619952197
0.9999998704048851
0.9999998793260033
0.9999998887233668
0.9999998985598881
0.9999999087967473
0.9999999193935439
0.9999999303084575
0.9999999414984118
0.999999952919245
0.9999999645258847
0.9999999762725242
0.9999999881128054
1.0
1.0
0.9999999842234799
0.9999999685092227
0.9999999529192451
0.999999937515074
0.9999999223575021
0.9999999075063497
0.9999998930202275
0.9999998789563057
0.999999865370088
0.9999998523151931
0.9999998398431423
0.9999998280031579
0.9999998168419663
0.9999998064036157
0.9999997967293015
0.9999997878572042
0.9999997798223372
0.9999997726564112
0.9999997663877063
0.9999997610409627
0.9999997566372809
0.9999997531940407
0.9999997507248308
0.9999997492393963
0.9999997487435991
0.9999997492393964
0.9999997507248308
0.9999997531940407
0.9999997566372808
0.9999997610409627
0.9999997663877064
0.999999772656411
0.9999997798223372
0.999999787857204
0.9999997967293015
0.9999998064036154
0.9999998168419659
0.9999998280031573
0.9999998398431421
0.9999998523151926
0.9999998653700878
0.9999998789563054
0.9999998930202273
0.9999999075063497
0.999999922357502
0.9999999375150738
0.9999999529192451
0.9999999685092227
0.9999999842234799
1.0
1.0
0.9999999803964172
0.9999999608702008
0.9999999414984119
0.999999922357502
0.9999999035230118
0.9999998850692717
0.999999867069111
0.999999849593568
0.9999998327116101
0.9999998164898634
0.9999998009923471
0.9999997862802231
0.9999997724115535
0.9999997594410716
0.9999997474199656
0.9999997363956779
0.9999997264117159
0.9999997175074818
0.9999997097181168
0.9999997030743616
0.9999996976024363
0.999999693323936
0.9999996902557462
0.9999996884099753
0.9999996877939079
0.9999996884099754
0.9999996902557463
0.9999996933239362
0.9999996976024362
0.9999997030743617
0.9999997097181167
0.9999997175074817
0.9999997264117155
0.9999997363956775
0.9999997474199653
0.9999997594410712
0.9999997724115531
0.9999997862802229
0.9999998009923468
0.999999816489863
0.9999998327116101
0.9999998495935678
0.999999867069111
0.9999998850692716
0.9999999035230117
0.999999922357502
0.999999941498412
0.9999999608702007
0.9999999803964172
1.0
1.0
0.9999999766467208
0.9999999533856063
0.9999999303084577
0.9999999075063497
0.999999885069272
0.999999863085773
0.9999998416426122
0.9999998208244157
0.9999998007133434
0.9999997813887644
0.9999997629269441
0.9999997454007428
0.9999997288793283
0.9999997134279035
0.9999996991074477
0.9999996859744773
0.9999996740808222
0.9999996634734214
0.999999654194137
0.9999996462795907
0.9999996397610169
0.9999996346641419
0.9999996310090807
0.9999996288102581
0.9999996280763518
0.9999996288102582
0.9999996310090805
0.9999996346641419
0.9999996397610168
0.9999996462795905
0.9999996541941368
0.9999996634734211
0.999999674080822
0.999999685974477
0.9999996991074475
0.9999997134279031
0.9999997288793281
0.9999997454007422
0.9999997629269437
0.9999997813887641
0.999999800713343
0.9999998208244156
0.9999998416426122
0.999999863085773
0.9999998850692718
0.9999999075063496
0.9999999303084576
0.9999999533856063
0.9999999766467208
1.0
1.0
0.9999999729891891
0.9999999460849777
0.9999999193935442
0.9999998930202276
0.9999998670691111
0.9999998416426122
0.9999998168410776
0.9999997927623876
0.9999997695015698
0.999999747150424
0.9999997257971602
0.9999997055260493
0.9999996864170926
0.9999996685457045
0.999999651982415
0.9999996367925922
0.9999996230361828
0.9999996107674776
0.9999996000348951
0.9999995908807924
0.9999995833412961
0.9999995774461614
0.9999995732186537
0.9999995706754571
0.999999569826608
0.999999570675457
0.9999995732186536
0.9999995774461613
0.9999995833412959
0.9999995908807922
0.9999996000348949
0.9999996107674772
0.9999996230361825
0.9999996367925917
0.9999996519824148
0.9999996685457042
0.9999996864170922
0.999999705526049
0.9999997257971596
0.9999997471504237
0.9999997695015697
0.9999997927623875
0.9999998168410775
0.9999998416426121
0.9999998670691108
0.9999998930202273
0.9999999193935439
0.9999999460849776
0.9999999729891891
1.0
1.0
0.9999999694382569
0.9999999389971269
0.9999999087967473
0.9999998789563055
0.9999998495935679
0.9999998208244156
0.9999997927623875
0.9999997655182318
0.9999997391994684
0.9999997139099656
0.9999996897495294
0.99999966681351
0.9999996451924256
0.9999996249716044
0.9999996062308492
0.9999995890441207
0.9999995734792474
0.9999995595976566
0.9999995474541328
0.9999995370966008
0.9999995285659369
0.999999521895808
0.9999995171125378
0.9999995142350038
0.9999995132745623
0.9999995142350037
0.9999995171125377
0.9999995218958078
0.9999995285659367
0.9999995370966006
0.9999995474541326
0.9999995595976564
0.9999995734792471
0.9999995890441202
0.9999996062308486
0.9999996249716041
0.999999645192425
0.9999996668135095
0.9999996897495288
0.9999997139099652
0.9999997391994679
0.9999997655182317
0.9999997927623875
0.9999998208244154
0.9999998495935676
0.9999998789563054
0.9999999087967473
0.9999999389971266
0.9999999694382568
1.0
1.0
0.9999999660079378
0.9999999321500266
0.9999998985598882
0.9999998653700877
0.9999998327116099
0.999999800713343
0.9999997695015698
0.9999997391994684
0.9999997099266275
0.9999996817985737
0.9999996549263156
0.9999996294159056
0.9999996053680218
0.99999958287757
0.9999995620333099
0.9999995429175043
0.9999995256055945
0.9999995101659025
0.9999994966593622
0.9999994851392773
0.9999994756511125
0.9999994682323132
0.9999994629121579
0.999999459711643
0.9999994586433995
0.9999994597116431
0.999999462912158
0.9999994682323132
0.9999994756511125
0.9999994851392772
0.999999496659362
0.9999995101659024
0.9999995256055941
0.9999995429175039
0.9999995620333094
0.9999995828775695
0.9999996053680212
0.9999996294159051
0.9999996549263152
0.9999996817985732
0.9999997099266271
0.999999739199468
0.9999997695015697
0.999999800713343
0.9999998327116099
0.9999998653700876
0.999999898559888
0.9999999321500264
0.9999999660079375
1.0
1.0
0.9999999627117697
0.9999999255706989
0.9999998887233668
0.9999998523151927
0.999999816489863
0.9999997813887642
0.9999997471504238
0.9999997139099653
0.9999996817985736
0.9999996509429774
0.9999996214649499
0.9999995934808271
0.9999995671010501
0.9999995424297272
0.9999995195642252
0.9999994985947838
0.9999994796041595
0.9999994626672999
0.9999994478510471
0.9999994352138739
0.9999994248056536
0.9999994166674625
0.9999994108314184
0.9999994073205537
0.9999994061487238
0.9999994073205538
0.9999994108314185
0.9999994166674626
0.9999994248056535
0.9999994352138738
0.9999994478510471
0.9999994626672998
0.9999994796041594
0.9999994985947834
0.9999995195642248
0.9999995424297269
0.9999995671010498
0.9999995934808269
0.9999996214649495
0.999999650942977
0.9999996817985732
0.9999997139099651
0.9999997471504238
0.999999781388764
0.999999816489863
0.9999998523151926
0.9999998887233666
0.9999999255706988
0.9999999627117695
1.0
1.0
0.9999999595627614
0.99999991928511
0.9999998793260033
0.9999998398431421
0.9999998009923468
0.9999997629269436
0.9999997257971597
0.999999689749529
0.9999996549263153
0.9999996214649498
0.9999995894974891
0.9999995591500943
0.9999995305425329
0.9999995037877052
0.999999478991201
0.9999994562508804
0.9999994356564892
0.999999417289304
0.9999994012218116
0.9999993875174235
0.9999993762302238
0.9999993674047589
0.9999993610758582
0.9999993572684993
0.999999355997708
0.9999993572684993
0.9999993610758583
0.999999367404759
0.9999993762302241
0.9999993875174235
0.9999994012218117
0.999999417289304
0.9999994356564891
0.9999994562508802
0.9999994789912007
0.999999503787705
0.9999995305425324
0.999999559150094
0.9999995894974889
0.9999996214649495
0.9999996549263152
0.9999996897495289
0.9999997257971597
0.9999997629269437
0.9999998009923468
0.999999839843142
0.9999998793260033
0.9999999192851098
0.9999999595627613
1.0
1.0
0.9999999565733403
0.9999999133180657
0.9999998704048851
0.9999998280031575
0.9999997862802227
0.9999997454007423
0.9999997055260489
0.9999996668135096
0.9999996294159051
0.999999593480827
0.9999995591500941
0.9999995265591946
0.9999994958367495
0.9999994671040063
0.9999994404743605
0.9999994160529065
0.999999393936025
0.9999993742110009
0.9999993569556804
0.9999993422381618
0.9999993301165288
0.9999993206386197
0.9999993138418396
0.9999993097530125
0.9999993083882748
0.9999993097530125
0.9999993138418399
0.9999993206386198
0.999999330116529
0.9999993422381618
0.9999993569556803
0.9999993742110009
0.9999993939360248
0.9999994160529064
0.9999994404743602
0.9999994671040063
0.9999994958367493
0.9999995265591944
0.9999995591500941
0.9999995934808269
0.9999996294159051
0.9999996668135095
0.9999997055260489
0.9999997454007423
0.9999997862802227
0.9999998280031575
0.9999998704048851
0.9999999133180657
0.9999999565733402
1.0
1.0
0.9999999537553043
0.9999999076931154
0.9999998619952197
0.9999998168419659
0.9999997724115531
0.9999997288793279
0.9999996864170921
0.999999645192425
0.9999996053680212
0.9999995671010498
0.9999995305425324
0.9999994958367495
0.9999994631206683
0.9999994325234047
0.9999994041657119
0.9999993781595049
0.9999993546074184
0.9999993336024013
0.9999993152273511
0.9999992995547858
0.9999992866465576
0.9999992765536097
0.9999992693157741
0.9999992649616152
0.9999992635083171
0.9999992649616153
0.9999992693157741
0.9999992765536098
0.9999992866465577
0.9999992995547857
0.9999993152273511
0.9999993336024012
0.9999993546074182
0.9999993781595048
0.9999994041657118
0.9999994325234046
0.9999994631206682
0.9999994958367492
0.9999995305425324
0.9999995671010495
0.9999996053680213
0.9999996451924251
0.9999996864170921
0.999999728879328
0.999999772411553
0.9999998168419658
0.9999998619952197
0.9999999076931154
0.9999999537553044
1.0
1.0
0.999999951119775
0.9999999024324582
0.999999854130196
0.9999998064036154
0.999999759441071
0.999999713427903
0.999999668545704
0.9999996249716039
0.9999995828775695
0.9999995424297269
0.999999503787705
0.9999994671040063
0.9999994325234046
0.9999994001823738
0.9999993702085492
0.9999993427202237
0.9999993178258813
0.9999992956237683
0.9999992762015067
0.9999992596357469
0.9999992459918666
0.9999992353237118
0.9999992276733851
0.9999992230710787
0.9999992215349558
0.9999992230710787
0.9999992276733851
0.9999992353237119
0.9999992459918665
0.9999992596357469
0.9999992762015066
0.9999992956237683
0.9999993178258811
0.9999993427202238
0.9999993702085491
0.9999994001823738
0.9999994325234046
0.9999994671040061
0.9999995037877049
0.9999995424297268
0.9999995828775696
0.999999624971604
0.9999996685457041
0.9999997134279032
0.999999759441071
0.9999998064036154
0.999999854130196
0.9999999024324582
0.999999951119775
1.0
1.0
0.9999999486771536
0.9999998975568555
0.9999998468408537
0.9999997967293013
0.9999997474199651
0.9999996991074472
0.9999996519824147
0.9999996062308486
0.9999995620333094
0.9999995195642248
0.9999994789912007
0.9999994404743601
0.9999994041657118
0.9999993702085492
0.9999993387368857
0.9999993098749256
0.9999992837365739
0.9999992604249869
0.9999992400321642
0.9999992226385874
0.9999992083129011
0.9999991971116421
0.9999991890790167
0.9999991842467257
0.9999991826338402
0.9999991842467256
0.9999991890790166
0.9999991971116421
0.999999208312901
0.9999992226385874
0.9999992400321641
0.9999992604249865
0.9999992837365738
0.9999993098749256
0.9999993387368856
0.9999993702085492
0.9999994041657118
0.9999994404743602
0.9999994789912006
0.9999995195642247
0.9999995620333095
0.9999996062308487
0.9999996519824147
0.9999996991074475
0.9999997474199651
0.9999997967293012
0.9999998468408537
0.9999998975568557
0.9999999486771537
1.0
1.0
0.9999999464370806
0.9999998930855493
0.9999998401559609
0.9999997878572037
0.9999997363956774
0.9999996859744767
0.9999996367925916
0.99999958904412
0.9999995429175037
0.9999994985947832
0.99999945625088
0.9999994160529061
0.9999993781595047
0.9999993427202236
0.9999993098749255
0.9999992797532358
0.9999992524740311
0.9999992281449697
0.9999992068620676
0.9999991887093184
0.999999173758363
0.9999991620682059
0.9999991536849827
0.9999991486417783
0.9999991469584957
0.9999991486417783
0.9999991536849828
0.9999991620682058
0.9999991737583629
0.9999991887093184
0.9999992068620674
0.9999992281449697
0.9999992524740309
0.9999992797532359
0.9999993098749255
0.9999993427202237
0.9999993781595048
0.9999994160529061
0.99999945625088
0.9999994985947833
0.9999995429175038
0.9999995890441203
0.9999996367925919
0.999999685974477
0.9999997363956774
0.9999997878572038
0.9999998401559609
0.9999998930855494
0.9999999464370805
1.0
1.0
0.9999999444083953
0.9999998890361854
0.9999998341018991
0.9999997798223369
0.9999997264117154
0.9999996740808217
0.9999996230361822
0.9999995734792468
0.9999995256055939
0.999999479604159
0.9999994356564887
0.9999993939360243
0.9999993546074178
0.999999317825881
0.9999992837365738
0.9999992524740311
0.9999992241616316
0.9999991989111119
0.9999991768221241
0.9999991579818431
0.9999991424646232
0.9999991303317035
0.9999991216309675
0.9999991163967527
0.9999991146497161
0.9999991163967527
0.9999991216309674
0.9999991303317035
0.9999991424646231
0.999999157981843
0.999999176822124
0.9999991989111118
0.9999992241616316
0.999999252474031
0.9999992837365738
0.999999317825881
0.9999993546074181
0.9999993939360244
0.9999994356564887
0.9999994796041591
0.999999525605594
0.9999995734792471
0.9999996230361825
0.9999996740808218
0.9999997264117154
0.9999997798223371
0.9999998341018993
0.9999998890361855
0.9999999444083953
1.0
1.0
0.999999942599105
0.999999885424745
0.9999998287025615
0.9999997726564107
0.9999997175074813
0.9999996634734207
0.9999996107674768
0.999999559597656
0.9999995101659019
0.9999994626672993
0.9999994172893035
0.9999993742110004
0.9999993336024008
0.999999295623768
0.9999992604249865
0.9999992281449696
0.9999991989111118
0.999999172838786
0.9999991500308874
0.9999991305774288
0.9999991145551836
0.9999991020273848
0.9999990930434736
0.9999990876389054
0.9999990858350096
0.9999990876389053
0.9999990930434736
0.9999991020273847
0.9999991145551835
0.9999991305774285
0.9999991500308874
0.9999991728387858
0.9999991989111118
0.9999992281449696
0.9999992604249863
0.9999992956237681
0.9999993336024009
0.9999993742110007
0.9999994172893037
0.9999994626672997
0.9999995101659023
0.9999995595976563
0.999999610767477
0.9999996634734208
0.9999997175074814
0.9999997726564109
0.9999998287025618
0.9999998854247453
0.999999942599105
1.0
1.0
0.9999999410163496
0.9999998822654811
0.9999998239792568
0.9999997663877059
0.9999997097181162
0.9999996541941366
0.9999996000348945
0.999999547454132
0.9999994966593615
0.9999994478510466
0.9999994012218113
0.99999935695568
0.9999993152273507
0.9999992762015063
0.9999992400321639
0.9999992068620673
0.999999176822124
0.9999991500308874
0.9999991265940907
0.9999991066042281
0.9999990901401904
0.9999990772669537
0.9999990680353228
0.9999990624817306
0.9999990606280947
0.9999990624817305
0.9999990680353228
0.9999990772669537
0.9999990901401903
0.999999106604228
0.9999991265940907
0.9999991500308874
0.9999991768221239
0.9999992068620674
0.9999992400321639
0.9999992762015064
0.9999993152273509
0.99999935695568
0.9999994012218114
0.9999994478510468
0.9999994966593617
0.9999995474541322
0.9999996000348946
0.9999996541941365
0.9999997097181162
0.9999997663877059
0.9999998239792569
0.9999998822654811
0.9999999410163497
1.0
1.0
0.9999999396663761
0.9999998795708611
0.9999998199506253
0.999999761040962
0.999999703074361
0.9999996462795899
0.9999995908807915
0.9999995370965998
0.9999994851392765
0.9999994352138734
0.9999993875174228
0.9999993422381612
0.9999992995547853
0.9999992596357464
0.9999992226385871
0.9999991887093183
0.9999991579818429
0.9999991305774287
0.9999991066042281
0.9999990861568523
0.9999990693159979
0.9999990561481282
0.9999990467052107
0.9999990410245119
0.9999990391284515
0.9999990410245119
0.9999990467052106
0.9999990561481281
0.9999990693159979
0.9999990861568523
0.9999991066042281
0.9999991305774287
0.9999991579818432
0.9999991887093184
0.9999992226385873
0.9999992596357467
0.9999992995547855
0.9999993422381614
0.9999993875174231
0.9999994352138734
0.9999994851392768
0.9999995370966
0.9999995908807918
0.99999964627959
0.9999997030743611
0.9999997610409622
0.9999998199506254
0.9999998795708613
0.9999999396663759
1.0
1.0
0.9999999385545112
0.9999998773515201
0.9999998166325664
0.9999997566372802
0.9999996976024358
0.9999996397610164
0.9999995833412954
0.999999528565936
0.9999994756511117
0.9999994248056528
0.9999993762302234
0.9999993301165281
0.999999286646557
0.9999992459918662
0.9999992083129008
0.9999991737583628
0.999999142464623
0.9999991145551834
0.9999990901401902
0.9999990693159978
0.9999990521647901
0.999999038754255
0.9999990291373175
0.9999990233519315
0.9999990214209292
0.9999990233519316
0.9999990291373175
0.999999038754255
0.9999990521647902
0.999999069315998
0.9999990901401903
0.9999991145551836
0.9999991424646232
0.999999173758363
0.999999208312901
0.9999992459918664
0.9999992866465574
0.9999993301165284
0.9999993762302236
0.9999994248056531
0.9999994756511119
0.9999995285659364
0.9999995833412956
0.9999996397610164
0.9999996976024359
0.9999997566372805
0.9999998166325667
0.9999998773515202
0.9999999385545115
1.0
1.0
0.9999999376851441
0.9999998756162166
0.9999998140381752
0.9999997531940401
0.9999996933239355
0.9999996346641412
0.9999995774461606
0.9999995218958072
0.9999994682323124
0.9999994166674617
0.9999993674047583
0.9999993206386192
0.999999276553609
0.9999992353237114
0.9999991971116418
0.9999991620682054
0.9999991303317032
0.9999991020273845
0.9999990772669533
0.9999990561481279
0.9999990387542549
0.9999990251539794
0.9999990154009758
0.9999990095337349
0.9999990075754116
0.9999990095337349
0.9999990154009758
0.9999990251539794
0.9999990387542549
0.9999990561481281
0.9999990772669536
0.9999991020273848
0.9999991303317035
0.9999991620682058
0.999999197111642
0.9999992353237117
0.9999992765536094
0.9999993206386195
0.9999993674047585
0.9999994166674622
0.9999994682323127
0.9999995218958073
0.999999577446161
0.9999996346641413
0.9999996933239356
0.9999997531940402
0.9999998140381752
0.9999998756162166
0.9999999376851443
1.0
1.0
0.9999999370617052
0.999999874371799
0.9999998121776903
0.9999997507248304
0.9999996902557455
0.99999963100908
0.999999573218653
0.9999995171125369
0.999999462912157
0.9999994108314177
0.9999993610758575
0.999999313841839
0.9999992693157733
0.9999992276733846
0.999999189079016
0.9999991536849822
0.999999121630967
0.9999990930434733
0.9999990680353225
0.9999990467052104
0.9999990291373174
0.9999990154009758
0.9999990055503968
0.999998999624456
0.9999989976465403
0.999998999624456
0.9999990055503968
0.9999990154009759
0.9999990291373175
0.9999990467052106
0.9999990680353226
0.9999990930434735
0.9999991216309674
0.9999991536849826
0.9999991890790165
0.999999227673385
0.9999992693157739
0.9999993138418395
0.9999993610758579
0.9999994108314182
0.9999994629121576
0.9999995171125373
0.9999995732186532
0.9999996310090801
0.9999996902557459
0.9999997507248305
0.9999998121776905
0.9999998743717993
0.9999999370617051
1.0
1.0
0.999999936686655
0.9999998736231788
0.9999998110584541
0.9999997492393958
0.9999996884099747
0.9999996288102574
0.9999995706754561
0.9999995142350029
0.9999994597116422
0.9999994073205528
0.9999993572684985
0.9999993097530117
0.9999992649616146
0.9999992230710781
0.9999991842467252
0.9999991486417777
0.9999991163967522
0.9999990876389051
0.9999990624817302
0.9999990410245119
0.9999990233519314
0.9999990095337348
0.9999989996244559
0.9999989936632023
0.9999989916735004
0.9999989936632024
0.999998999624456
0.9999990095337349
0.9999990233519315
0.9999990410245119
0.9999990624817304
0.9999990876389052
0.9999991163967527
0.9999991486417782
0.9999991842467257
0.9999992230710786
0.9999992649616152
0.9999993097530123
0.999999357268499
0.9999994073205534
0.9999994597116427
0.9999995142350034
0.9999995706754565
0.9999996288102574
0.999999688409975
0.9999997492393958
0.9999998110584543
0.9999998736231788
0.9999999366866549
1.0
1.0
0.9999999365614733
0.9999998733733098
0.9999998106848841
0.9999997487435984
0.9999996877939072
0.9999996280763508
0.9999995698266071
0.9999995132745614
0.9999994586433986
0.999999406148723
0.9999993559977071
0.999999308388274
0.9999992635083164
0.9999992215349551
0.9999991826338397
0.9999991469584949
0.9999991146497156
0.9999990858350091
0.9999990606280944
0.9999990391284512
0.9999990214209291
0.9999990075754116
0.9999989976465402
0.9999989916735001
0.9999989896798642
0.9999989916735004
0.9999989976465403
0.9999990075754116
0.9999990214209292
0.9999990391284515
0.9999990606280945
0.9999990858350094
0.9999991146497159
0.9999991469584955
0.9999991826338402
0.9999992215349557
0.999999263508317
0.9999993083882747
0.9999993559977077
0.9999994061487235
0.9999994586433991
0.9999995132745619
0.9999995698266075
0.9999996280763513
0.9999996877939076
0.9999997487435989
0.9999998106848842
0.9999998733733101
0.9999999365614736
1.0
1.0
0.9999999366866548
0.9999998736231785
0.9999998110584541
0.9999997492393955
0.9999996884099746
0.999999628810257
0.9999995706754559
0.9999995142350028
0.9999994597116421
0.9999994073205527
0.9999993572684983
0.9999993097530114
0.9999992649616143
0.9999992230710779
0.999999184246725
0.9999991486417774
0.9999991163967519
0.9999990876389048
0.9999990624817301
0.9999990410245115
0.9999990233519312
0.9999990095337344
0.9999989996244557
0.9999989936632021
0.9999989916735001
0.9999989936632021
0.9999989996244559
0.9999990095337348
0.9999990233519314
0.9999990410245119
0.9999990624817303
0.9999990876389052
0.9999991163967524
0.999999148641778
0.9999991842467256
0.9999992230710785
0.9999992649616152
0.9999993097530122
0.999999357268499
0.9999994073205535
0.9999994597116427
0.9999995142350034
0.9999995706754566
0.9999996288102576
0.9999996884099751
0.9999997492393959
0.9999998110584545
0.999999873623179
0.9999999366866551
1.0
1.0
0.999999937061705
0.9999998743717989
0.9999998121776902
0.9999997507248302
0.9999996902557454
0.9999996310090797
0.9999995732186526
0.9999995171125365
0.9999994629121569
0.9999994108314174
0.9999993610758574
0.9999993138418387
0.9999992693157732
0.9999992276733843
0.9999991890790159
0.9999991536849819
0.9999991216309667
0.9999990930434729
0.9999990680353221
0.9999990467052102
0.9999990291373171
0.9999990154009756
0.9999990055503964
0.9999989996244557
0.9999989976465401
0.9999989996244557
0.9999990055503966
0.9999990154009757
0.9999990291373173
0.9999990467052104
0.9999990680353225
0.9999990930434732
0.9999991216309673
0.9999991536849824
0.9999991890790163
0.9999992276733849
0.9999992693157739
0.9999993138418396
0.9999993610758582
0.9999994108314183
0.9999994629121577
0.9999995171125374
0.9999995732186533
0.9999996310090804
0.999999690255746
0.9999997507248308
0.9999998121776906
0.9999998743717994
0.9999999370617053
1.0
1.0
0.9999999376851442
0.9999998756162165
0.9999998140381751
0.99999975319404
0.9999996933239353
0.999999634664141
0.9999995774461604
0.9999995218958068
0.9999994682323122
0.9999994166674616
0.9999993674047579
0.9999993206386187
0.9999992765536088
0.999999235323711
0.9999991971116413
0.999999162068205
0.9999991303317027
0.9999991020273841
0.9999990772669529
0.9999990561481277
0.9999990387542544
0.9999990251539791
0.9999990154009755
0.9999990095337344
0.9999990075754112
0.9999990095337344
0.9999990154009756
0.9999990251539791
0.9999990387542546
0.9999990561481278
0.9999990772669533
0.9999991020273844
0.9999991303317032
0.9999991620682054
0.9999991971116419
0.9999992353237117
0.9999992765536094
0.9999993206386195
0.9999993674047586
0.9999994166674622
0.9999994682323128
0.9999995218958077
0.9999995774461611
0.9999996346641417
0.999999693323936
0.9999997531940407
0.9999998140381755
0.9999998756162171
0.9999999376851444
1.0
1.0
0.9999999385545113
0.99999987735152
0.9999998166325663
0.9999997566372802
0.9999996976024355
0.999999639761016
0.999999583341295
0.9999995285659358
0.9999994756511114
0.9999994248056525
0.9999993762302231
0.999999330116528
0.9999992866465567
0.9999992459918658
0.9999992083129005
0.9999991737583623
0.9999991424646224
0.9999991145551831
0.9999990901401896
0.9999990693159972
0.9999990521647897
0.9999990387542546
0.9999990291373171
0.9999990233519311
0.9999990214209288
0.9999990233519309
0.9999990291373172
0.9999990387542546
0.9999990521647898
0.9999990693159976
0.99999909014019
0.9999991145551834
0.9999991424646227
0.9999991737583627
0.9999992083129009
0.9999992459918663
0.9999992866465574
0.9999993301165285
0.9999993762302238
0.9999994248056534
0.999999475651112
0.9999995285659365
0.9999995833412958
0.9999996397610167
0.9999996976024362
0.9999997566372808
0.9999998166325668
0.9999998773515204
0.9999999385545115
1.0
1.0
0.9999999396663757
0.999999879570861
0.999999819950625
0.9999997610409618
0.9999997030743607
0.9999996462795894
0.9999995908807913
0.9999995370965995
0.9999994851392763
0.9999994352138729
0.9999993875174223
0.9999993422381609
0.9999992995547848
0.9999992596357459
0.9999992226385868
0.9999991887093178
0.9999991579818424
0.9999991305774278
0.9999991066042273
0.9999990861568516
0.9999990693159972
0.9999990561481273
0.9999990467052098
0.9999990410245113
0.9999990391284508
0.9999990410245114
0.9999990467052101
0.9999990561481278
0.9999990693159976
0.999999086156852
0.9999991066042275
0.9999991305774283
0.9999991579818427
0.9999991887093179
0.9999992226385871
0.9999992596357465
0.9999992995547854
0.9999993422381614
0.9999993875174231
0.9999994352138738
0.9999994851392771
0.9999995370966004
0.9999995908807919
0.9999996462795903
0.9999997030743614
0.9999997610409623
0.9999998199506256
0.9999998795708614
0.9999999396663762
1.0
1.0
0.9999999410163494
0.9999998822654806
0.9999998239792564
0.9999997663877056
0.9999997097181159
0.9999996541941361
0.9999996000348941
0.9999995474541317
0.9999994966593609
0.9999994478510461
0.9999994012218107
0.9999993569556793
0.9999993152273502
0.9999992762015059
0.9999992400321635
0.9999992068620669
0.9999991768221234
0.9999991500308867
0.99999912659409
0.9999991066042271
0.9999990901401894
0.9999990772669527
0.9999990680353219
0.9999990624817298
0.9999990606280941
0.99999906248173
0.9999990680353221
0.9999990772669531
0.9999990901401898
0.9999991066042275
0.9999991265940903
0.9999991500308869
0.9999991768221235
0.999999206862067
0.9999992400321638
0.9999992762015063
0.9999993152273507
0.99999935695568
0.9999994012218113
0.9999994478510469
0.9999994966593618
0.9999995474541324
0.9999996000348947
0.9999996541941367
0.9999997097181164
0.9999997663877063
0.9999998239792569
0.9999998822654812
0.9999999410163498
1.0
1.0
0.9999999425991046
0.9999998854247448
0.9999998287025613
0.9999997726564104
0.9999997175074808
0.9999996634734203
0.9999996107674763
0.9999995595976555
0.9999995101659015
0.9999994626672987
0.999999417289303
0.9999993742109999
0.9999993336024002
0.9999992956237677
0.9999992604249861
0.9999992281449691
0.9999991989111111
0.999999172838785
0.9999991500308867
0.999999130577428
0.9999991145551828
0.9999991020273838
0.9999990930434727
0.9999990876389045
0.999999085835009
0.9999990876389048
0.999999093043473
0.9999991020273844
0.9999991145551832
0.9999991305774283
0.9999991500308869
0.9999991728387855
0.9999991989111113
0.9999992281449691
0.9999992604249861
0.9999992956237678
0.9999993336024008
0.9999993742110006
0.9999994172893037
0.9999994626672997
0.9999995101659023
0.9999995595976564
0.9999996107674771
0.9999996634734208
0.9999997175074814
0.999999772656411
0.9999998287025617
0.9999998854247455
0.9999999425991051
1.0
1.0
0.999999944408395
0.9999998890361852
0.9999998341018987
0.9999997798223366
0.999999726411715
0.9999996740808211
0.9999996230361816
0.9999995734792461
0.9999995256055932
0.9999994796041584
0.9999994356564881
0.999999393936024
0.9999993546074173
0.9999993178258805
0.9999992837365731
0.9999992524740303
0.999999224161631
0.999999198911111
0.9999991768221231
0.9999991579818421
0.9999991424646223
0.9999991303317026
0.9999991216309665
0.9999991163967519
0.9999991146497154
0.9999991163967521
0.999999121630967
0.9999991303317032
0.9999991424646227
0.9999991579818426
0.9999991768221234
0.9999991989111113
0.9999992241616311
0.9999992524740304
0.9999992837365733
0.9999993178258808
0.9999993546074177
0.9999993939360244
0.9999994356564887
0.9999994796041589
0.9999995256055939
0.999999573479247
0.9999996230361824
0.9999996740808218
0.9999997264117154
0.9999997798223371
0.9999998341018994
0.9999998890361856
0.9999999444083955
1.0
1.0
0.9999999464370801
0.999999893085549
0.9999998401559604
0.9999997878572033
0.999999736395677
0.9999996859744762
0.999999636792591
0.9999995890441192
0.9999995429175028
0.9999994985947825
0.9999994562508793
0.9999994160529054
0.9999993781595039
0.999999342720223
0.9999993098749247
0.999999279753235
0.9999992524740302
0.9999992281449688
0.9999992068620666
0.9999991887093176
0.9999991737583621
0.9999991620682049
0.9999991536849817
0.9999991486417773
0.9999991469584949
0.9999991486417774
0.9999991536849822
0.9999991620682053
0.9999991737583626
0.9999991887093178
0.9999992068620669
0.999999228144969
0.9999992524740303
0.9999992797532352
0.999999309874925
0.9999993427202232
0.9999993781595045
0.999999416052906
0.9999994562508798
0.999999498594783
0.9999995429175038
0.9999995890441202
0.9999996367925915
0.9999996859744769
0.9999997363956773
0.9999997878572038
0.9999998401559609
0.9999998930855494
0.9999999464370805
1.0
1.0
0.9999999486771535
0.9999998975568553
0.9999998468408534
0.9999997967293007
0.9999997474199646
0.9999996991074466
0.9999996519824138
0.9999996062308477
0.9999995620333085
0.9999995195642238
0.9999994789911998
0.9999994404743593
0.9999994041657109
0.9999993702085485
0.9999993387368848
0.9999993098749247
0.9999992837365729
0.9999992604249858
0.9999992400321632
0.9999992226385865
0.9999992083129001
0.9999991971116412
0.9999991890790159
0.999999184246725
0.9999991826338395
0.9999991842467251
0.999999189079016
0.9999991971116415
0.9999992083129006
0.9999992226385869
0.9999992400321635
0.9999992604249859
0.9999992837365731
0.9999993098749248
0.999999338736885
0.9999993702085486
0.9999994041657113
0.9999994404743597
0.9999994789912001
0.9999995195642245
0.9999995620333094
0.9999996062308485
0.9999996519824145
0.9999996991074471
0.9999997474199651
0.9999997967293012
0.9999998468408539
0.9999998975568556
0.9999999486771539
1.0
1.0
0.9999999511197747
0.999999902432458
0.9999998541301954
0.9999998064036147
0.9999997594410703
0.9999997134279023
0.9999996685457032
0.999999624971603
0.9999995828775686
0.9999995424297259
0.999999503787704
0.9999994671040053
0.9999994325234037
0.9999994001823731
0.9999993702085485
0.9999993427202228
0.9999993178258803
0.9999992956237673
0.9999992762015056
0.999999259635746
0.9999992459918655
0.999999235323711
0.9999992276733842
0.9999992230710779
0.9999992215349549
0.999999223071078
0.9999992276733846
0.9999992353237113
0.9999992459918662
0.9999992596357463
0.999999276201506
0.9999992956237677
0.9999993178258805
0.999999342720223
0.9999993702085485
0.9999994001823731
0.9999994325234041
0.9999994671040057
0.9999995037877044
0.9999995424297264
0.9999995828775693
0.9999996249716038
0.999999668545704
0.999999713427903
0.999999759441071
0.9999998064036154
0.9999998541301961
0.9999999024324584
0.9999999511197752
1.0
1.0
0.999999953755304
0.999999907693115
0.9999998619952191
0.9999998168419653
0.9999997724115524
0.9999997288793271
0.9999996864170912
0.999999645192424
0.9999996053680202
0.9999995671010489
0.9999995305425315
0.9999994958367484
0.9999994631206675
0.9999994325234038
0.9999994041657111
0.999999378159504
0.9999993546074173
0.9999993336024002
0.9999993152273501
0.9999992995547847
0.9999992866465567
0.9999992765536087
0.9999992693157731
0.9999992649616144
0.9999992635083165
0.9999992649616146
0.9999992693157733
0.9999992765536091
0.9999992866465571
0.9999992995547853
0.9999993152273505
0.9999993336024007
0.9999993546074174
0.9999993781595041
0.9999994041657112
0.999999432523404
0.9999994631206676
0.9999994958367487
0.9999995305425319
0.9999995671010492
0.9999996053680209
0.9999996451924249
0.9999996864170921
0.9999997288793278
0.999999772411553
0.9999998168419658
0.9999998619952197
0.9999999076931154
0.9999999537553044
1.0
1.0
0.9999999565733398
0.9999999133180653
0.9999998704048847
0.9999998280031569
0.999999786280222
0.9999997454007417
0.9999997055260478
0.9999996668135085
0.9999996294159043
0.9999995934808261
0.9999995591500933
0.9999995265591938
0.9999994958367486
0.9999994671040056
0.9999994404743595
0.9999994160529057
0.9999993939360239
0.9999993742109999
0.9999993569556794
0.999999342238161
0.9999993301165279
0.9999993206386187
0.9999993138418388
0.9999993097530118
0.999999308388274
0.9999993097530118
0.9999993138418392
0.9999993206386193
0.9999993301165283
0.9999993422381613
0.9999993569556798
0.9999993742110003
0.9999993939360241
0.9999994160529057
0.9999994404743595
0.9999994671040056
0.9999994958367487
0.9999995265591939
0.9999995591500936
0.9999995934808263
0.9999996294159047
0.9999996668135093
0.9999997055260486
0.9999997454007422
0.9999997862802226
0.9999998280031575
0.9999998704048851
0.9999999133180657
0.9999999565733401
1.0
1.0
0.999999959562761
0.9999999192851095
0.9999998793260029
0.9999998398431414
0.999999800992346
0.9999997629269428
0.9999997257971586
0.999999689749528
0.9999996549263143
0.9999996214649487
0.9999995894974882
0.9999995591500933
0.9999995305425317
0.9999995037877042
0.9999994789911999
0.9999994562508795
0.9999994356564883
0.9999994172893031
0.9999994012218107
0.9999993875174225
0.9999993762302231
0.9999993674047581
0.9999993610758574
0.9999993572684985
0.9999993559977072
0.9999993572684986
0.9999993610758579
0.9999993674047585
0.9999993762302237
0.999999387517423
0.9999994012218113
0.9999994172893032
0.9999994356564883
0.9999994562508795
0.9999994789912
0.9999995037877043
0.9999995305425319
0.9999995591500936
0.9999995894974885
0.999999621464949
0.9999996549263147
0.9999996897495285
0.9999997257971592
0.9999997629269434
0.9999998009923465
0.999999839843142
0.9999998793260033
0.9999999192851098
0.9999999595627611
1.0
1.0
0.9999999627117693
0.9999999255706985
0.9999998887233661
0.999999852315192
0.9999998164898622
0.9999997813887631
0.9999997471504228
0.9999997139099642
0.9999996817985725
0.9999996509429765
0.9999996214649489
0.9999995934808263
0.999999567101049
0.9999995424297262
0.9999995195642242
0.9999994985947827
0.9999994796041586
0.999999462667299
0.999999447851046
0.9999994352138729
0.9999994248056527
0.9999994166674617
0.9999994108314179
0.9999994073205531
0.9999994061487232
0.9999994073205533
0.9999994108314182
0.9999994166674623
0.9999994248056533
0.9999994352138736
0.9999994478510467
0.9999994626672992
0.9999994796041588
0.9999994985947829
0.9999995195642243
0.9999995424297263
0.9999995671010492
0.9999995934808263
0.999999621464949
0.9999996509429767
0.9999996817985728
0.9999997139099648
0.9999997471504233
0.9999997813887637
0.9999998164898628
0.9999998523151925
0.9999998887233666
0.9999999255706988
0.9999999627117697
1.0
1.0
0.9999999660079375
0.999999932150026
0.9999998985598875
0.999999865370087
0.9999998327116091
0.9999998007133423
0.9999997695015688
0.9999997391994673
0.9999997099266263
0.9999996817985726
0.9999996549263145
0.9999996294159046
0.9999996053680208
0.999999582877569
0.999999562033309
0.9999995429175034
0.9999995256055935
0.9999995101659016
0.9999994966593612
0.9999994851392764
0.9999994756511117
0.9999994682323124
0.9999994629121574
0.9999994597116425
0.999999458643399
0.9999994597116426
0.9999994629121577
0.999999468232313
0.9999994756511122
0.9999994851392771
0.9999994966593618
0.999999510165902
0.9999995256055938
0.9999995429175034
0.999999562033309
0.999999582877569
0.9999996053680209
0.9999996294159047
0.9999996549263148
0.9999996817985729
0.9999997099266267
0.9999997391994675
0.9999997695015692
0.9999998007133426
0.9999998327116096
0.9999998653700874
0.9999998985598879
0.9999999321500264
0.9999999660079376
1.0
1.0
0.9999999694382564
0.9999999389971262
0.9999999087967466
0.9999998789563047
0.9999998495935669
0.9999998208244147
0.9999997927623866
0.9999997655182308
0.9999997391994673
0.9999997139099646
0.9999996897495284
0.999999666813509
0.9999996451924245
0.9999996249716034
0.9999996062308483
0.9999995890441197
0.9999995734792464
0.9999995595976557
0.9999995474541318
0.9999995370965998
0.9999995285659361
0.9999995218958072
0.9999995171125371
0.9999995142350032
0.9999995132745618
0.9999995142350033
0.9999995171125374
0.9999995218958077
0.9999995285659367
0.9999995370966004
0.9999995474541324
0.9999995595976562
0.9999995734792467
0.9999995890441198
0.999999606230848
0.9999996249716036
0.9999996451924246
0.9999996668135092
0.9999996897495285
0.9999997139099649
0.9999997391994676
0.9999997655182312
0.999999792762387
0.9999998208244153
0.9999998495935675
0.9999998789563053
0.9999999087967469
0.9999999389971266
0.9999999694382568
1.0
1.0
0.9999999729891886
0.9999999460849771
0.9999999193935434
0.9999998930202264
0.9999998670691101
0.9999998416426114
0.9999998168410767
0.9999997927623868
0.9999997695015689
0.9999997471504232
0.9999997257971591
0.9999997055260484
0.9999996864170918
0.9999996685457037
0.9999996519824144
0.9999996367925913
0.999999623036182
0.9999996107674767
0.9999996000348943
0.9999995908807915
0.9999995833412955
0.9999995774461609
0.9999995732186532
0.9999995706754565
0.9999995698266076
0.9999995706754566
0.9999995732186535
0.9999995774461612
0.9999995833412958
0.999999590880792
0.9999996000348947
0.999999610767477
0.9999996230361821
0.9999996367925915
0.9999996519824143
0.9999996685457037
0.9999996864170917
0.9999997055260486
0.9999997257971593
0.9999997471504235
0.9999997695015693
0.9999997927623872
0.9999998168410772
0.9999998416426118
0.9999998670691106
0.999999893020227
0.9999999193935437
0.9999999460849773
0.9999999729891891
1.0
1.0
0.9999999766467206
0.9999999533856059
0.999999930308457
0.9999999075063488
0.999999885069271
0.9999998630857723
0.9999998416426115
0.999999820824415
0.9999998007133426
0.9999997813887634
0.9999997629269431
0.9999997454007419
0.9999997288793276
0.9999997134279027
0.9999996991074469
0.9999996859744766
0.9999996740808215
0.9999996634734206
0.9999996541941363
0.9999996462795899
0.9999996397610162
0.9999996346641413
0.9999996310090801
0.9999996288102576
0.9999996280763513
0.9999996288102576
0.9999996310090804
0.9999996346641417
0.9999996397610167
0.9999996462795903
0.9999996541941367
0.9999996634734208
0.9999996740808217
0.9999996859744767
0.999999699107447
0.9999997134279026
0.9999997288793274
0.999999745400742
0.9999997629269431
0.9999997813887637
0.9999998007133428
0.9999998208244153
0.9999998416426119
0.9999998630857727
0.9999998850692713
0.9999999075063493
0.9999999303084572
0.999999953385606
0.9999999766467206
1.0
1.0
0.9999999803964169
0.9999999608702003
0.9999999414984113
0.9999999223575015
0.999999903523011
0.9999998850692712
0.9999998670691105
0.9999998495935672
0.9999998327116095
0.9999998164898627
0.9999998009923463
0.9999997862802225
0.9999997724115529
0.9999997594410709
0.9999997474199651
0.9999997363956772
0.9999997264117153
0.9999997175074811
0.9999997097181161
0.999999703074361
0.9999996976024359
0.9999996933239357
0.9999996902557459
0.9999996884099752
0.9999996877939077
0.9999996884099751
0.999999690255746
0.9999996933239358
0.9999996976024361
0.9999997030743613
0.9999997097181164
0.9999997175074814
0.9999997264117154
0.9999997363956774
0.9999997474199651
0.9999997594410709
0.9999997724115527
0.9999997862802225
0.9999998009923463
0.9999998164898628
0.9999998327116096
0.9999998495935676
0.9999998670691108
0.9999998850692714
0.9999999035230113
0.9999999223575018
0.9999999414984116
0.9999999608702006
0.999999980396417
1.0
1.0
0.9999999842234797
0.9999999685092221
0.9999999529192447
0.9999999375150733
0.9999999223575015
0.9999999075063493
0.9999998930202268
0.9999998789563053
0.9999998653700874
0.9999998523151924
0.9999998398431419
0.9999998280031572
0.9999998168419657
0.9999998064036151
0.9999997967293011
0.9999997878572036
0.9999997798223367
0.9999997726564107
0.9999997663877059
0.9999997610409622
0.9999997566372807
0.9999997531940404
0.9999997507248306
0.999999749239396
0.999999748743599
0.999999749239396
0.9999997507248307
0.9999997531940406
0.9999997566372808
0.9999997610409624
0.9999997663877063
0.9999997726564109
0.9999997798223371
0.9999997878572038
0.9999997967293013
0.9999998064036152
0.9999998168419656
0.9999998280031572
0.999999839843142
0.9999998523151924
0.9999998653700873
0.9999998789563052
0.9999998930202272
0.9999999075063494
0.9999999223575016
0.9999999375150735
0.9999999529192448
0.9999999685092223
0.9999999842234798
1.0
1.0
0.999999988112805
0.9999999762725239
0.9999999645258841
0.9999999529192447
0.9999999414984115
0.9999999303084572
0.9999999193935438
0.999999908796747
0.9999998985598879
0.9999998887233665
0.9999998793260032
0.999999870404885
0.9999998619952196
0.9999998541301959
0.9999998468408537
0.9999998401559608
0.9999998341018991
0.9999998287025615
0.9999998239792566
0.9999998199506254
0.9999998166325667
0.9999998140381754
0.9999998121776905
0.9999998110584545
0.9999998106848844
0.9999998110584547
0.9999998121776907
0.9999998140381755
0.9999998166325669
0.9999998199506256
0.9999998239792569
0.9999998287025617
0.9999998341018994
0.9999998401559608
0.9999998468408539
0.9999998541301959
0.9999998619952196
0.999999870404885
0.9999998793260033
0.9999998887233666
0.9999998985598879
0.999999908796747
0.9999999193935438
0.9999999303084574
0.9999999414984115
0.9999999529192447
0.9999999645258842
0.9999999762725239
0.9999999881128053
1.0
1.0
0.9999999920490442
0.9999999841294671
0.999999976272524
0.9999999685092223
0.9999999608702006
0.9999999533856061
0.9999999460849772
0.9999999389971267
0.9999999321500262
0.9999999255706989
0.9999999192851098
0.9999999133180656
0.9999999076931153
0.9999999024324583
0.9999998975568557
0.9999998930855494
0.9999998890361854
0.9999998854247453
0.999999882265481
0.9999998795708612
0.9999998773515204
0.999999875616217
0.9999998743717994
0.9999998736231792
0.9999998733733101
0.9999998736231792
0.9999998743717995
0.9999998756162171
0.9999998773515204
0.9999998795708614
0.9999998822654811
0.9999998854247453
0.9999998890361855
0.9999998930855494
0.9999998975568557
0.9999999024324584
0.9999999076931154
0.9999999133180657
0.99999991928511
0.9999999255706989
0.9999999321500262
0.9999999389971266
0.9999999460849773
0.999999953385606
0.9999999608702006
0.9999999685092223
0.999999976272524
0.9999999841294672
0.9999999920490442
1.0
1.0
0.9999999960166618
0.9999999920490441
0.9999999881128052
0.9999999842234798
0.999999980396417
0.9999999766467207
0.9999999729891891
0.9999999694382568
0.9999999660079376
0.9999999627117695
0.9999999595627612
0.9999999565733402
0.9999999537553043
0.9999999511197751
0.9999999486771538
0.9999999464370805
0.9999999444083953
0.999999942599105
0.9999999410163497
0.999999939666376
0.9999999385545116
0.9999999376851443
0.9999999370617053
0.9999999366866551
0.9999999365614737
0.9999999366866552
0.9999999370617053
0.9999999376851443
0.9999999385545116
0.9999999396663761
0.9999999410163498
0.9999999425991052
0.9999999444083955
0.9999999464370806
0.999999948677154
0.9999999511197751
0.9999999537553044
0.9999999565733403
0.9999999595627614
0.9999999627117696
0.9999999660079375
0.9999999694382568
0.999999972989189
0.9999999766467207
0.999999980396417
0.9999999842234798
0.9999999881128054
0.999999992049044
0.9999999960166619
1.0
1.0
1.0
1.0
1.0
1.0
1.0
1.0
1.0
1.0
1.0
1.0
1.0
1.0
1.0
1.0
1.0
1.0
1.0
1.0
1.0
1.0
1.0
1.0
1.0
1.0
1.0
1.0
1.0
1.0
1.0
1.0
1.0
1.0
1.0
1.0
1.0
1.0
1.0
1.0
1.0
1.0
1.0
1.0
1.0
1.0
1.0
1.0
1.0
1.0
1.0
1.0
