1.0
1.0
1.0
1.0
1.0
1.0
1.0
1.0
1.0
1.0
1.0
1.0
1.0
1.0
1.0
1.0
1.0
1.0
1.0
1.0
1.0
1.0
1.0
1.0
1.0
1.0
1.0
1.0
1.0
1.0
1.0
1.0
1.0
1.0
1.0
1.0
1.0
1.0
1.0
1.0
1.0
1.0
1.0
1.0
1.0
1.0
1.0
1.0
1.0
1.0
1.0
1.0
0.9999729435406113
0.9999351812337411
0.9999154526799742
0.9998721948167669
0.9998591952564638
0.9998116049278959
0.9998047498695142
0.9997542934324369
0.9997532133288053
0.999700967561502
0.9997055146050762
0.9996524059446537
0.9996624458828876
0.9996093389121016
0.9996247227494908
0.9995724096154049
0.999592973301697
0.9995421716847331
0.9995677223410689
0.9995190820542971
0.9995493845912854
0.999503491196602
0.9995382604525448
0.9994956360672097
0.9995345320583873
0.9994956360672097
0.9995382604525452
0.9995034911966012
0.9995493845912865
0.9995190820542966
0.9995677223410694
0.9995421716847323
0.9995929733016976
0.9995724096154044
0.9996247227494914
0.9996093389121005
0.9996624458828882
0.9996524059446521
0.9997055146050768
0.9997009675615004
0.9997532133288056
0.9997542934324352
0.999804749869515
0.999811604927895
0.9998591952564643
0.9998721948167659
0.9999154526799747
0.9999351812337404
0.9999729435406116
1.0
1.0
0.9999351812337408
0.9998803039110872
0.9998141313386685
0.9997609305929247
0.9996961454250807
0.9996446399579447
0.9995836941308666
0.9995334095575769
0.9994780839724104
0.9994293750389339
0.9993807611026235
0.9993342874263124
0.9992931962044431
0.9992497005112856
0.999216714889811
0.9991770029567542
0.9991524739044237
0.9991173826207977
0.9991014533119091
0.9990718056973592
0.9990644373024973
0.9990410072250044
0.9990419966704132
0.9990254830670019
0.9990344777698601
0.9990254830670019
0.9990419966704126
0.999041007225005
0.9990644373024964
0.9990718056973604
0.9991014533119081
0.9991173826207991
0.9991524739044231
0.9991770029567548
0.9992167148898105
0.9992497005112861
0.9992931962044422
0.9993342874263129
0.9993807611026223
0.9994293750389338
0.9994780839724102
0.9995334095575765
0.9995836941308666
0.9996446399579442
0.9996961454250809
0.9997609305929245
0.9998141313386681
0.999880303911087
0.9999351812337406
1.0
1.0
0.9999154526799736
0.9998141313386686
0.9997364465859958
0.9996334151339009
0.9995615485247126
0.9994593466948516
0.9993926134399898
0.9992944696767054
0.9992329799906641
0.9991408417125346
0.9990854637386033
0.9990007527559295
0.9989524527339398
0.9988763668827283
0.9988360911031037
0.9987695995822125
0.9987382537663958
0.9986821047011982
0.9986605036478537
0.9986152500470604
0.9986040735910473
0.9985700864720743
0.9985698552984005
0.9985473253302706
0.9985583888874194
0.998547325330271
0.9985698552984009
0.9985700864720739
0.998604073591048
0.9986152500470598
0.9986605036478544
0.9986821047011972
0.9987382537663962
0.9987695995822116
0.9988360911031045
0.9988763668827276
0.9989524527339402
0.9990007527559286
0.9990854637386033
0.9991408417125339
0.9992329799906633
0.9992944696767057
0.9993926134399891
0.9994593466948514
0.9995615485247118
0.9996334151339008
0.9997364465859954
0.9998141313386687
0.9999154526799743
1.0
1.0
0.999872194816767
0.9997609305929239
0.9996334151339015
0.9995228772254053
0.9994002392007321
0.9992914528247103
0.9991775416467044
0.9990705406169497
0.9989679880029283
0.9988642927954453
0.998774539274295
0.9986760861751048
0.9986002175403367
0.9985088955033283
0.998447762561594
0.9983653690714154
0.9983195717655198
0.9982477683378741
0.9982176777050777
0.9981579308220346
0.9981437073068409
0.9980972532492592
0.9980988453418997
0.9980666773017658
0.9980838110006095
0.9980666773017653
0.9980988453418995
0.9980972532492598
0.9981437073068412
0.998157930822035
0.9982176777050784
0.998247768337874
0.9983195717655199
0.998365369071415
0.9984477625615944
0.9985088955033274
0.9986002175403369
0.9986760861751041
0.9987745392742948
0.9988642927954451
0.9989679880029281
0.9990705406169494
0.999177541646704
0.9992914528247104
0.9994002392007322
0.9995228772254044
0.9996334151339011
0.999760930592924
0.9998721948167667
1.0
1.0
0.9998591952564639
0.9996961454250815
0.9995615485247119
0.999400239200732
0.9992713623101136
0.9991145717760618
0.9989917058122596
0.9988434257944181
0.9987279580649516
0.9985903282224722
0.9984846309365045
0.9983591861272939
0.9982655307597093
0.9981537002754369
0.9980740651323786
0.9979771505438748
0.9979132150948362
0.9978323640916981
0.9977854697217362
0.9977216740448841
0.9976927951948903
0.9976468702612534
0.9976366149927884
0.9976091633019465
0.997617791883089
0.997609163301947
0.9976366149927889
0.9976468702612533
0.9976927951948906
0.9977216740448839
0.9977854697217357
0.9978323640916981
0.9979132150948355
0.997977150543875
0.9980740651323776
0.9981537002754374
0.998265530759708
0.9983591861272947
0.9984846309365037
0.9985903282224722
0.998727958064951
0.998843425794418
0.9989917058122593
0.9991145717760616
0.9992713623101129
0.9994002392007321
0.9995615485247121
0.9996961454250809
0.9998591952564644
1.0
1.0
0.9998116049278954
0.9996446399579443
0.9994593466948516
0.9992914528247108
0.9991145717760614
0.9989488977950112
0.9987845672051392
0.9986225297257713
0.998473507905911
0.9983182756623964
0.9981859749125864
0.9980409527324695
0.997926612131502
0.9977948039380611
0.9976996227155578
0.9975836178471849
0.9975086692508615
0.9974106458811147
0.9973568403577886
0.9972785422745146
0.9972465979197799
0.9971893313526012
0.9971797298138844
0.9971443809548792
0.9971573194955482
0.9971443809548789
0.9971797298138843
0.9971893313526019
0.9972465979197795
0.997278542274515
0.9973568403577888
0.9974106458811146
0.9975086692508616
0.9975836178471839
0.9976996227155582
0.9977948039380602
0.9979266121315025
0.9980409527324687
0.9981859749125863
0.9983182756623954
0.9984735079059113
0.9986225297257701
0.9987845672051395
0.998948897795011
0.9991145717760612
0.9992914528247102
0.9994593466948505
0.9996446399579451
0.9998116049278949
1.0
1.0
0.9998047498695144
0.9995836941308666
0.9993926134399892
0.9991775416467038
0.9989917058122599
0.9987845672051392
0.9986061112907082
0.9984109554736851
0.9982429338360976
0.9980618376538131
0.9979081663371665
0.9977427834134496
0.9976068929450225
0.9974590312956526
0.9973436907189298
0.9972151956302061
0.9971225949839114
0.9970152229464743
0.9969470016216007
0.9968623482195095
0.9968196091222742
0.9967590417059484
0.996742378759428
0.9967069693170479
0.9967165020547695
0.9967069693170485
0.9967423787594281
0.996759041705948
0.9968196091222743
0.9968623482195091
0.9969470016216002
0.9970152229464736
0.9971225949839108
0.9972151956302068
0.9973436907189288
0.9974590312956524
0.9976068929450218
0.9977427834134492
0.9979081663371656
0.9980618376538127
0.9982429338360973
0.998410955473685
0.9986061112907078
0.9987845672051391
0.9989917058122596
0.9991775416467037
0.9993926134399899
0.9995836941308661
0.9998047498695151
1.0
1.0
0.9997542934324366
0.9995334095575763
0.9992944696767059
0.9990705406169497
0.9988434257944183
0.9986225297257701
0.9984109554736856
0.9981962410314035
0.9980029297488369
0.9977990940872216
0.9976256000306716
0.9974371988366659
0.9972851952648284
0.997115988217353
0.9969873068970239
0.9968403576193402
0.9967367640591176
0.9966145487703685
0.9965376046538675
0.9964420510779736
0.9963930277915857
0.9963255391323687
0.99630534815891
0.9962668254005995
0.9962759655085937
0.996266825400599
0.9963053481589099
0.9963255391323688
0.9963930277915855
0.9964420510779735
0.9965376046538669
0.9966145487703689
0.9967367640591168
0.9968403576193392
0.9969873068970236
0.997115988217353
0.9972851952648277
0.9974371988366659
0.9976256000306702
0.9977990940872216
0.9980029297488361
0.9981962410314034
0.9984109554736854
0.9986225297257705
0.9988434257944176
0.9990705406169494
0.9992944696767049
0.9995334095575765
0.999754293432436
1.0
1.0
0.9997532133288054
0.9994780839724109
0.999232979990663
0.9989679880029273
0.9987279580649508
0.9984735079059116
0.9982429338360967
0.9980029297488364
0.9977863704215402
0.9975630786240285
0.9973655572138661
0.9971611300101154
0.9969867822038941
0.9968037483686207
0.9966557646139734
0.9964967532241715
0.9963775951660476
0.9962450788479172
0.996156593242896
0.9960527433777143
0.9959962094392412
0.9959228033926423
0.9958989585909898
0.9958573162438474
0.9958663704765844
0.9958573162438481
0.9958989585909903
0.9959228033926415
0.9959962094392416
0.9960527433777137
0.9961565932428964
0.9962450788479156
0.996377595166048
0.9964967532241713
0.9966557646139731
0.9968037483686204
0.9969867822038934
0.9971611300101147
0.9973655572138658
0.9975630786240279
0.9977863704215402
0.9980029297488362
0.9982429338360965
0.9984735079059113
0.998727958064951
0.9989679880029279
0.9992329799906638
0.9994780839724103
0.9997532133288056
1.0
1.0
0.9997009675615014
0.9994293750389336
0.9991408417125344
0.9988642927954458
0.9985903282224716
0.9983182756623962
0.9980618376538126
0.9977990940872222
0.9975630786240274
0.9973154057179033
0.9971019236344905
0.9968745279370095
0.9966860439960646
0.9964830582053806
0.9963222642941376
0.9961469908315096
0.9960164351228059
0.9958715571170074
0.9957734188152422
0.9956610810182621
0.9955970547007911
0.9955188835580895
0.995490117402205
0.9954472162402328
0.9954542845288431
0.9954472162402316
0.9954901174022054
0.9955188835580902
0.995597054700791
0.9956610810182625
0.9957734188152413
0.9958715571170077
0.9960164351228051
0.9961469908315084
0.996322264294138
0.9964830582053794
0.996686043996065
0.9968745279370087
0.9971019236344905
0.9973154057179028
0.9975630786240267
0.9977990940872219
0.9980618376538125
0.9983182756623961
0.998590328222472
0.9988642927954452
0.9991408417125334
0.9994293750389338
0.9997009675615005
1.0
1.0
0.999705514605077
0.9993807611026233
0.9990854637386031
0.9987745392742937
0.9984846309365043
0.9981859749125855
0.9979081663371661
0.9976256000306697
0.9973655572138671
0.9971019236344899
0.9968652661838407
0.9966235658833782
0.9964147594729345
0.9961984327814432
0.9960208834551437
0.9958333899471217
0.9956897622154918
0.9955342328242067
0.9954266096602365
0.9953056695544598
0.9952355952592707
0.9951512810262577
0.995119755731152
0.9950734797578512
0.9950809362509607
0.9950734797578528
0.9951197557311514
0.9951512810262574
0.9952355952592702
0.9953056695544602
0.9954266096602364
0.9955342328242069
0.9956897622154913
0.995833389947123
0.9960208834551423
0.9961984327814454
0.9964147594729313
0.99662356588338
0.9968652661838383
0.9971019236344916
0.9973655572138659
0.9976256000306711
0.9979081663371653
0.9981859749125862
0.9984846309365039
0.9987745392742946
0.9990854637386037
0.9993807611026227
0.9997055146050775
1.0
1.0
0.9996524059446529
0.9993342874263117
0.9990007527559298
0.9986760861751046
0.9983591861272945
0.9980409527324686
0.9977427834134497
0.9974371988366652
0.9971611300101152
0.9968745279370086
0.9966235658833793
0.9963614274844379
0.9961389900197505
0.9959056440804024
0.9957152783272583
0.9955142337226895
0.9953591693876731
0.9951933617286549
0.9950762585317992
0.9949481231362185
0.9948709677843945
0.9947824246235658
0.9947464993570484
0.9946989090399276
0.9947047932567189
0.9946989090399266
0.9947464993570487
0.994782424623566
0.9948709677843944
0.9949481231362187
0.9950762585317988
0.9951933617286555
0.9953591693876724
0.9955142337226889
0.9957152783272586
0.9959056440804008
0.9961389900197519
0.9963614274844366
0.99662356588338
0.9968745279370077
0.9971611300101149
0.9974371988366647
0.9977427834134498
0.9980409527324683
0.9983591861272942
0.9986760861751038
0.9990007527559291
0.9993342874263124
0.9996524059446522
1.0
1.0
0.9996624458828881
0.9992931962044435
0.998952452733939
0.9986002175403366
0.9982655307597074
0.9979266121315025
0.9976068929450206
0.9972851952648283
0.9969867822038936
0.9966860439960651
0.9964147594729328
0.9961389900197513
0.9958994542063362
0.995652968029237
0.9954487974302907
0.9952357392485635
0.9950698719167019
0.9948938633036614
0.9947686971130685
0.9946326795857022
0.9945500746010034
0.9944562604671348
0.9944174913326013
0.99436735728881
0.9943730609102424
0.994367357288811
0.994417491332601
0.9944562604671343
0.9945500746010036
0.9946326795857021
0.9947686971130685
0.9948938633036608
0.9950698719167028
0.9952357392485637
0.9954487974302904
0.9956529680292376
0.9958994542063343
0.9961389900197517
0.9964147594729318
0.9966860439960658
0.9969867822038935
0.9972851952648283
0.997606892945021
0.9979266121315024
0.998265530759708
0.998600217540337
0.9989524527339398
0.9992931962044423
0.9996624458828889
1.0
1.0
0.9996093389121005
0.999249700511285
0.9988763668827282
0.9985088955033276
0.9981537002754374
0.9977948039380595
0.9974590312956526
0.9971159882173527
0.9968037483686202
0.9964830582053795
0.996198432781444
0.9959056440804018
0.9956529680292363
0.99539260039891
0.9951761041411786
0.9949519600412579
0.9947753565270613
0.9945907141833854
0.9944569866961603
0.9943146211127164
0.9942259596400401
0.9941280817476846
0.9940858821741134
0.9940340649399495
0.9940389447741483
0.9940340649399485
0.9940858821741135
0.9941280817476853
0.9942259596400399
0.9943146211127163
0.9944569866961601
0.9945907141833857
0.9947753565270602
0.9949519600412575
0.9951761041411783
0.9953926003989094
0.995652968029238
0.9959056440804009
0.9961984327814447
0.9964830582053787
0.9968037483686203
0.9971159882173524
0.9974590312956529
0.9977948039380601
0.9981537002754365
0.9985088955033277
0.9988763668827279
0.9992497005112866
0.9996093389120997
1.0
1.0
0.9996247227494913
0.9992167148898109
0.9988360911031033
0.998447762561594
0.9980740651323765
0.9976996227155586
0.997343690718928
0.9969873068970235
0.9966557646139733
0.9963222642941377
0.9960208834551431
0.9957152783272579
0.9954487974302914
0.9951761041411786
0.99494843443151
0.994713265555703
0.9945277146386623
0.994334005753494
0.9941933380810377
0.9940442437494411
0.9939506308729543
0.9938485081912783
0.9938034502769045
0.9937498660559939
0.99375412978885
0.9937498660559949
0.993803450276904
0.9938485081912781
0.9939506308729542
0.9940442437494414
0.9941933380810367
0.9943340057534932
0.9945277146386632
0.9947132655557029
0.9949484344315103
0.9951761041411787
0.9954487974302895
0.9957152783272581
0.9960208834551423
0.9963222642941386
0.9966557646139729
0.9969873068970243
0.9973436907189281
0.9976996227155581
0.9980740651323778
0.998447762561594
0.9988360911031038
0.9992167148898099
0.9996247227494919
1.0
1.0
0.9995724096154041
0.9991770029567539
0.9987695995822122
0.9983653690714145
0.9979771505438757
0.9975836178471831
0.9972151956302072
0.9968403576193389
0.9964967532241712
0.9961469908315079
0.9958333899471226
0.9955142337226885
0.9952357392485628
0.9949519600412569
0.994713265555704
0.9944690502924952
0.9942741620775242
0.9940731822546842
0.9939252901546911
0.9937706551935375
0.9936721073322554
0.9935662717866992
0.9935185861576705
0.9934632667845296
0.9934671421954261
0.9934632667845286
0.9935185861576711
0.9935662717866992
0.9936721073322554
0.9937706551935366
0.9939252901546917
0.9940731822546844
0.9942741620775228
0.9944690502924952
0.9947132655557028
0.9949519600412575
0.9952357392485633
0.9955142337226894
0.995833389947122
0.9961469908315079
0.9964967532241712
0.9968403576193391
0.9972151956302067
0.9975836178471839
0.9979771505438743
0.998365369071415
0.998769599582212
0.9991770029567553
0.9995724096154037
1.0
1.0
0.9995929733016977
0.9991524739044229
0.9987382537663951
0.9983195717655197
0.9979132150948347
0.9975086692508619
0.9971225949839095
0.996736764059117
0.9963775951660475
0.9960164351228056
0.9956897622154912
0.995359169387672
0.995069871916703
0.9947753565270604
0.9945277146386627
0.9942741620775232
0.9940718970704017
0.993863429848218
0.9937096631400546
0.9935495922405646
0.9934467580866589
0.9933375781445039
0.9932873386406448
0.9932307276112284
0.9932339184757163
0.9932307276112292
0.9932873386406443
0.9933375781445041
0.9934467580866585
0.9935495922405656
0.9937096631400526
0.9938634298482182
0.9940718970704019
0.9942741620775233
0.9945277146386624
0.9947753565270608
0.9950698719167014
0.9953591693876718
0.995689762215491
0.9960164351228059
0.9963775951660473
0.9967367640591176
0.9971225949839104
0.9975086692508613
0.9979132150948358
0.9983195717655197
0.9987382537663959
0.9991524739044223
0.9995929733016987
1.0
1.0
0.9995421716847318
0.9991173826207983
0.9986821047011979
0.9982477683378732
0.9978323640916983
0.9974106458811137
0.9970152229464746
0.9966145487703679
0.9962450788479158
0.9958715571170067
0.9955342328242063
0.9951933617286554
0.9948938633036604
0.9945907141833853
0.9943340057534941
0.9940731822546849
0.9938634298482182
0.9936489799583602
0.9934895146689177
0.9933248279069901
0.9932181378007875
0.9931058475237727
0.9930535771750938
0.9929954894068086
0.9929984328498397
0.9929954894068078
0.9930535771750939
0.9931058475237727
0.9932181378007877
0.9933248279069887
0.9934895146689193
0.9936489799583589
0.9938634298482184
0.9940731822546837
0.9943340057534942
0.9945907141833844
0.9948938633036617
0.9951933617286549
0.9955342328242075
0.9958715571170059
0.9962450788479172
0.996614548770367
0.9970152229464746
0.9974106458811134
0.9978323640916984
0.9982477683378728
0.9986821047011981
0.9991173826207985
0.9995421716847321
1.0
1.0
0.9995677223410697
0.9991014533119084
0.998660503647853
0.9982176777050783
0.9977854697217343
0.9973568403577889
0.9969470016215988
0.9965376046538671
0.9961565932428954
0.9957734188152422
0.9954266096602358
0.9950762585317986
0.9947686971130683
0.9944569866961603
0.9941933380810367
0.9939252901546911
0.9937096631400535
0.9934895146689184
0.9933253259020274
0.993156517929459
0.9930463935194419
0.9929315521885475
0.992877259895629
0.99281817241486
0.9928205851391876
0.9928181724148604
0.9928772598956286
0.9929315521885469
0.9930463935194427
0.9931565179294592
0.9933253259020267
0.9934895146689182
0.9937096631400542
0.9939252901546912
0.9941933380810372
0.9944569866961603
0.994768697113068
0.9950762585317975
0.9954266096602359
0.9957734188152421
0.9961565932428956
0.9965376046538676
0.9969470016215994
0.9973568403577887
0.997785469721735
0.9982176777050782
0.998660503647853
0.9991014533119082
0.9995677223410698
1.0
1.0
0.9995190820542961
0.9990718056973595
0.9986152500470604
0.9981579308220341
0.9977216740448841
0.9972785422745137
0.9968623482195091
0.9964420510779729
0.9960527433777132
0.995661081018261
0.9953056695544594
0.9949481231362184
0.994632679585702
0.9943146211127151
0.9940442437494418
0.9937706551935369
0.9935495922405655
0.9933248279069894
0.9931565179294589
0.992984169041055
0.992871226214777
0.9927540420024918
0.9926982261076126
0.9926380667615482
0.9926402536888829
0.9926380667615479
0.9926982261076129
0.992754042002493
0.9928712262147761
0.9929841690410555
0.9931565179294592
0.9933248279069895
0.9935495922405647
0.9937706551935367
0.9940442437494418
0.9943146211127153
0.9946326795857025
0.9949481231362193
0.9953056695544599
0.9956610810182607
0.9960527433777139
0.9964420510779722
0.9968623482195094
0.9972785422745138
0.9977216740448837
0.9981579308220341
0.9986152500470603
0.9990718056973599
0.9995190820542966
1.0
1.0
0.9995493845912865
0.9990644373024962
0.998604073591047
0.9981437073068405
0.9976927951948897
0.997246597919779
0.996819609122274
0.9963930277915838
0.9959962094392412
0.9955970547007911
0.9952355952592701
0.9948709677843937
0.9945500746010035
0.9942259596400406
0.9939506308729539
0.9936721073322543
0.9934467580866588
0.9932181378007872
0.9930463935194421
0.9928712262147763
0.9927558342329343
0.9926368589006853
0.9925796498963558
0.9925187416579401
0.9925206121394547
0.9925187416579405
0.9925796498963558
0.9926368589006843
0.9927558342329351
0.9928712262147762
0.9930463935194423
0.9932181378007875
0.9934467580866595
0.9936721073322551
0.9939506308729538
0.9942259596400402
0.9945500746010034
0.9948709677843932
0.9952355952592696
0.9955970547007917
0.9959962094392407
0.9963930277915851
0.9968196091222741
0.9972465979197792
0.9976927951948901
0.9981437073068401
0.9986040735910476
0.9990644373024958
0.9995493845912865
1.0
1.0
0.9995034911966004
0.9990410072250046
0.9985700864720743
0.9980972532492586
0.9976468702612532
0.9971893313526015
0.9967590417059469
0.9963255391323688
0.9959228033926408
0.9955188835580885
0.9951512810262569
0.9947824246235659
0.9944562604671335
0.9941280817476837
0.9938485081912779
0.9935662717866997
0.9933375781445032
0.9931058475237727
0.992931552188547
0.992754042002492
0.9926368589006853
0.9925163835997204
0.9924581597505104
0.9923966113323978
0.992398278199661
0.9923966113323972
0.9924581597505111
0.992516383599721
0.9926368589006849
0.9927540420024923
0.9929315521885472
0.9931058475237725
0.9933375781445031
0.9935662717866987
0.9938485081912787
0.9941280817476839
0.9944562604671346
0.9947824246235664
0.9951512810262577
0.9955188835580884
0.9959228033926413
0.9963255391323682
0.996759041705947
0.9971893313526012
0.9976468702612523
0.9980972532492595
0.9985700864720736
0.9990410072250048
0.999503491196601
1.0
1.0
0.9995382604525456
0.9990419966704135
0.9985698552983995
0.9980988453419003
0.997636614992787
0.9971797298138839
0.9967423787594275
0.996305348158909
0.9958989585909891
0.9954901174022059
0.9951197557311506
0.9947464993570481
0.9944174913326009
0.9940858821741139
0.9938034502769033
0.9935185861576697
0.9932873386406446
0.9930535771750935
0.9928772598956289
0.9926982261076125
0.9925796498963553
0.9924581597505105
0.9923991877154487
0.9923371719807248
0.9923387158254793
0.9923371719807255
0.9923991877154481
0.9924581597505101
0.9925796498963556
0.9926982261076122
0.9928772598956289
0.9930535771750935
0.9932873386406453
0.9935185861576709
0.9938034502769035
0.9940858821741145
0.9944174913326008
0.9947464993570475
0.995119755731151
0.9954901174022055
0.9958989585909902
0.9963053481589091
0.9967423787594287
0.9971797298138835
0.9976366149927886
0.9980988453418987
0.9985698552984007
0.9990419966704125
0.999538260452545
1.0
1.0
0.9994956360672088
0.9990254830670011
0.9985473253302707
0.9980666773017643
0.9976091633019473
0.9971443809548786
0.996706969317047
0.9962668254005986
0.9958573162438472
0.9954472162402295
0.9950734797578522
0.9946989090399261
0.9943673572888093
0.9940340649399477
0.9937498660559941
0.993463266784529
0.993230727611228
0.9929954894068083
0.9928181724148594
0.9926380667615484
0.9925187416579399
0.9923966113323978
0.9923371719807247
0.9922749240646281
0.9922763290720462
0.9922749240646273
0.9923371719807256
0.9923966113323974
0.9925187416579405
0.9926380667615482
0.9928181724148596
0.9929954894068083
0.9932307276112278
0.9934632667845288
0.9937498660559948
0.994034064939948
0.9943673572888105
0.994698909039928
0.995073479757852
0.9954472162402308
0.9958573162438469
0.9962668254005993
0.9967069693170468
0.9971443809548787
0.9976091633019464
0.9980666773017652
0.9985473253302701
0.9990254830670017
0.9994956360672095
1.0
1.0
0.9995345320583879
0.9990344777698599
0.9985583888874187
0.9980838110006095
0.9976177918830871
0.997157319495547
0.9967165020547688
0.9962759655085933
0.995866370476583
0.9954542845288445
0.9950809362509582
0.994704793256719
0.9943730609102418
0.994038944774149
0.9937541297888485
0.9934671421954255
0.9932339184757151
0.9929984328498395
0.9928205851391873
0.9926402536888826
0.9925206121394545
0.9923982781996605
0.9923387158254793
0.9922763290720459
0.9922777630600574
0.9922763290720465
0.9923387158254786
0.9923982781996611
0.9925206121394541
0.9926402536888828
0.9928205851391867
0.9929984328498401
0.9932339184757157
0.9934671421954271
0.9937541297888484
0.9940389447741502
0.9943730609102409
0.994704793256719
0.9950809362509591
0.9954542845288448
0.9958663704765837
0.9962759655085938
0.9967165020547696
0.9971573194955481
0.9976177918830879
0.9980838110006095
0.998558388887419
0.9990344777698602
0.9995345320583873
1.0
1.0
0.9994956360672087
0.9990254830670017
0.9985473253302704
0.9980666773017648
0.9976091633019464
0.9971443809548788
0.9967069693170465
0.9962668254005989
0.9958573162438467
0.9954472162402299
0.9950734797578515
0.9946989090399265
0.9943673572888083
0.9940340649399485
0.993749866055993
0.9934632667845297
0.9932307276112271
0.9929954894068087
0.9928181724148586
0.9926380667615485
0.9925187416579395
0.9923966113323979
0.9923371719807239
0.9922749240646285
0.9922763290720452
0.9922749240646279
0.9923371719807251
0.9923966113323974
0.9925187416579403
0.992638066761548
0.9928181724148599
0.9929954894068078
0.9932307276112274
0.9934632667845287
0.9937498660559946
0.9940340649399481
0.9943673572888109
0.9946989090399274
0.995073479757852
0.9954472162402307
0.995857316243847
0.9962668254005991
0.9967069693170468
0.997144380954879
0.9976091633019465
0.9980666773017653
0.9985473253302706
0.9990254830670017
0.9994956360672097
1.0
1.0
0.9995382604525453
0.9990419966704128
0.9985698552984001
0.998098845341899
0.9976366149927876
0.9971797298138831
0.9967423787594276
0.9963053481589089
0.9958989585909885
0.9954901174022056
0.9951197557311501
0.9947464993570477
0.994417491332601
0.9940858821741135
0.9938034502769041
0.9935185861576689
0.9932873386406452
0.9930535771750925
0.9928772598956292
0.9926982261076119
0.9925796498963553
0.9924581597505102
0.9923991877154482
0.9923371719807247
0.9923387158254787
0.9923371719807251
0.9923991877154479
0.9924581597505104
0.9925796498963549
0.9926982261076123
0.9928772598956288
0.9930535771750935
0.9932873386406457
0.99351858615767
0.9938034502769036
0.9940858821741143
0.9944174913326005
0.9947464993570477
0.9951197557311511
0.9954901174022057
0.9958989585909898
0.9963053481589098
0.9967423787594278
0.9971797298138843
0.9976366149927882
0.9980988453418995
0.9985698552984005
0.9990419966704132
0.9995382604525452
1.0
1.0
0.9995034911966011
0.9990410072250043
0.9985700864720741
0.9980972532492589
0.997646870261253
0.9971893313526005
0.9967590417059468
0.9963255391323672
0.9959228033926416
0.9955188835580873
0.9951512810262577
0.9947824246235647
0.994456260467134
0.9941280817476832
0.993848508191278
0.9935662717866989
0.9933375781445027
0.9931058475237725
0.9929315521885462
0.992754042002492
0.9926368589006841
0.9925163835997205
0.9924581597505097
0.9923966113323973
0.9923982781996602
0.9923966113323973
0.99245815975051
0.9925163835997205
0.9926368589006848
0.9927540420024922
0.9929315521885463
0.993105847523773
0.9933375781445016
0.9935662717866999
0.9938485081912776
0.9941280817476845
0.9944562604671342
0.9947824246235669
0.995151281026257
0.9955188835580894
0.9959228033926409
0.9963255391323685
0.9967590417059469
0.9971893313526013
0.9976468702612532
0.9980972532492596
0.9985700864720742
0.9990410072250047
0.9995034911966016
1.0
1.0
0.9995493845912865
0.9990644373024964
0.9986040735910472
0.99814370730684
0.9976927951948897
0.9972465979197788
0.9968196091222733
0.9963930277915847
0.9959962094392397
0.9955970547007919
0.9952355952592682
0.9948709677843944
0.9945500746010023
0.9942259596400405
0.9939506308729528
0.993672107332255
0.9934467580866579
0.9932181378007873
0.9930463935194416
0.9928712262147756
0.9927558342329339
0.9926368589006845
0.992579649896355
0.99251874165794
0.9925206121394541
0.99251874165794
0.992579649896355
0.9926368589006845
0.9927558342329336
0.9928712262147763
0.993046393519442
0.993218137800787
0.9934467580866594
0.9936721073322543
0.9939506308729537
0.9942259596400403
0.9945500746010031
0.9948709677843934
0.9952355952592699
0.9955970547007914
0.9959962094392413
0.9963930277915849
0.9968196091222745
0.9972465979197793
0.9976927951948904
0.9981437073068405
0.9986040735910476
0.9990644373024967
0.9995493845912858
1.0
1.0
0.9995190820542961
0.9990718056973596
0.9986152500470593
0.9981579308220344
0.9977216740448831
0.9972785422745136
0.996862348219508
0.9964420510779715
0.9960527433777131
0.9956610810182598
0.9953056695544604
0.994948123136217
0.994632679585702
0.9943146211127141
0.994044243749442
0.9937706551935362
0.9935495922405643
0.9933248279069892
0.993156517929458
0.992984169041055
0.9928712262147751
0.9927540420024922
0.9926982261076107
0.9926380667615485
0.992640253688881
0.9926380667615488
0.992698226107611
0.9927540420024932
0.9928712262147753
0.9929841690410554
0.9931565179294579
0.9933248279069896
0.9935495922405636
0.9937706551935374
0.9940442437494408
0.9943146211127157
0.9946326795857017
0.9949481231362192
0.9953056695544594
0.995661081018262
0.9960527433777128
0.9964420510779735
0.9968623482195086
0.9972785422745146
0.9977216740448835
0.998157930822035
0.9986152500470604
0.9990718056973596
0.9995190820542976
1.0
1.0
0.9995677223410697
0.9991014533119075
0.9986605036478536
0.9982176777050773
0.9977854697217348
0.997356840357788
0.9969470016215989
0.9965376046538673
0.9961565932428947
0.995773418815242
0.9954266096602344
0.995076258531798
0.9947686971130675
0.9944569866961604
0.9941933380810363
0.9939252901546908
0.9937096631400529
0.9934895146689178
0.9933253259020263
0.9931565179294576
0.9930463935194415
0.9929315521885458
0.9928772598956285
0.9928181724148588
0.992820585139187
0.9928181724148591
0.9928772598956288
0.9929315521885466
0.9930463935194417
0.9931565179294586
0.9933253259020265
0.993489514668918
0.9937096631400535
0.9939252901546904
0.9941933380810366
0.9944569866961596
0.9947686971130686
0.9950762585317978
0.995426609660236
0.9957734188152423
0.9961565932428964
0.9965376046538673
0.9969470016215998
0.9973568403577888
0.9977854697217352
0.9982176777050784
0.9986605036478532
0.9991014533119087
0.9995677223410685
1.0
1.0
0.9995421716847323
0.9991173826207985
0.9986821047011971
0.9982477683378735
0.9978323640916975
0.9974106458811133
0.9970152229464736
0.9966145487703664
0.9962450788479156
0.9958715571170054
0.9955342328242069
0.995193361728654
0.99489386330366
0.9945907141833841
0.9943340057534935
0.9940731822546839
0.9938634298482173
0.9936489799583588
0.9934895146689173
0.9933248279069894
0.9932181378007864
0.9931058475237723
0.9930535771750927
0.9929954894068077
0.9929984328498388
0.9929954894068077
0.9930535771750935
0.9931058475237723
0.9932181378007877
0.9933248279069887
0.9934895146689181
0.9936489799583585
0.9938634298482172
0.9940731822546839
0.9943340057534932
0.994590714183385
0.9948938633036603
0.9951933617286554
0.9955342328242064
0.9958715571170067
0.9962450788479156
0.9966145487703681
0.9970152229464738
0.9974106458811148
0.9978323640916974
0.9982477683378739
0.9986821047011977
0.9991173826207985
0.9995421716847331
1.0
1.0
0.9995929733016973
0.9991524739044226
0.9987382537663958
0.9983195717655193
0.9979132150948351
0.9975086692508607
0.9971225949839094
0.9967367640591174
0.9963775951660465
0.9960164351228051
0.9956897622154901
0.9953591693876718
0.9950698719167014
0.9947753565270607
0.9945277146386615
0.9942741620775227
0.9940718970704013
0.9938634298482166
0.9937096631400528
0.9935495922405636
0.9934467580866582
0.9933375781445021
0.9932873386406442
0.9932307276112273
0.9932339184757151
0.9932307276112282
0.9932873386406441
0.9933375781445033
0.9934467580866577
0.9935495922405652
0.9937096631400519
0.9938634298482182
0.9940718970704013
0.9942741620775228
0.9945277146386615
0.9947753565270605
0.9950698719167022
0.9953591693876717
0.9956897622154909
0.9960164351228059
0.9963775951660476
0.9967367640591177
0.9971225949839099
0.9975086692508612
0.9979132150948353
0.99831957176552
0.9987382537663954
0.9991524739044234
0.9995929733016972
1.0
1.0
0.9995724096154037
0.9991770029567543
0.9987695995822113
0.9983653690714144
0.9979771505438741
0.9975836178471835
0.9972151956302059
0.9968403576193376
0.9964967532241703
0.996146990831507
0.9958333899471219
0.9955142337226881
0.9952357392485628
0.9949519600412559
0.9947132655557036
0.994469050292494
0.9942741620775223
0.9940731822546836
0.9939252901546908
0.9937706551935364
0.9936721073322546
0.9935662717866984
0.9935185861576697
0.9934632667845278
0.9934671421954261
0.9934632667845278
0.9935185861576709
0.9935662717866988
0.9936721073322546
0.993770655193536
0.9939252901546913
0.9940731822546831
0.9942741620775224
0.9944690502924942
0.9947132655557032
0.9949519600412562
0.9952357392485627
0.9955142337226885
0.995833389947122
0.9961469908315078
0.996496753224171
0.9968403576193384
0.9972151956302068
0.9975836178471837
0.9979771505438749
0.998365369071414
0.9987695995822129
0.9991770029567539
0.9995724096154048
1.0
1.0
0.9996247227494912
0.9992167148898106
0.9988360911031033
0.9984477625615946
0.9980740651323762
0.9976996227155577
0.9973436907189278
0.996987306897024
0.9966557646139725
0.9963222642941376
0.9960208834551415
0.9957152783272577
0.9954487974302889
0.9951761041411793
0.9949484344315075
0.9947132655557037
0.9945277146386614
0.9943340057534931
0.9941933380810352
0.9940442437494412
0.9939506308729524
0.9938485081912781
0.9938034502769022
0.9937498660559948
0.9937541297888476
0.9937498660559949
0.9938034502769022
0.9938485081912785
0.9939506308729529
0.9940442437494418
0.9941933380810356
0.9943340057534936
0.9945277146386616
0.9947132655557032
0.9949484344315087
0.9951761041411789
0.9954487974302897
0.995715278327258
0.996020883455142
0.9963222642941378
0.9966557646139731
0.996987306897024
0.9973436907189284
0.9976996227155577
0.9980740651323773
0.9984477625615944
0.9988360911031033
0.9992167148898112
0.9996247227494909
1.0
1.0
0.9996093389120999
0.9992497005112857
0.9988763668827272
0.9985088955033268
0.9981537002754364
0.9977948039380597
0.9974590312956508
0.9971159882173516
0.9968037483686185
0.9964830582053792
0.9961984327814432
0.9959056440804009
0.9956529680292365
0.9953926003989082
0.9951761041411787
0.9949519600412562
0.9947753565270595
0.994590714183385
0.9944569866961593
0.9943146211127151
0.9942259596400392
0.9941280817476834
0.9940858821741134
0.9940340649399475
0.9940389447741484
0.9940340649399472
0.9940858821741143
0.9941280817476833
0.9942259596400403
0.9943146211127152
0.9944569866961602
0.9945907141833845
0.9947753565270598
0.9949519600412563
0.9951761041411785
0.9953926003989084
0.9956529680292369
0.9959056440804009
0.9961984327814437
0.9964830582053791
0.9968037483686192
0.9971159882173527
0.9974590312956517
0.9977948039380605
0.9981537002754365
0.9985088955033272
0.9988763668827282
0.9992497005112857
0.9996093389121007
1.0
1.0
0.9996624458828881
0.9992931962044419
0.9989524527339395
0.9986002175403368
0.9982655307597075
0.9979266121315011
0.9976068929450213
0.9972851952648273
0.9969867822038937
0.9966860439960633
0.9964147594729319
0.9961389900197499
0.9958994542063345
0.9956529680292369
0.995448797430289
0.9952357392485626
0.9950698719167017
0.9948938633036596
0.9947686971130674
0.994632679585701
0.9945500746010029
0.9944562604671339
0.9944174913325997
0.9943673572888101
0.9943730609102409
0.9943673572888103
0.9944174913325996
0.9944562604671343
0.9945500746010028
0.9946326795857019
0.9947686971130678
0.9948938633036604
0.9950698719167022
0.9952357392485628
0.9954487974302897
0.9956529680292371
0.9958994542063351
0.9961389900197501
0.9964147594729327
0.9966860439960634
0.9969867822038944
0.9972851952648267
0.9976068929450224
0.9979266121315012
0.9982655307597085
0.9986002175403365
0.9989524527339395
0.9992931962044428
0.9996624458828879
1.0
1.0
0.9996524059446521
0.9993342874263126
0.9990007527559285
0.9986760861751032
0.9983591861272935
0.9980409527324684
0.9977427834134479
0.9974371988366645
0.9971611300101131
0.9968745279370084
0.9966235658833783
0.9963614274844369
0.9961389900197503
0.9959056440804002
0.9957152783272584
0.9955142337226888
0.9953591693876715
0.9951933617286547
0.9950762585317979
0.9949481231362179
0.9948709677843932
0.9947824246235643
0.9947464993570483
0.994698909039925
0.9947047932567192
0.9946989090399254
0.994746499357049
0.9947824246235649
0.9948709677843944
0.9949481231362185
0.9950762585317979
0.995193361728655
0.9953591693876708
0.9955142337226885
0.9957152783272577
0.9959056440804004
0.99613899001975
0.9963614274844375
0.9966235658833783
0.9968745279370087
0.9971611300101136
0.9974371988366659
0.9977427834134482
0.998040952732469
0.998359186127294
0.9986760861751042
0.9990007527559293
0.9993342874263123
0.999652405944653
1.0
1.0
0.999705514605077
0.9993807611026215
0.9990854637386029
0.9987745392742943
0.9984846309365035
0.9981859749125848
0.9979081663371655
0.9976256000306694
0.9973655572138659
0.9971019236344889
0.9968652661838387
0.9966235658833781
0.9964147594729318
0.9961984327814444
0.9960208834551415
0.9958333899471211
0.9956897622154909
0.9955342328242054
0.9954266096602354
0.9953056695544584
0.9952355952592697
0.9951512810262576
0.9951197557311499
0.9950734797578524
0.995080936250959
0.9950734797578519
0.9951197557311502
0.9951512810262574
0.9952355952592692
0.9953056695544596
0.9954266096602359
0.9955342328242062
0.9956897622154913
0.9958333899471217
0.9960208834551422
0.996198432781444
0.9964147594729325
0.9966235658833782
0.996865266183839
0.9971019236344895
0.9973655572138663
0.9976256000306691
0.9979081663371663
0.9981859749125853
0.998484630936504
0.9987745392742948
0.9990854637386033
0.9993807611026226
0.9997055146050765
1.0
1.0
0.9997009675615004
0.9994293750389338
0.9991408417125334
0.9988642927954441
0.9985903282224712
0.9983182756623952
0.9980618376538115
0.9977990940872209
0.9975630786240258
0.997315405717903
0.9971019236344892
0.9968745279370085
0.9966860439960639
0.9964830582053789
0.9963222642941374
0.9961469908315085
0.9960164351228048
0.9958715571170063
0.9957734188152416
0.9956610810182613
0.9955970547007903
0.995518883558088
0.9954901174022062
0.9954472162402301
0.9954542845288434
0.9954472162402308
0.995490117402206
0.9955188835580887
0.9955970547007919
0.9956610810182615
0.9957734188152418
0.9958715571170063
0.996016435122805
0.9961469908315077
0.9963222642941373
0.996483058205379
0.9966860439960639
0.9968745279370089
0.9971019236344896
0.997315405717903
0.9975630786240263
0.9977990940872222
0.9980618376538115
0.9983182756623958
0.9985903282224723
0.9988642927954446
0.999140841712534
0.9994293750389338
0.9997009675615015
1.0
1.0
0.9997532133288052
0.9994780839724092
0.9992329799906634
0.9989679880029272
0.9987279580649502
0.9984735079059104
0.9982429338360961
0.9980029297488356
0.9977863704215401
0.9975630786240255
0.9973655572138663
0.9971611300101129
0.9969867822038938
0.9968037483686194
0.9966557646139732
0.9964967532241692
0.9963775951660477
0.9962450788479152
0.9961565932428953
0.9960527433777122
0.9959962094392412
0.9959228033926413
0.9958989585909888
0.9958573162438475
0.9958663704765844
0.9958573162438467
0.9958989585909898
0.9959228033926415
0.9959962094392409
0.9960527433777128
0.996156593242896
0.996245078847916
0.9963775951660478
0.9964967532241703
0.9966557646139733
0.9968037483686193
0.9969867822038945
0.9971611300101132
0.9973655572138664
0.9975630786240262
0.9977863704215406
0.998002929748835
0.9982429338360976
0.9984735079059106
0.9987279580649506
0.9989679880029273
0.9992329799906638
0.99947808397241
0.9997532133288052
1.0
1.0
0.9997542934324357
0.999533409557576
0.999294469676705
0.999070540616948
0.9988434257944182
0.9986225297257685
0.998410955473685
0.9981962410314014
0.998002929748836
0.9977990940872209
0.9976256000306699
0.9974371988366652
0.9972851952648274
0.9971159882173517
0.9969873068970233
0.996840357619339
0.9967367640591166
0.9966145487703673
0.9965376046538672
0.9964420510779721
0.9963930277915849
0.9963255391323672
0.9963053481589106
0.9962668254005981
0.9962759655085933
0.9962668254005997
0.99630534815891
0.9963255391323688
0.9963930277915853
0.9964420510779732
0.9965376046538673
0.9966145487703677
0.9967367640591166
0.9968403576193394
0.996987306897023
0.9971159882173528
0.9972851952648267
0.9974371988366659
0.99762560003067
0.9977990940872214
0.9980029297488359
0.9981962410314034
0.998410955473684
0.9986225297257706
0.9988434257944176
0.9990705406169492
0.9992944696767045
0.9995334095575764
0.9997542934324364
1.0
1.0
0.9998047498695141
0.9995836941308663
0.9993926134399884
0.9991775416467039
0.998991705812258
0.998784567205139
0.9986061112907063
0.9984109554736853
0.9982429338360961
0.9980618376538123
0.9979081663371652
0.9977427834134486
0.9976068929450207
0.9974590312956527
0.9973436907189277
0.9972151956302063
0.9971225949839095
0.9970152229464743
0.9969470016215982
0.9968623482195097
0.9968196091222731
0.9967590417059488
0.9967423787594263
0.9967069693170492
0.9967165020547691
0.9967069693170475
0.9967423787594275
0.9967590417059478
0.9968196091222734
0.9968623482195098
0.9969470016215985
0.9970152229464752
0.9971225949839094
0.9972151956302072
0.9973436907189277
0.9974590312956523
0.9976068929450213
0.9977427834134491
0.9979081663371648
0.998061837653813
0.9982429338360961
0.9984109554736853
0.9986061112907081
0.9987845672051388
0.9989917058122589
0.9991775416467038
0.9993926134399893
0.9995836941308665
0.9998047498695142
1.0
1.0
0.9998116049278947
0.9996446399579441
0.9994593466948503
0.9992914528247097
0.9991145717760608
0.99894889779501
0.9987845672051388
0.9986225297257688
0.998473507905911
0.998318275662395
0.9981859749125855
0.9980409527324684
0.997926612131502
0.9977948039380591
0.9976996227155577
0.9975836178471842
0.9975086692508601
0.997410645881114
0.9973568403577882
0.9972785422745137
0.9972465979197793
0.9971893313526001
0.997179729813885
0.9971443809548779
0.997157319495548
0.997144380954879
0.9971797298138845
0.9971893313526015
0.9972465979197798
0.9972785422745138
0.9973568403577896
0.9974106458811132
0.9975086692508618
0.9975836178471829
0.9976996227155581
0.9977948039380596
0.9979266121315017
0.9980409527324684
0.9981859749125863
0.998318275662395
0.9984735079059118
0.9986225297257698
0.9987845672051384
0.9989488977950107
0.9991145717760618
0.9992914528247098
0.9994593466948507
0.9996446399579438
0.9998116049278954
1.0
1.0
0.9998591952564642
0.9996961454250805
0.9995615485247119
0.9994002392007311
0.9992713623101123
0.9991145717760614
0.9989917058122584
0.9988434257944179
0.99872795806495
0.9985903282224718
0.9984846309365034
0.9983591861272944
0.9982655307597071
0.9981537002754378
0.9980740651323768
0.9979771505438745
0.9979132150948354
0.997832364091698
0.9977854697217348
0.9977216740448841
0.9976927951948898
0.9976468702612539
0.9976366149927874
0.9976091633019476
0.9976177918830886
0.9976091633019459
0.9976366149927888
0.9976468702612523
0.9976927951948906
0.9977216740448839
0.9977854697217347
0.9978323640916986
0.9979132150948348
0.9979771505438755
0.9980740651323768
0.9981537002754367
0.998265530759708
0.9983591861272938
0.9984846309365037
0.998590328222472
0.9987279580649503
0.9988434257944174
0.99899170581226
0.9991145717760608
0.9992713623101126
0.9994002392007314
0.9995615485247126
0.9996961454250807
0.9998591952564636
1.0
1.0
0.9998721948167659
0.9997609305929236
0.9996334151339002
0.9995228772254043
0.9994002392007317
0.999291452824709
0.9991775416467041
0.9990705406169483
0.9989679880029281
0.9988642927954445
0.9987745392742947
0.9986760861751034
0.9986002175403373
0.9985088955033263
0.9984477625615948
0.9983653690714144
0.9983195717655198
0.9982477683378729
0.9982176777050782
0.9981579308220335
0.9981437073068412
0.9980972532492582
0.9980988453419005
0.998066677301764
0.9980838110006099
0.9980666773017653
0.9980988453419
0.9980972532492596
0.9981437073068412
0.998157930822034
0.9982176777050793
0.9982477683378725
0.9983195717655208
0.9983653690714135
0.9984477625615951
0.9985088955033272
0.9986002175403371
0.9986760861751037
0.9987745392742946
0.9988642927954446
0.9989679880029282
0.9990705406169489
0.9991775416467032
0.9992914528247103
0.9994002392007318
0.9995228772254048
0.9996334151338998
0.9997609305929238
0.9998721948167665
1.0
1.0
0.9999154526799742
0.9998141313386679
0.9997364465859958
0.9996334151338998
0.9995615485247117
0.9994593466948513
0.9993926134399886
0.9992944696767053
0.999232979990663
0.999140841712534
0.9990854637386027
0.9990007527559297
0.9989524527339391
0.9988763668827286
0.9988360911031031
0.998769599582212
0.9987382537663958
0.9986821047011976
0.9986605036478536
0.9986152500470603
0.9986040735910475
0.9985700864720742
0.9985698552984007
0.9985473253302708
0.9985583888874199
0.9985473253302701
0.998569855298401
0.998570086472074
0.9986040735910481
0.9986152500470602
0.9986605036478536
0.9986821047011977
0.9987382537663959
0.9987695995822123
0.9988360911031042
0.9988763668827276
0.9989524527339396
0.9990007527559296
0.9990854637386031
0.9991408417125337
0.9992329799906637
0.999294469676705
0.9993926134399898
0.9994593466948503
0.9995615485247122
0.9996334151339
0.9997364465859961
0.9998141313386678
0.9999154526799741
1.0
1.0
0.9999351812337404
0.9998803039110875
0.9998141313386675
0.9997609305929243
0.9996961454250806
0.9996446399579441
0.9995836941308661
0.9995334095575764
0.9994780839724104
0.9994293750389337
0.9993807611026227
0.9993342874263121
0.9992931962044423
0.999249700511286
0.9992167148898101
0.9991770029567552
0.999152473904422
0.9991173826207992
0.9991014533119077
0.9990718056973602
0.9990644373024962
0.9990410072250051
0.9990419966704125
0.999025483067002
0.9990344777698598
0.9990254830670026
0.9990419966704128
0.9990410072250051
0.9990644373024962
0.9990718056973596
0.9991014533119084
0.9991173826207989
0.9991524739044229
0.9991770029567543
0.9992167148898109
0.9992497005112861
0.9992931962044428
0.9993342874263124
0.9993807611026229
0.9994293750389344
0.9994780839724099
0.9995334095575763
0.9995836941308657
0.9996446399579444
0.9996961454250802
0.9997609305929241
0.9998141313386676
0.9998803039110867
0.9999351812337409
1.0
1.0
0.999972943540611
0.9999351812337408
0.999915452679974
0.9998721948167668
0.9998591952564635
0.9998116049278958
0.9998047498695141
0.9997542934324363
0.9997532133288051
0.999700967561501
0.9997055146050768
0.9996524059446525
0.9996624458828884
0.9996093389121001
0.9996247227494919
0.9995724096154037
0.9995929733016983
0.9995421716847319
0.9995677223410699
0.9995190820542965
0.9995493845912868
0.9995034911966011
0.9995382604525458
0.9994956360672088
0.9995345320583887
0.9994956360672087
0.9995382604525459
0.9995034911966008
0.9995493845912864
0.9995190820542971
0.9995677223410699
0.9995421716847321
0.9995929733016983
0.9995724096154044
0.9996247227494919
0.9996093389121004
0.9996624458828887
0.9996524059446529
0.999705514605077
0.9997009675615008
0.9997532133288055
0.9997542934324363
0.9998047498695145
0.9998116049278953
0.9998591952564639
0.9998721948167663
0.9999154526799742
0.999935181233741
0.9999729435406108
1.0
1.0
1.0
1.0
1.0
1.0
1.0
1.0
1.0
1.0
1.0
1.0
1.0
1.0
1.0
1.0
1.0
1.0
1.0
1.0
1.0
1.0
1.0
1.0
1.0
1.0
1.0
1.0
1.0
1.0
1.0
1.0
1.0
1.0
1.0
1.0
1.0
1.0
1.0
1.0
1.0
1.0
1.0
1.0
1.0
1.0
1.0
1.0
1.0
1.0
1.0
1.0
