1.0
1.0
1.0
1.0
1.0
1.0
1.0
1.0
1.0
1.0
1.0
1.0
1.0
1.0
1.0
1.0
1.0
1.0
1.0
1.0
1.0
1.0
1.0
1.0
1.0
1.0
1.0
1.0
1.0
1.0
1.0
1.0
1.0
1.0
1.0
1.0
1.0
1.0
1.0
1.0
1.0
1.0
1.0
1.0
1.0
1.0
1.0
1.0
1.0
1.0
1.0
1.0
0.999999999960178
0.9999999999205131
0.9999999998811621
0.9999999998422798
0.9999999998040204
0.999999999766534
0.9999999997299693
0.9999999996944701
0.9999999996601767
0.9999999996272245
0.9999999995957435
0.9999999995658578
0.9999999995376855
0.9999999995113377
0.9999999994869183
0.999999999464524
0.9999999994442431
0.9999999994261551
0.999999999410332
0.9999999993968363
0.9999999993857208
0.9999999993770297
0.9999999993707971
0.9999999993670476
0.9999999993657963
0.9999999993670478
0.9999999993707973
0.9999999993770299
0.9999999993857208
0.9999999993968365
0.9999999994103321
0.9999999994261553
0.9999999994442429
0.9999999994645239
0.9999999994869182
0.9999999995113376
0.9999999995376853
0.9999999995658574
0.999999999595743
0.9999999996272242
0.9999999996601765
0.9999999996944697
0.9999999997299692
0.9999999997665338
0.9999999998040201
0.9999999998422797
0.9999999998811618
0.999999999920513
0.9999999999601779
1.0
1.0
0.9999999999205131
0.9999999998413399
0.9999999997627931
0.9999999996851823
0.9999999996088141
0.9999999995339897
0.9999999994610042
0.999999999390146
0.9999999993216947
0.9999999992559201
0.9999999991930824
0.9999999991334289
0.9999999990771955
0.9999999990246039
0.9999999989758619
0.9999999989311618
0.9999999988906795
0.9999999988545755
0.9999999988229918
0.9999999987960533
0.9999999987738662
0.9999999987565182
0.9999999987440776
0.9999999987365937
0.9999999987340957
0.9999999987365937
0.9999999987440777
0.9999999987565182
0.9999999987738665
0.9999999987960533
0.999999998822992
0.9999999988545755
0.9999999988906796
0.9999999989311615
0.9999999989758617
0.9999999990246037
0.9999999990771952
0.9999999991334287
0.999999999193082
0.9999999992559198
0.9999999993216943
0.9999999993901456
0.9999999994610038
0.9999999995339892
0.9999999996088138
0.9999999996851822
0.999999999762793
0.9999999998413399
0.999999999920513
1.0
1.0
0.9999999998811618
0.9999999997627931
0.9999999996453603
0.9999999995293273
0.9999999994151516
0.9999999993032843
0.9999999991941663
0.9999999990882288
0.9999999989858894
0.9999999988875525
0.9999999987936058
0.99999999870442
0.9999999986203475
0.9999999985417198
0.9999999984688471
0.9999999984020174
0.999999998341494
0.9999999982875161
0.9999999982402965
0.9999999982000217
0.9999999981668507
0.9999999981409142
0.9999999981223148
0.9999999981111256
0.9999999981073912
0.9999999981111256
0.9999999981223147
0.9999999981409143
0.9999999981668508
0.999999998200022
0.9999999982402966
0.9999999982875161
0.9999999983414941
0.9999999984020173
0.9999999984688469
0.9999999985417195
0.9999999986203473
0.9999999987044197
0.9999999987936053
0.9999999988875521
0.9999999989858891
0.9999999990882283
0.999999999194166
0.9999999993032838
0.9999999994151515
0.999999999529327
0.9999999996453603
0.999999999762793
0.999999999881162
1.0
1.0
0.9999999998422799
0.9999999996851823
0.9999999995293274
0.9999999993753297
0.9999999992237973
0.9999999990753283
0.9999999989305088
0.9999999987899096
0.9999999986540865
0.9999999985235749
0.9999999983988902
0.9999999982805243
0.9999999981689445
0.9999999980645908
0.9999999979678753
0.9999999978791796
0.999999997798854
0.9999999977272153
0.9999999976645461
0.999999997611094
0.9999999975670698
0.9999999975326473
0.9999999975079623
0.9999999974931122
0.9999999974881557
0.9999999974931122
0.9999999975079623
0.9999999975326475
0.9999999975670699
0.9999999976110943
0.9999999976645464
0.9999999977272154
0.999999997798854
0.9999999978791796
0.9999999979678751
0.9999999980645905
0.999999998168944
0.9999999982805238
0.99999999839889
0.9999999985235747
0.9999999986540864
0.9999999987899095
0.9999999989305084
0.9999999990753283
0.9999999992237972
0.9999999993753297
0.999999999529327
0.9999999996851823
0.9999999998422797
1.0
1.0
0.9999999998040203
0.999999999608814
0.9999999994151516
0.9999999992237973
0.9999999990355065
0.9999999988510219
0.9999999986710719
0.9999999984963666
0.9999999983275952
0.9999999981654243
0.9999999980104936
0.9999999978634145
0.9999999977247674
0.9999999975950999
0.9999999974749232
0.9999999973647119
0.9999999972649007
0.9999999971758841
0.9999999970980126
0.9999999970315941
0.9999999969768907
0.9999999969341178
0.9999999969034447
0.9999999968849924
0.9999999968788336
0.9999999968849924
0.9999999969034449
0.9999999969341179
0.9999999969768908
0.9999999970315943
0.9999999970980128
0.9999999971758842
0.9999999972649007
0.9999999973647117
0.999999997474923
0.9999999975950996
0.9999999977247671
0.9999999978634143
0.9999999980104932
0.9999999981654241
0.9999999983275951
0.9999999984963663
0.9999999986710717
0.9999999988510218
0.9999999990355064
0.9999999992237972
0.9999999994151517
0.9999999996088139
0.9999999998040202
1.0
1.0
0.9999999997665341
0.9999999995339895
0.9999999993032842
0.9999999990753283
0.999999998851022
0.9999999986312498
0.9999999984168796
0.9999999982087574
0.9999999980077042
0.9999999978145139
0.9999999976299486
0.9999999974547368
0.99999999728957
0.9999999971351
0.9999999969919364
0.9999999968606442
0.9999999967417419
0.9999999966356983
0.999999996542932
0.9999999964638092
0.9999999963986422
0.9999999963476882
0.999999996311148
0.999999996289166
0.9999999962818292
0.999999996289166
0.999999996311148
0.9999999963476881
0.9999999963986422
0.9999999964638093
0.999999996542932
0.9999999966356982
0.9999999967417417
0.9999999968606441
0.9999999969919362
0.9999999971350998
0.9999999972895697
0.9999999974547364
0.9999999976299483
0.9999999978145135
0.999999998007704
0.9999999982087571
0.9999999984168795
0.9999999986312498
0.9999999988510219
0.9999999990753282
0.9999999993032841
0.9999999995339894
0.999999999766534
1.0
1.0
0.9999999997299691
0.999999999461004
0.9999999991941662
0.9999999989305087
0.9999999986710718
0.9999999984168797
0.9999999981689353
0.9999999979282173
0.9999999976956758
0.9999999974722286
0.9999999972587572
0.9999999970561042
0.999999996865069
0.9999999966864066
0.9999999965208212
0.9999999963689665
0.9999999962314418
0.99999999610879
0.9999999960014948
0.99999999590998
0.9999999958346067
0.9999999957756723
0.9999999957334094
0.9999999957079847
0.9999999956994987
0.9999999957079846
0.9999999957334094
0.9999999957756723
0.9999999958346067
0.99999999590998
0.9999999960014948
0.9999999961087898
0.9999999962314415
0.9999999963689661
0.9999999965208209
0.9999999966864062
0.999999996865069
0.9999999970561038
0.9999999972587567
0.9999999974722282
0.9999999976956756
0.9999999979282171
0.9999999981689353
0.9999999984168795
0.9999999986710716
0.9999999989305084
0.9999999991941662
0.999999999461004
0.9999999997299691
1.0
1.0
0.9999999996944701
0.9999999993901457
0.9999999990882286
0.9999999987899096
0.9999999984963663
0.9999999982087572
0.9999999979282173
0.9999999976558539
0.9999999973927417
0.9999999971399193
0.9999999968983841
0.9999999966690896
0.9999999964529406
0.9999999962507904
0.9999999960634367
0.9999999958916186
0.9999999957360145
0.9999999955972384
0.9999999954758378
0.9999999953722923
0.9999999952870101
0.9999999952203281
0.9999999951725091
0.9999999951437419
0.9999999951341403
0.9999999951437419
0.9999999951725091
0.9999999952203281
0.9999999952870102
0.9999999953722924
0.9999999954758378
0.9999999955972383
0.9999999957360143
0.9999999958916181
0.9999999960634363
0.9999999962507902
0.9999999964529405
0.9999999966690892
0.9999999968983838
0.9999999971399188
0.9999999973927415
0.9999999976558537
0.9999999979282171
0.9999999982087571
0.9999999984963661
0.9999999987899093
0.9999999990882283
0.9999999993901456
0.9999999996944701
1.0
1.0
0.9999999996601767
0.9999999993216945
0.9999999989858892
0.9999999986540863
0.999999998327595
0.999999998007704
0.9999999976956757
0.9999999973927417
0.9999999971000972
0.9999999968188973
0.9999999965502517
0.9999999962952206
0.9999999960548107
0.9999999958299707
0.9999999956215879
0.9999999954304847
0.999999995257415
0.9999999951030625
0.9999999949680358
0.9999999948528681
0.9999999947580137
0.9999999946838469
0.9999999946306606
0.9999999945986645
0.999999994587985
0.9999999945986646
0.9999999946306607
0.9999999946838469
0.9999999947580135
0.999999994852868
0.9999999949680358
0.9999999951030624
0.999999995257415
0.9999999954304845
0.9999999956215876
0.9999999958299706
0.9999999960548104
0.9999999962952205
0.9999999965502514
0.999999996818897
0.9999999971000969
0.9999999973927414
0.9999999976956756
0.9999999980077039
0.999999998327595
0.9999999986540862
0.9999999989858891
0.9999999993216943
0.9999999996601766
1.0
1.0
0.9999999996272244
0.99999999925592
0.9999999988875521
0.9999999985235747
0.999999998165424
0.9999999978145135
0.9999999974722282
0.9999999971399189
0.9999999968188972
0.9999999965104297
0.9999999962157339
0.9999999959359728
0.9999999956722507
0.9999999954256082
0.9999999951970188
0.9999999949873845
0.9999999947975327
0.9999999946282125
0.9999999944800925
0.9999999943537571
0.9999999942497048
0.9999999941683462
0.9999999941100025
0.999999994074904
0.9999999940631891
0.999999994074904
0.9999999941100026
0.9999999941683462
0.9999999942497048
0.9999999943537571
0.9999999944800925
0.9999999946282127
0.9999999947975325
0.9999999949873843
0.9999999951970187
0.9999999954256081
0.9999999956722506
0.9999999959359727
0.9999999962157337
0.9999999965104294
0.9999999968188968
0.9999999971399188
0.9999999974722282
0.9999999978145135
0.999999998165424
0.9999999985235747
0.9999999988875521
0.99999999925592
0.9999999996272243
1.0
1.0
0.9999999995957433
0.999999999193082
0.9999999987936053
0.9999999983988899
0.9999999980104931
0.9999999976299482
0.9999999972587567
0.9999999968983838
0.9999999965502515
0.9999999962157339
0.999999995896151
0.999999995592764
0.9999999953067703
0.9999999950392988
0.9999999947914046
0.9999999945640667
0.9999999943581818
0.9999999941745626
0.9999999940139337
0.9999999938769292
0.9999999937640897
0.9999999936758603
0.9999999936125895
0.9999999935745268
0.9999999935618228
0.9999999935745268
0.9999999936125896
0.9999999936758606
0.9999999937640897
0.9999999938769293
0.9999999940139339
0.9999999941745626
0.9999999943581818
0.9999999945640667
0.9999999947914047
0.9999999950392986
0.9999999953067701
0.9999999955927636
0.9999999958961506
0.9999999962157334
0.9999999965502512
0.9999999968983837
0.9999999972587567
0.9999999976299482
0.9999999980104932
0.9999999983988899
0.9999999987936053
0.999999999193082
0.9999999995957435
1.0
1.0
0.9999999995658575
0.9999999991334287
0.9999999987044197
0.9999999982805239
0.9999999978634141
0.9999999974547363
0.9999999970561035
0.9999999966690891
0.9999999962952205
0.9999999959359728
0.999999995592764
0.9999999952669485
0.9999999949598121
0.9999999946725668
0.9999999944063468
0.9999999941622022
0.9999999939410968
0.999999993743903
0.9999999935713993
0.9999999934242665
0.9999999933030851
0.999999993208333
0.9999999931403847
0.9999999930995083
0.9999999930858648
0.9999999930995084
0.9999999931403849
0.9999999932083331
0.9999999933030851
0.9999999934242666
0.9999999935713995
0.9999999937439031
0.9999999939410968
0.9999999941622022
0.9999999944063466
0.9999999946725667
0.9999999949598118
0.999999995266948
0.9999999955927636
0.9999999959359726
0.9999999962952204
0.9999999966690891
0.9999999970561037
0.9999999974547364
0.9999999978634141
0.9999999982805239
0.9999999987044197
0.9999999991334287
0.9999999995658576
1.0
1.0
0.9999999995376854
0.9999999990771951
0.999999998620347
0.999999998168944
0.999999997724767
0.9999999972895693
0.9999999968650687
0.9999999964529401
0.9999999960548104
0.9999999956722505
0.9999999953067703
0.999999994959812
0.9999999946327449
0.9999999943268599
0.9999999940433644
0.9999999937833769
0.9999999935479236
0.9999999933379337
0.9999999931542358
0.9999999929975552
0.9999999928685098
0.9999999927676093
0.9999999926952517
0.9999999926517227
0.999999992637194
0.9999999926517228
0.9999999926952517
0.9999999927676095
0.9999999928685098
0.9999999929975552
0.9999999931542357
0.9999999933379337
0.9999999935479236
0.9999999937833768
0.9999999940433643
0.9999999943268598
0.9999999946327447
0.9999999949598117
0.99999999530677
0.9999999956722503
0.9999999960548104
0.9999999964529405
0.9999999968650689
0.9999999972895696
0.9999999977247671
0.999999998168944
0.999999998620347
0.9999999990771952
0.9999999995376853
1.0
1.0
0.9999999995113374
0.9999999990246036
0.9999999985417194
0.9999999980645903
0.9999999975950993
0.9999999971350993
0.9999999966864059
0.9999999962507898
0.9999999958299702
0.999999995425608
0.9999999950392986
0.9999999946725668
0.9999999943268599
0.9999999940035422
0.99999999370389
0.9999999934290856
0.9999999931802135
0.9999999929582561
0.9999999927640892
0.999999992598479
0.9999999924620795
0.9999999923554286
0.9999999922789473
0.9999999922329373
0.9999999922175805
0.9999999922329375
0.9999999922789473
0.9999999923554288
0.9999999924620796
0.9999999925984792
0.9999999927640892
0.9999999929582561
0.9999999931802135
0.9999999934290855
0.9999999937038899
0.9999999940035422
0.9999999943268598
0.9999999946725666
0.9999999950392983
0.9999999954256078
0.9999999958299705
0.9999999962507902
0.9999999966864062
0.9999999971350996
0.9999999975950994
0.9999999980645903
0.9999999985417195
0.9999999990246038
0.9999999995113377
1.0
1.0
0.9999999994869181
0.9999999989758614
0.9999999984688467
0.9999999979678748
0.9999999974749226
0.9999999969919359
0.9999999965208204
0.9999999960634359
0.9999999956215875
0.9999999951970183
0.9999999947914046
0.9999999944063466
0.999999994043364
0.9999999937038899
0.9999999933892636
0.9999999931007267
0.9999999928394182
0.9999999926063693
0.9999999924024996
0.9999999922286137
0.9999999920853979
0.9999999919734175
0.9999999918931144
0.9999999918448051
0.9999999918286809
0.9999999918448053
0.9999999918931145
0.9999999919734175
0.9999999920853979
0.9999999922286136
0.9999999924024996
0.9999999926063692
0.9999999928394182
0.9999999931007266
0.9999999933892635
0.9999999937038899
0.9999999940433641
0.9999999944063465
0.9999999947914044
0.9999999951970183
0.9999999956215875
0.9999999960634364
0.9999999965208207
0.999999996991936
0.9999999974749227
0.9999999979678749
0.9999999984688468
0.9999999989758618
0.9999999994869182
1.0
1.0
0.9999999994645239
0.9999999989311613
0.9999999984020169
0.9999999978791793
0.9999999973647113
0.9999999968606438
0.9999999963689657
0.9999999958916178
0.999999995430484
0.999999994987384
0.9999999945640664
0.9999999941622019
0.9999999937833767
0.9999999934290856
0.9999999931007268
0.9999999927995964
0.9999999925268825
0.9999999922836618
0.9999999920708937
0.9999999918894182
0.9999999917399516
0.9999999916230837
0.9999999915392754
0.9999999914888579
0.9999999914720299
0.9999999914888579
0.9999999915392755
0.9999999916230837
0.9999999917399516
0.9999999918894182
0.9999999920708936
0.9999999922836617
0.9999999925268823
0.9999999927995963
0.9999999931007268
0.9999999934290855
0.9999999937833767
0.999999994162202
0.9999999945640663
0.999999994987384
0.9999999954304842
0.9999999958916183
0.9999999963689661
0.9999999968606439
0.9999999973647115
0.9999999978791793
0.999999998402017
0.9999999989311614
0.9999999994645239
1.0
1.0
0.999999999444243
0.9999999988906793
0.9999999983414936
0.9999999977988534
0.9999999972649004
0.9999999967417412
0.9999999962314411
0.9999999957360137
0.9999999952574145
0.999999994797532
0.9999999943581813
0.9999999939410964
0.9999999935479232
0.9999999931802135
0.9999999928394182
0.9999999925268825
0.9999999922438397
0.9999999919914069
0.9999999917705803
0.9999999915822316
0.999999991427104
0.9999999913058095
0.9999999912188272
0.9999999911665002
0.9999999911490348
0.9999999911665003
0.9999999912188272
0.9999999913058096
0.9999999914271039
0.9999999915822315
0.9999999917705803
0.9999999919914068
0.9999999922438395
0.9999999925268823
0.9999999928394181
0.9999999931802135
0.9999999935479232
0.9999999939410964
0.9999999943581814
0.9999999947975322
0.9999999952574147
0.9999999957360142
0.9999999962314414
0.9999999967417416
0.9999999972649003
0.9999999977988535
0.9999999983414939
0.9999999988906795
0.9999999994442431
1.0
1.0
0.9999999994261551
0.9999999988545751
0.9999999982875157
0.9999999977272148
0.9999999971758834
0.9999999966356977
0.9999999961087892
0.9999999955972376
0.9999999951030618
0.999999994628212
0.9999999941745622
0.9999999937439027
0.9999999933379332
0.9999999929582559
0.9999999926063693
0.9999999922836617
0.9999999919914071
0.9999999917307585
0.9999999915027449
0.999999991308266
0.9999999911480896
0.9999999910228475
0.9999999909330343
0.9999999908790042
0.9999999908609704
0.9999999908790039
0.999999990933034
0.9999999910228475
0.9999999911480896
0.999999991308266
0.9999999915027449
0.9999999917307584
0.9999999919914068
0.9999999922836614
0.9999999926063692
0.999999992958256
0.9999999933379333
0.9999999937439027
0.9999999941745623
0.9999999946282122
0.9999999951030621
0.9999999955972381
0.9999999961087895
0.9999999966356978
0.9999999971758836
0.9999999977272149
0.9999999982875158
0.9999999988545754
0.9999999994261551
1.0
1.0
0.999999999410332
0.9999999988229916
0.9999999982402963
0.9999999976645456
0.9999999970980121
0.9999999965429315
0.9999999960014941
0.9999999954758373
0.9999999949680352
0.9999999944800919
0.9999999940139335
0.9999999935713991
0.9999999931542355
0.999999992764089
0.9999999924024994
0.9999999920708935
0.9999999917705803
0.9999999915027448
0.9999999912684442
0.9999999910686029
0.9999999909040096
0.9999999907753142
0.9999999906830245
0.9999999906275044
0.9999999906089734
0.9999999906275044
0.9999999906830245
0.9999999907753142
0.9999999909040096
0.9999999910686029
0.9999999912684442
0.9999999915027449
0.9999999917705802
0.9999999920708935
0.9999999924024993
0.999999992764089
0.9999999931542355
0.999999993571399
0.9999999940139335
0.9999999944800921
0.9999999949680355
0.9999999954758376
0.9999999960014944
0.9999999965429315
0.9999999970980122
0.9999999976645458
0.9999999982402964
0.9999999988229918
0.9999999994103324
1.0
1.0
0.9999999993968363
0.9999999987960531
0.9999999982000214
0.9999999976110936
0.9999999970315936
0.9999999964638088
0.9999999959099795
0.9999999953722916
0.9999999948528673
0.9999999943537565
0.9999999938769287
0.999999993424266
0.9999999929975547
0.9999999925984789
0.9999999922286135
0.9999999918894181
0.9999999915822315
0.9999999913082661
0.9999999910686029
0.9999999908641878
0.9999999906958275
0.9999999905641865
0.9999999904697845
0.9999999904129938
0.9999999903940386
0.9999999904129938
0.9999999904697844
0.9999999905641864
0.9999999906958276
0.9999999908641878
0.9999999910686029
0.9999999913082661
0.9999999915822315
0.9999999918894182
0.9999999922286134
0.999999992598479
0.9999999929975549
0.999999993424266
0.9999999938769288
0.9999999943537566
0.9999999948528675
0.9999999953722919
0.9999999959099796
0.9999999964638088
0.9999999970315937
0.9999999976110937
0.9999999982000216
0.9999999987960533
0.9999999993968364
1.0
1.0
0.9999999993857208
0.999999998773866
0.9999999981668504
0.9999999975670694
0.99999999697689
0.9999999963986418
0.9999999958346062
0.9999999952870094
0.9999999947580129
0.9999999942497041
0.9999999937640892
0.9999999933030843
0.9999999928685094
0.9999999924620793
0.9999999920853977
0.9999999917399514
0.9999999914271037
0.9999999911480895
0.9999999909040095
0.9999999906958273
0.9999999905243644
0.9999999903902977
0.999999990294156
0.9999999902363187
0.999999990217014
0.9999999902363187
0.9999999902941559
0.9999999903902977
0.9999999905243647
0.9999999906958276
0.9999999909040096
0.9999999911480896
0.9999999914271038
0.9999999917399515
0.9999999920853977
0.9999999924620793
0.9999999928685096
0.9999999933030846
0.9999999937640892
0.9999999942497043
0.9999999947580132
0.9999999952870097
0.9999999958346062
0.9999999963986417
0.9999999969768901
0.9999999975670695
0.9999999981668504
0.9999999987738661
0.9999999993857208
1.0
1.0
0.9999999993770297
0.9999999987565181
0.9999999981409139
0.9999999975326468
0.9999999969341172
0.9999999963476875
0.9999999957756717
0.9999999952203273
0.9999999946838463
0.9999999941683456
0.9999999936758597
0.9999999932083324
0.9999999927676086
0.999999992355428
0.999999991973417
0.9999999916230833
0.9999999913058093
0.9999999910228473
0.9999999907753141
0.9999999905641863
0.9999999903902976
0.999999990254334
0.9999999901568319
0.9999999900981764
0.9999999900785987
0.9999999900981764
0.9999999901568319
0.999999990254334
0.9999999903902976
0.9999999905641865
0.9999999907753142
0.9999999910228474
0.9999999913058095
0.9999999916230834
0.9999999919734172
0.9999999923554284
0.999999992767609
0.9999999932083327
0.99999999367586
0.9999999941683457
0.9999999946838464
0.9999999952203275
0.9999999957756718
0.9999999963476875
0.9999999969341172
0.9999999975326468
0.9999999981409139
0.999999998756518
0.9999999993770297
1.0
1.0
0.999999999370797
0.9999999987440775
0.9999999981223145
0.9999999975079618
0.9999999969034441
0.9999999963111473
0.9999999957334087
0.9999999951725083
0.9999999946306599
0.9999999941100018
0.9999999936125888
0.9999999931403841
0.9999999926952511
0.9999999922789466
0.9999999918931138
0.9999999915392751
0.9999999912188269
0.9999999909330339
0.9999999906830241
0.9999999904697842
0.9999999902941558
0.9999999901568318
0.9999999900583544
0.9999999899991119
0.9999999899793385
0.9999999899991119
0.9999999900583544
0.9999999901568319
0.9999999902941559
0.9999999904697844
0.9999999906830245
0.999999990933034
0.999999991218827
0.9999999915392752
0.9999999918931141
0.9999999922789471
0.9999999926952514
0.9999999931403845
0.9999999936125892
0.9999999941100021
0.9999999946306604
0.9999999951725087
0.9999999957334089
0.9999999963111474
0.9999999969034442
0.9999999975079619
0.9999999981223145
0.9999999987440775
0.9999999993707971
1.0
1.0
0.9999999993670478
0.9999999987365933
0.9999999981111253
0.9999999974931116
0.9999999968849917
0.9999999962891652
0.9999999957079839
0.999999995143741
0.9999999945986638
0.999999994074903
0.9999999935745261
0.9999999930995075
0.9999999926517219
0.9999999922329368
0.9999999918448046
0.9999999914888574
0.9999999911664996
0.9999999908790037
0.9999999906275042
0.9999999904129935
0.9999999902363185
0.9999999900981763
0.9999999899991119
0.9999999899395164
0.9999999899196251
0.9999999899395163
0.9999999899991119
0.9999999900981763
0.9999999902363187
0.9999999904129937
0.9999999906275042
0.9999999908790038
0.9999999911665
0.9999999914888578
0.9999999918448051
0.9999999922329372
0.9999999926517225
0.9999999930995079
0.9999999935745265
0.9999999940749035
0.9999999945986643
0.9999999951437415
0.9999999957079843
0.9999999962891655
0.999999996884992
0.9999999974931119
0.9999999981111255
0.9999999987365935
0.9999999993670476
1.0
1.0
0.9999999993657962
0.9999999987340954
0.9999999981073907
0.9999999974881552
0.9999999968788327
0.9999999962818283
0.9999999956994978
0.9999999951341393
0.9999999945879843
0.9999999940631881
0.9999999935618216
0.999999993085864
0.9999999926371931
0.9999999922175798
0.9999999918286804
0.9999999914720291
0.9999999911490342
0.9999999908609699
0.999999990608973
0.9999999903940383
0.9999999902170139
0.9999999900785985
0.9999999899793384
0.999999989919625
0.9999999898996944
0.9999999899196251
0.9999999899793384
0.9999999900785986
0.9999999902170139
0.9999999903940384
0.9999999906089732
0.9999999908609701
0.9999999911490346
0.9999999914720297
0.9999999918286807
0.9999999922175805
0.9999999926371935
0.9999999930858645
0.9999999935618225
0.9999999940631886
0.9999999945879849
0.9999999951341398
0.9999999956994983
0.9999999962818288
0.9999999968788331
0.9999999974881555
0.9999999981073908
0.9999999987340957
0.9999999993657962
1.0
1.0
0.9999999993670475
0.9999999987365933
0.9999999981111252
0.9999999974931115
0.9999999968849916
0.999999996289165
0.9999999957079837
0.9999999951437409
0.9999999945986637
0.999999994074903
0.999999993574526
0.9999999930995074
0.9999999926517219
0.9999999922329367
0.9999999918448045
0.9999999914888571
0.9999999911664994
0.9999999908790035
0.999999990627504
0.9999999904129935
0.9999999902363184
0.9999999900981761
0.9999999899991117
0.9999999899395162
0.9999999899196248
0.9999999899395163
0.9999999899991118
0.9999999900981762
0.9999999902363184
0.9999999904129935
0.9999999906275043
0.9999999908790038
0.9999999911664997
0.9999999914888574
0.9999999918448049
0.9999999922329371
0.9999999926517223
0.9999999930995078
0.9999999935745265
0.9999999940749035
0.9999999945986643
0.9999999951437415
0.9999999957079843
0.9999999962891658
0.9999999968849921
0.9999999974931121
0.9999999981111255
0.9999999987365936
0.9999999993670478
1.0
1.0
0.9999999993707969
0.9999999987440773
0.9999999981223142
0.9999999975079618
0.999999996903444
0.999999996311147
0.9999999957334084
0.9999999951725079
0.9999999946306596
0.9999999941100015
0.9999999936125886
0.999999993140384
0.9999999926952509
0.9999999922789464
0.9999999918931135
0.9999999915392748
0.9999999912188264
0.9999999909330337
0.9999999906830238
0.9999999904697839
0.9999999902941554
0.9999999901568315
0.9999999900583539
0.9999999899991114
0.999999989979338
0.9999999899991115
0.999999990058354
0.9999999901568316
0.9999999902941555
0.9999999904697842
0.9999999906830241
0.9999999909330338
0.9999999912188269
0.999999991539275
0.999999991893114
0.9999999922789471
0.9999999926952514
0.9999999931403846
0.9999999936125893
0.9999999941100022
0.9999999946306601
0.9999999951725087
0.9999999957334089
0.9999999963111478
0.9999999969034445
0.9999999975079623
0.9999999981223149
0.9999999987440777
0.9999999993707973
1.0
1.0
0.9999999993770297
0.9999999987565179
0.9999999981409138
0.9999999975326467
0.9999999969341171
0.9999999963476871
0.9999999957756712
0.999999995220327
0.9999999946838458
0.9999999941683453
0.9999999936758595
0.9999999932083321
0.9999999927676085
0.9999999923554278
0.9999999919734166
0.9999999916230828
0.9999999913058087
0.9999999910228469
0.9999999907753135
0.9999999905641859
0.9999999903902971
0.9999999902543334
0.9999999901568313
0.9999999900981759
0.9999999900785983
0.9999999900981759
0.9999999901568316
0.9999999902543336
0.9999999903902973
0.9999999905641861
0.9999999907753138
0.999999991022847
0.9999999913058092
0.9999999916230831
0.9999999919734169
0.9999999923554282
0.9999999927676091
0.9999999932083328
0.9999999936758601
0.9999999941683457
0.9999999946838465
0.9999999952203277
0.9999999957756721
0.9999999963476879
0.9999999969341179
0.9999999975326473
0.9999999981409144
0.9999999987565185
0.9999999993770299
1.0
1.0
0.9999999993857208
0.999999998773866
0.9999999981668504
0.9999999975670693
0.9999999969768899
0.9999999963986413
0.9999999958346056
0.999999995287009
0.9999999947580124
0.9999999942497036
0.9999999937640888
0.9999999933030842
0.9999999928685089
0.9999999924620786
0.9999999920853971
0.9999999917399509
0.9999999914271032
0.9999999911480888
0.999999990904009
0.9999999906958267
0.9999999905243638
0.9999999903902971
0.9999999902941553
0.999999990236318
0.9999999902170135
0.999999990236318
0.9999999902941554
0.9999999903902973
0.9999999905243643
0.999999990695827
0.9999999909040092
0.9999999911480891
0.9999999914271035
0.999999991739951
0.9999999920853976
0.9999999924620793
0.9999999928685096
0.9999999933030846
0.9999999937640894
0.9999999942497044
0.9999999947580133
0.99999999528701
0.9999999958346066
0.9999999963986421
0.9999999969768906
0.9999999975670699
0.9999999981668508
0.9999999987738666
0.9999999993857211
1.0
1.0
0.999999999396836
0.999999998796053
0.9999999982000213
0.9999999976110934
0.9999999970315934
0.9999999964638083
0.999999995909979
0.9999999953722911
0.999999994852867
0.9999999943537561
0.9999999938769283
0.9999999934242656
0.999999992997554
0.9999999925984782
0.9999999922286129
0.9999999918894175
0.999999991582231
0.9999999913082652
0.999999991068602
0.9999999908641868
0.9999999906958267
0.9999999905641856
0.9999999904697836
0.999999990412993
0.999999990394038
0.9999999904129933
0.999999990469784
0.9999999905641861
0.999999990695827
0.9999999908641873
0.9999999910686024
0.9999999913082656
0.9999999915822311
0.9999999918894177
0.9999999922286132
0.9999999925984787
0.9999999929975547
0.999999993424266
0.999999993876929
0.9999999943537567
0.9999999948528677
0.9999999953722921
0.9999999959099798
0.9999999964638091
0.9999999970315939
0.9999999976110939
0.9999999982000218
0.9999999987960535
0.9999999993968366
1.0
1.0
0.9999999994103319
0.9999999988229914
0.9999999982402961
0.9999999976645455
0.9999999970980119
0.999999996542931
0.9999999960014937
0.9999999954758368
0.9999999949680346
0.9999999944800916
0.9999999940139327
0.9999999935713985
0.9999999931542348
0.9999999927640884
0.9999999924024988
0.999999992070893
0.9999999917705796
0.999999991502744
0.9999999912684432
0.9999999910686019
0.9999999909040086
0.9999999907753133
0.9999999906830235
0.9999999906275038
0.9999999906089728
0.9999999906275039
0.999999990683024
0.9999999907753139
0.9999999909040093
0.9999999910686025
0.9999999912684436
0.9999999915027443
0.9999999917705799
0.9999999920708931
0.999999992402499
0.9999999927640888
0.9999999931542353
0.9999999935713991
0.9999999940139336
0.9999999944800921
0.9999999949680354
0.9999999954758376
0.9999999960014946
0.9999999965429317
0.9999999970980123
0.9999999976645461
0.9999999982402965
0.9999999988229918
0.9999999994103324
1.0
1.0
0.9999999994261551
0.9999999988545749
0.9999999982875155
0.9999999977272147
0.9999999971758832
0.9999999966356974
0.9999999961087888
0.9999999955972372
0.9999999951030613
0.9999999946282115
0.9999999941745616
0.9999999937439021
0.9999999933379325
0.9999999929582553
0.9999999926063685
0.9999999922836609
0.9999999919914061
0.9999999917307576
0.9999999915027441
0.9999999913082651
0.9999999911480887
0.9999999910228465
0.9999999909330333
0.9999999908790033
0.9999999908609695
0.9999999908790035
0.9999999909330337
0.9999999910228471
0.9999999911480891
0.9999999913082656
0.9999999915027443
0.9999999917307578
0.9999999919914062
0.9999999922836611
0.9999999926063687
0.9999999929582556
0.9999999933379332
0.9999999937439027
0.9999999941745623
0.9999999946282122
0.999999995103062
0.999999995597238
0.9999999961087895
0.9999999966356977
0.9999999971758836
0.999999997727215
0.9999999982875161
0.9999999988545752
0.9999999994261553
1.0
1.0
0.9999999994442428
0.999999998890679
0.9999999983414933
0.9999999977988532
0.9999999972649
0.9999999967417408
0.9999999962314406
0.9999999957360134
0.999999995257414
0.9999999947975314
0.9999999943581808
0.9999999939410957
0.9999999935479227
0.9999999931802129
0.9999999928394177
0.9999999925268818
0.9999999922438388
0.9999999919914059
0.9999999917705794
0.9999999915822307
0.999999991427103
0.9999999913058086
0.9999999912188262
0.9999999911664993
0.999999991149034
0.9999999911664996
0.9999999912188267
0.999999991305809
0.9999999914271033
0.999999991582231
0.9999999917705799
0.9999999919914062
0.9999999922438391
0.9999999925268818
0.9999999928394177
0.9999999931802132
0.999999993547923
0.9999999939410964
0.9999999943581813
0.999999994797532
0.9999999952574146
0.9999999957360138
0.9999999962314412
0.9999999967417414
0.9999999972649003
0.9999999977988535
0.9999999983414939
0.9999999988906794
0.999999999444243
1.0
1.0
0.9999999994645234
0.999999998931161
0.9999999984020168
0.9999999978791789
0.9999999973647109
0.9999999968606432
0.9999999963689653
0.9999999958916174
0.9999999954304833
0.9999999949873832
0.9999999945640656
0.9999999941622012
0.9999999937833758
0.9999999934290847
0.999999993100726
0.9999999927995955
0.9999999925268815
0.9999999922836608
0.9999999920708927
0.9999999918894174
0.9999999917399507
0.9999999916230826
0.9999999915392744
0.999999991488857
0.9999999914720291
0.9999999914888571
0.9999999915392748
0.999999991623083
0.9999999917399509
0.9999999918894176
0.999999992070893
0.9999999922836608
0.9999999925268818
0.9999999927995955
0.9999999931007263
0.9999999934290851
0.9999999937833762
0.9999999941622016
0.9999999945640661
0.9999999949873837
0.999999995430484
0.9999999958916179
0.9999999963689656
0.9999999968606438
0.9999999973647113
0.9999999978791793
0.999999998402017
0.9999999989311613
0.999999999464524
1.0
1.0
0.9999999994869181
0.9999999989758612
0.9999999984688466
0.9999999979678745
0.9999999974749223
0.9999999969919354
0.99999999652082
0.9999999960634354
0.9999999956215867
0.9999999951970174
0.9999999947914037
0.9999999944063457
0.9999999940433634
0.9999999937038891
0.9999999933892628
0.9999999931007258
0.9999999928394172
0.9999999926063682
0.9999999924024984
0.9999999922286128
0.9999999920853969
0.9999999919734165
0.9999999918931133
0.9999999918448043
0.9999999918286802
0.9999999918448045
0.9999999918931136
0.9999999919734168
0.9999999920853972
0.9999999922286129
0.9999999924024988
0.9999999926063684
0.9999999928394174
0.999999993100726
0.9999999933892629
0.9999999937038891
0.9999999940433635
0.9999999944063461
0.9999999947914039
0.999999995197018
0.9999999956215873
0.9999999960634359
0.9999999965208204
0.9999999969919359
0.9999999974749225
0.9999999979678746
0.9999999984688469
0.9999999989758617
0.9999999994869183
1.0
1.0
0.9999999995113372
0.9999999990246033
0.9999999985417191
0.9999999980645898
0.999999997595099
0.999999997135099
0.9999999966864053
0.9999999962507893
0.9999999958299696
0.999999995425607
0.9999999950392976
0.9999999946725657
0.9999999943268589
0.9999999940035413
0.9999999937038891
0.9999999934290846
0.9999999931802126
0.999999992958255
0.9999999927640882
0.999999992598478
0.9999999924620783
0.9999999923554275
0.9999999922789463
0.9999999922329365
0.9999999922175796
0.9999999922329366
0.9999999922789465
0.9999999923554279
0.9999999924620789
0.9999999925984786
0.9999999927640887
0.9999999929582553
0.9999999931802126
0.9999999934290846
0.9999999937038891
0.9999999940035416
0.9999999943268593
0.9999999946725662
0.9999999950392978
0.9999999954256074
0.99999999582997
0.99999999625079
0.9999999966864059
0.9999999971350992
0.999999997595099
0.9999999980645901
0.9999999985417194
0.9999999990246039
0.9999999995113376
1.0
1.0
0.999999999537685
0.9999999990771948
0.9999999986203466
0.9999999981689436
0.9999999977247666
0.999999997289569
0.999999996865068
0.9999999964529395
0.9999999960548095
0.9999999956722495
0.9999999953067692
0.999999994959811
0.999999994632744
0.9999999943268592
0.9999999940433635
0.9999999937833759
0.9999999935479225
0.9999999933379324
0.9999999931542346
0.9999999929975539
0.9999999928685087
0.9999999927676082
0.9999999926952506
0.9999999926517218
0.999999992637193
0.9999999926517219
0.9999999926952511
0.9999999927676086
0.9999999928685094
0.9999999929975546
0.9999999931542352
0.9999999933379329
0.9999999935479226
0.9999999937833759
0.9999999940433634
0.9999999943268593
0.999999994632744
0.9999999949598111
0.9999999953067694
0.9999999956722498
0.9999999960548098
0.9999999964529399
0.9999999968650685
0.9999999972895692
0.9999999977247668
0.9999999981689439
0.9999999986203473
0.9999999990771952
0.9999999995376853
1.0
1.0
0.9999999995658573
0.9999999991334283
0.9999999987044191
0.9999999982805234
0.9999999978634134
0.9999999974547358
0.9999999970561028
0.9999999966690882
0.9999999962952194
0.9999999959359717
0.9999999955927629
0.9999999952669474
0.999999994959811
0.9999999946725661
0.9999999944063459
0.9999999941622013
0.9999999939410958
0.9999999937439021
0.9999999935713985
0.9999999934242654
0.9999999933030838
0.9999999932083319
0.9999999931403837
0.9999999930995073
0.9999999930858641
0.9999999930995075
0.999999993140384
0.9999999932083323
0.9999999933030844
0.999999993424266
0.9999999935713989
0.9999999937439024
0.999999993941096
0.9999999941622012
0.9999999944063459
0.9999999946725661
0.9999999949598111
0.9999999952669475
0.9999999955927631
0.9999999959359719
0.9999999962952196
0.9999999966690887
0.9999999970561033
0.999999997454736
0.9999999978634139
0.9999999982805239
0.9999999987044197
0.9999999991334286
0.9999999995658575
1.0
1.0
0.9999999995957429
0.9999999991930815
0.9999999987936049
0.9999999983988894
0.9999999980104924
0.9999999976299473
0.9999999972587558
0.9999999968983827
0.9999999965502504
0.9999999962157327
0.9999999958961499
0.999999995592763
0.9999999953067693
0.9999999950392978
0.9999999947914038
0.9999999945640659
0.999999994358181
0.9999999941745618
0.9999999940139327
0.9999999938769282
0.9999999937640887
0.9999999936758593
0.9999999936125885
0.9999999935745261
0.9999999935618219
0.9999999935745262
0.9999999936125888
0.9999999936758598
0.9999999937640892
0.9999999938769287
0.9999999940139332
0.9999999941745618
0.999999994358181
0.9999999945640659
0.9999999947914038
0.9999999950392978
0.9999999953067694
0.9999999955927632
0.9999999958961502
0.999999996215733
0.9999999965502508
0.9999999968983833
0.9999999972587562
0.999999997629948
0.9999999980104929
0.9999999983988898
0.9999999987936053
0.9999999991930819
0.9999999995957433
1.0
1.0
0.9999999996272241
0.9999999992559194
0.9999999988875514
0.999999998523574
0.9999999981654232
0.9999999978145128
0.9999999974722273
0.999999997139918
0.9999999968188961
0.9999999965104285
0.9999999962157329
0.999999995935972
0.9999999956722498
0.9999999954256074
0.9999999951970179
0.9999999949873836
0.9999999947975318
0.9999999946282115
0.9999999944800916
0.9999999943537561
0.9999999942497039
0.9999999941683454
0.999999994110002
0.9999999940749035
0.9999999940631884
0.9999999940749036
0.9999999941100021
0.9999999941683457
0.9999999942497043
0.9999999943537565
0.999999994480092
0.9999999946282119
0.9999999947975319
0.9999999949873835
0.9999999951970178
0.9999999954256074
0.9999999956722498
0.9999999959359721
0.9999999962157331
0.9999999965104289
0.9999999968188964
0.9999999971399184
0.9999999974722278
0.9999999978145131
0.9999999981654236
0.9999999985235745
0.999999998887552
0.99999999925592
0.9999999996272244
1.0
1.0
0.9999999996601764
0.9999999993216939
0.9999999989858885
0.9999999986540856
0.9999999983275942
0.9999999980077031
0.9999999976956747
0.9999999973927406
0.999999997100096
0.9999999968188962
0.9999999965502507
0.9999999962952197
0.9999999960548098
0.9999999958299699
0.999999995621587
0.9999999954304838
0.9999999952574142
0.9999999951030615
0.9999999949680349
0.999999994852867
0.9999999947580128
0.9999999946838463
0.9999999946306599
0.9999999945986642
0.9999999945879847
0.9999999945986643
0.9999999946306604
0.9999999946838465
0.9999999947580132
0.9999999948528675
0.9999999949680354
0.999999995103062
0.9999999952574146
0.9999999954304838
0.999999995621587
0.9999999958299699
0.99999999605481
0.9999999962952201
0.999999996550251
0.9999999968188966
0.9999999971000965
0.9999999973927409
0.999999997695675
0.9999999980077036
0.9999999983275946
0.999999998654086
0.999999998985889
0.9999999993216944
0.9999999996601766
1.0
1.0
0.9999999996944696
0.9999999993901453
0.9999999990882279
0.9999999987899089
0.9999999984963656
0.9999999982087562
0.9999999979282163
0.9999999976558529
0.9999999973927407
0.9999999971399182
0.999999996898383
0.9999999966690887
0.9999999964529398
0.9999999962507897
0.9999999960634358
0.9999999958916177
0.9999999957360136
0.9999999955972375
0.9999999954758371
0.9999999953722915
0.9999999952870093
0.9999999952203273
0.9999999951725084
0.9999999951437415
0.9999999951341398
0.9999999951437414
0.9999999951725088
0.9999999952203278
0.9999999952870098
0.999999995372292
0.9999999954758376
0.9999999955972378
0.9999999957360138
0.9999999958916178
0.9999999960634357
0.9999999962507897
0.9999999964529399
0.9999999966690889
0.9999999968983834
0.9999999971399185
0.999999997392741
0.9999999976558532
0.9999999979282167
0.9999999982087566
0.9999999984963658
0.9999999987899092
0.9999999990882282
0.9999999993901456
0.99999999969447
1.0
1.0
0.9999999997299687
0.9999999994610036
0.9999999991941656
0.9999999989305078
0.9999999986710708
0.9999999984168787
0.9999999981689344
0.9999999979282165
0.999999997695675
0.9999999974722277
0.9999999972587561
0.9999999970561032
0.9999999968650685
0.9999999966864057
0.9999999965208203
0.9999999963689656
0.999999996231441
0.9999999961087892
0.999999996001494
0.9999999959099793
0.999999995834606
0.9999999957756717
0.9999999957334088
0.9999999957079843
0.9999999956994983
0.9999999957079844
0.9999999957334089
0.999999995775672
0.9999999958346065
0.9999999959099798
0.9999999960014945
0.9999999961087895
0.9999999962314411
0.9999999963689656
0.9999999965208204
0.9999999966864057
0.9999999968650685
0.9999999970561033
0.9999999972587563
0.9999999974722279
0.9999999976956753
0.9999999979282168
0.9999999981689347
0.9999999984168791
0.9999999986710713
0.9999999989305082
0.9999999991941657
0.9999999994610037
0.9999999997299691
1.0
1.0
0.9999999997665339
0.9999999995339891
0.9999999993032834
0.9999999990753277
0.9999999988510211
0.999999998631249
0.9999999984168789
0.9999999982087565
0.9999999980077033
0.999999997814513
0.9999999976299477
0.9999999974547361
0.9999999972895691
0.9999999971350991
0.9999999969919356
0.9999999968606437
0.9999999967417411
0.9999999966356974
0.9999999965429314
0.9999999964638084
0.9999999963986416
0.9999999963476875
0.9999999963111476
0.9999999962891657
0.9999999962818288
0.9999999962891658
0.9999999963111477
0.9999999963476878
0.999999996398642
0.9999999964638089
0.9999999965429317
0.9999999966356978
0.9999999967417412
0.9999999968606438
0.9999999969919359
0.9999999971350991
0.9999999972895692
0.999999997454736
0.999999997629948
0.9999999978145132
0.9999999980077037
0.9999999982087568
0.9999999984168791
0.9999999986312493
0.9999999988510213
0.9999999990753278
0.9999999993032836
0.9999999995339891
0.999999999766534
1.0
1.0
0.9999999998040199
0.9999999996088136
0.9999999994151509
0.9999999992237967
0.9999999990355058
0.9999999988510213
0.9999999986710713
0.9999999984963658
0.9999999983275946
0.9999999981654235
0.9999999980104929
0.9999999978634136
0.9999999977247669
0.999999997595099
0.9999999974749225
0.9999999973647112
0.9999999972649003
0.9999999971758834
0.9999999970980121
0.9999999970315937
0.9999999969768902
0.9999999969341176
0.9999999969034444
0.9999999968849922
0.9999999968788332
0.9999999968849922
0.9999999969034447
0.9999999969341177
0.9999999969768905
0.9999999970315938
0.9999999970980125
0.9999999971758836
0.9999999972649003
0.9999999973647113
0.9999999974749226
0.9999999975950992
0.9999999977247669
0.9999999978634138
0.999999998010493
0.9999999981654237
0.9999999983275947
0.999999998496366
0.9999999986710715
0.9999999988510214
0.9999999990355061
0.999999999223797
0.9999999994151513
0.9999999996088138
0.9999999998040201
1.0
1.0
0.9999999998422798
0.9999999996851818
0.9999999995293266
0.999999999375329
0.9999999992237969
0.9999999990753279
0.9999999989305081
0.9999999987899091
0.9999999986540861
0.9999999985235745
0.9999999983988896
0.9999999982805237
0.9999999981689436
0.9999999980645901
0.9999999979678746
0.9999999978791791
0.9999999977988535
0.9999999977272147
0.9999999976645456
0.9999999976110936
0.9999999975670696
0.9999999975326471
0.9999999975079622
0.9999999974931121
0.9999999974881556
0.9999999974931121
0.9999999975079623
0.9999999975326472
0.9999999975670697
0.9999999976110938
0.999999997664546
0.9999999977272149
0.9999999977988535
0.9999999978791793
0.9999999979678749
0.9999999980645903
0.9999999981689438
0.9999999982805237
0.9999999983988896
0.9999999985235745
0.999999998654086
0.9999999987899092
0.9999999989305084
0.999999999075328
0.9999999992237969
0.9999999993753294
0.9999999995293269
0.999999999685182
0.9999999998422798
1.0
1.0
0.9999999998811616
0.9999999997627926
0.99999999964536
0.9999999995293268
0.9999999994151512
0.9999999993032838
0.9999999991941658
0.9999999990882283
0.999999998985889
0.9999999988875519
0.9999999987936052
0.9999999987044195
0.9999999986203469
0.9999999985417193
0.9999999984688468
0.9999999984020171
0.9999999983414938
0.9999999982875157
0.9999999982402964
0.9999999982000217
0.9999999981668507
0.9999999981409142
0.9999999981223148
0.9999999981111256
0.9999999981073912
0.9999999981111257
0.999999998122315
0.9999999981409143
0.9999999981668508
0.9999999982000218
0.9999999982402964
0.999999998287516
0.9999999983414939
0.9999999984020173
0.999999998468847
0.9999999985417194
0.9999999986203469
0.9999999987044196
0.9999999987936053
0.999999998887552
0.999999998985889
0.9999999990882283
0.9999999991941658
0.9999999993032838
0.9999999994151512
0.9999999995293269
0.9999999996453599
0.9999999997627929
0.999999999881162
1.0
1.0
0.999999999920513
0.9999999998413398
0.9999999997627927
0.999999999685182
0.9999999996088138
0.9999999995339892
0.9999999994610037
0.9999999993901457
0.9999999993216943
0.9999999992559199
0.9999999991930819
0.9999999991334286
0.9999999990771953
0.9999999990246037
0.9999999989758618
0.9999999989311614
0.9999999988906793
0.9999999988545752
0.9999999988229916
0.9999999987960533
0.9999999987738662
0.9999999987565183
0.9999999987440777
0.9999999987365938
0.9999999987340958
0.9999999987365938
0.9999999987440777
0.9999999987565182
0.9999999987738664
0.9999999987960534
0.9999999988229918
0.9999999988545754
0.9999999988906796
0.9999999989311615
0.9999999989758618
0.9999999990246039
0.9999999990771953
0.9999999991334286
0.999999999193082
0.99999999925592
0.9999999993216944
0.9999999993901456
0.9999999994610038
0.9999999995339891
0.9999999996088137
0.999999999685182
0.9999999997627927
0.9999999998413398
0.999999999920513
1.0
1.0
0.9999999999601779
0.9999999999205129
0.999999999881162
0.9999999998422798
0.9999999998040201
0.9999999997665339
0.999999999729969
0.9999999996944698
0.9999999996601766
0.9999999996272242
0.9999999995957431
0.9999999995658575
0.9999999995376854
0.9999999995113376
0.9999999994869183
0.999999999464524
0.999999999444243
0.9999999994261554
0.9999999994103322
0.9999999993968365
0.999999999385721
0.9999999993770299
0.9999999993707973
0.999999999367048
0.9999999993657964
0.999999999367048
0.9999999993707974
0.9999999993770299
0.9999999993857209
0.9999999993968364
0.9999999994103322
0.9999999994261553
0.9999999994442431
0.999999999464524
0.9999999994869183
0.9999999995113377
0.9999999995376854
0.9999999995658577
0.9999999995957434
0.9999999996272244
0.9999999996601766
0.99999999969447
0.9999999997299691
0.999999999766534
0.9999999998040201
0.9999999998422797
0.999999999881162
0.9999999999205129
0.9999999999601779
1.0
1.0
1.0
1.0
1.0
1.0
1.0
1.0
1.0
1.0
1.0
1.0
1.0
1.0
1.0
1.0
1.0
1.0
1.0
1.0
1.0
1.0
1.0
1.0
1.0
1.0
1.0
1.0
1.0
1.0
1.0
1.0
1.0
1.0
1.0
1.0
1.0
1.0
1.0
1.0
1.0
1.0
1.0
1.0
1.0
1.0
1.0
1.0
1.0
1.0
1.0
1.0
